#1


float Room-137 (4371,2)
0.0,0
31.0,1
31.25,0
32.5,1
32.75,0
33.0,1
33.25,0
33.5,1
36.25,0
36.5,1
37.0,0
37.25,1
37.75,0
38.25,1
40.5,0
41.5,1
41.75,0
54.75,1
55.25,0
56.25,1
56.5,0
57.0,1
57.75,0
58.0,1
58.25,0
58.5,1
59.0,0
59.25,1
60.0,0
60.25,1
60.5,0
61.0,1
61.25,0
61.5,1
62.25,0
62.5,1
63.0,0
63.5,1
64.0,0
64.25,1
64.5,0
65.0,1
65.25,0
65.75,1
66.0,0
68.25,1
68.5,0
80.5,1
81.0,0
81.25,1
82.25,0
82.5,1
84.25,0
84.5,1
84.75,0
85.0,1
86.75,0
87.0,1
88.25,0
88.5,1
88.75,0
89.0,1
89.25,0
89.75,1
90.0,0
92.25,1
92.5,0
102.75,1
103.0,0
105.25,1
109.25,0
110.0,1
110.25,0
110.5,1
111.5,0
111.75,1
112.25,0
113.0,1
113.25,0
127.0,1
127.25,0
128.75,1
129.0,0
129.75,1
130.75,0
131.0,1
132.25,0
132.5,1
133.0,0
133.25,1
133.5,0
133.75,1
135.0,0
135.25,1
135.75,0
136.0,1
136.5,0
136.75,1
137.0,0
142.0,1
142.25,0
199.5,1
199.75,0
200.25,1
200.5,0
200.75,1
201.25,0
201.5,1
202.25,0
202.5,1
202.75,0
203.0,1
203.25,0
203.75,1
204.0,0
204.25,1
205.0,0
205.25,1
205.75,0
206.0,1
206.5,0
206.75,1
207.5,0
208.25,1
208.5,0
222.25,1
222.5,0
225.0,1
225.75,0
226.0,1
226.75,0
227.0,1
227.75,0
228.0,1
229.75,0
230.25,1
230.5,0
231.0,1
231.25,0
231.5,1
232.75,0
233.0,1
233.25,0
236.75,1
237.0,0
247.75,1
248.0,0
249.0,1
249.25,0
249.5,1
250.0,0
250.25,1
253.25,0
253.5,1
256.75,0
270.0,1
270.5,0
273.25,1
276.0,0
276.25,1
279.0,0
279.25,1
281.0,0
285.5,1
286.0,0
297.25,1
298.5,0
298.75,1
299.0,0
299.25,1
301.25,0
301.5,1
302.75,0
303.0,1
303.5,0
304.0,1
305.5,0
306.0,1
306.25,0
308.25,1
308.5,0
369.75,1
370.25,0
370.5,1
373.5,0
373.75,1
374.0,0
374.5,1
374.75,0
375.25,1
375.75,0
376.0,1
377.0,0
377.25,1
377.5,0
390.0,1
390.25,0
393.25,1
396.0,0
396.25,1
396.75,0
397.0,1
397.5,0
397.75,1
398.0,0
398.25,1
399.5,0
399.75,1
400.0,0
400.25,1
400.75,0
401.5,1
401.75,0
403.5,1
403.75,0
406.5,1
406.75,0
439.5,1
439.75,0
441.25,1
441.75,0
442.0,1
442.75,0
443.0,1
443.25,0
443.5,1
445.0,0
445.25,1
447.25,0
447.5,1
448.5,0
449.0,1
449.25,0
464.5,1
464.75,0
465.5,1
467.75,0
468.0,1
470.5,0
470.75,1
471.75,0
472.25,1
473.0,0
533.5,1
533.75,0
536.0,1
536.5,0
537.0,1
538.25,0
538.5,1
539.25,0
539.75,1
541.0,0
541.25,1
543.0,0
543.25,1
543.75,0
544.0,1
545.25,0
549.5,1
549.75,0
558.5,1
558.75,0
561.0,1
561.5,0
561.75,1
562.25,0
562.5,1
562.75,0
563.0,1
564.5,0
564.75,1
565.25,0
565.5,1
567.25,0
567.5,1
569.0,0
569.25,1
569.5,0
573.25,1
573.5,0
585.25,1
587.25,0
587.5,1
587.75,0
588.0,1
588.5,0
588.75,1
590.75,0
591.25,1
593.0,0
593.25,1
593.75,0
596.5,1
596.75,0
606.5,1
606.75,0
608.5,1
610.75,0
611.0,1
612.0,0
612.25,1
612.75,0
613.0,1
614.5,0
614.75,1
615.0,0
615.25,1
616.25,0
616.5,1
617.25,0
621.25,1
621.5,0
632.0,1
632.5,0
632.75,1
633.75,0
634.0,1
636.25,0
636.5,1
636.75,0
637.0,1
639.75,0
640.0,1
640.75,0
641.5,1
641.75,0
703.25,1
703.5,0
705.75,1
707.25,0
707.5,1
708.0,0
708.25,1
710.25,0
710.5,1
710.75,0
711.0,1
712.25,0
712.5,1
713.0,0
726.75,1
727.0,0
728.75,1
731.0,0
731.25,1
732.25,0
732.5,1
732.75,0
733.0,1
734.5,0
735.0,1
735.5,0
735.75,1
737.0,0
737.25,1
737.5,0
742.5,1
742.75,0
750.5,1
750.75,0
753.0,1
753.25,0
753.5,1
754.0,0
754.25,1
755.25,0
755.5,1
756.25,0
756.5,1
757.5,0
758.0,1
758.5,0
758.75,1
759.75,0
760.0,1
760.5,0
760.75,1
761.5,0
774.25,1
774.75,0
775.0,1
775.75,0
776.0,1
776.5,0
776.75,1
777.0,0
778.0,1
778.25,0
778.5,1
779.75,0
780.0,1
780.5,0
780.75,1
781.75,0
782.0,1
785.0,0
785.25,1
785.5,0
798.0,1
798.25,0
801.0,1
801.5,0
802.0,1
802.5,0
802.75,1
803.75,0
804.5,1
805.5,0
805.75,1
806.0,0
806.5,1
806.75,0
807.0,1
807.5,0
807.75,1
809.25,0
813.5,1
813.75,0
870.5,1
870.75,0
873.0,1
873.25,0
873.5,1
873.75,0
874.0,1
874.25,0
874.5,1
876.0,0
876.25,1
876.5,0
876.75,1
878.0,0
878.5,1
880.5,0
880.75,1
881.0,0
881.25,1
881.5,0
885.5,1
885.75,0
893.75,1
894.0,0
895.0,1
895.5,0
897.0,1
897.25,0
897.5,1
898.25,0
898.5,1
899.75,0
900.0,1
900.25,0
900.5,1
901.25,0
901.5,1
902.25,0
902.5,1
904.0,0
904.25,1
904.5,0
904.75,1
905.5,0
918.5,1
919.0,0
921.25,1
921.5,0
921.75,1
922.0,0
922.25,1
923.25,0
923.5,1
924.0,0
924.25,1
924.5,0
924.75,1
926.75,0
927.0,1
927.25,0
927.5,1
927.75,0
928.0,1
929.0,0
933.75,1
934.0,0
942.5,1
942.75,0
943.75,1
944.0,0
945.25,1
945.5,0
945.75,1
946.25,0
947.25,1
947.5,0
948.0,1
948.5,0
948.75,1
949.25,0
949.5,1
950.25,0
950.5,1
951.25,0
951.5,1
953.0,0
953.5,1
953.75,0
956.25,1
956.5,0
967.25,1
967.5,0
968.5,1
968.75,0
969.0,1
969.25,0
969.5,1
970.25,0
970.5,1
971.0,0
971.25,1
975.25,0
975.5,1
975.75,0
976.0,1
977.25,0
1038.75,1
1039.0,0
1040.0,1
1040.5,0
1041.25,1
1043.5,0
1044.0,1
1044.75,0
1045.0,1
1046.5,0
1047.5,1
1048.0,0
1048.25,1
1049.0,0
1049.25,1
1049.5,0
1051.25,1
1051.5,0
1065.25,1
1066.5,0
1066.75,1
1067.25,0
1067.5,1
1068.75,0
1069.25,1
1069.75,0
1070.0,1
1071.25,0
1072.0,1
1072.5,0
1112.5,1
1112.75,0
1113.0,1
1113.25,0
1113.5,1
1115.0,0
1115.25,1
1117.75,0
1118.0,1
1118.25,0
1118.5,1
1120.75,0
1121.0,1
1121.25,0
1121.5,1
1121.75,0
1134.0,1
1134.25,0
1136.75,1
1137.0,0
1137.25,1
1140.0,0
1140.5,1
1140.75,0
1141.0,1
1141.25,0
1141.5,1
1142.0,0
1142.25,1
1143.0,0
1143.25,1
1144.75,0
1145.0,1
1145.25,0
1205.5,1
1205.75,0
1209.0,1
1209.5,0
1209.75,1
1210.0,0
1210.5,1
1210.75,0
1211.0,1
1211.75,0
1212.0,1
1212.25,0
1212.5,1
1213.25,0
1213.5,1
1215.0,0
1215.25,1
1216.5,0
1217.0,1
1217.25,0
1232.0,1
1232.25,0
1233.75,1
1237.0,0
1237.25,1
1238.0,0
1238.5,1
1239.0,0
1239.25,1
1240.25,0
1240.5,1
1240.75,0
1241.25,1
1241.5,0
1253.5,1
1253.75,0
1254.5,1
1254.75,0
1255.0,1
1255.25,0
1257.0,1
1257.5,0
1258.0,1
1258.75,0
1259.0,1
1260.5,0
1260.75,1
1261.0,0
1261.25,1
1261.5,0
1262.0,1
1265.5,0
1265.75,1
1266.0,0
1270.25,1
1270.75,0
1279.25,1
1279.5,0
1280.5,1
1281.25,0
1281.75,1
1283.5,0
1284.0,1
1285.25,0
1285.5,1
1286.75,0
1287.0,1
1288.0,0
1288.25,1
1288.5,0
1288.75,1
1289.0,0
1293.25,1
1293.5,0
1302.75,1
1303.0,0
1304.75,1
1305.25,0
1305.75,1
1306.25,0
1306.5,1
1307.75,0
1308.25,1
1309.0,0
1309.25,1
1310.0,0
1310.25,1
1310.75,0
1311.0,1
1311.5,0
1311.75,1
1313.5,0
1374.0,1
1374.25,0
1374.5,1
1375.0,0
1377.0,1
1377.5,0
1378.0,1
1378.5,0
1378.75,1
1379.5,0
1379.75,1
1380.25,0
1380.5,1
1381.5,0
1381.75,1
1383.25,0
1383.5,1
1384.0,0
1384.5,1
1384.75,0
1398.25,1
1399.0,0
1399.25,1
1399.5,0
1400.75,1
1402.0,0
1402.25,1
1402.5,0
1402.75,1
1403.5,0
1404.0,1
1404.5,0
1405.0,1
1406.25,0
1406.5,1
1406.75,0
1407.0,1
1407.5,0
1407.75,1
1409.25,0
1409.5,1
1409.75,0
1425.0,1
1426.0,0
1426.25,1
1426.5,0
1426.75,1
1427.0,0
1427.25,1
1427.75,0
1428.0,1
1430.0,0
1430.5,1
1431.5,0
1432.0,1
1433.25,0
1446.75,1
1447.0,0
1449.0,1
1449.5,0
1449.75,1
1450.25,0
1450.5,1
1450.75,0
1451.0,1
1451.5,0
1451.75,1
1454.75,0
1455.0,1
1455.25,0
1455.5,1
1455.75,0
1456.0,1
1456.75,0
1469.75,1
1470.0,0
1471.0,1
1471.25,0
1473.0,1
1474.5,0
1474.75,1
1475.25,0
1475.5,1
1477.5,0
1477.75,1
1478.75,0
1479.0,1
1480.75,0
1481.0,1
1481.25,0
1541.75,1
1542.0,0
1545.75,1
1546.75,0
1547.0,1
1550.0,0
1550.25,1
1552.25,0
1552.5,1
1552.75,0
1558.0,1
1558.25,0
1567.0,1
1567.5,0
1568.75,1
1569.0,0
1569.25,1
1573.0,0
1573.25,1
1575.25,0
1575.5,1
1576.5,0
1576.75,1
1577.0,0
1582.5,1
1582.75,0
1593.25,1
1594.0,0
1594.25,1
1595.75,0
1596.5,1
1598.25,0
1598.5,1
1599.25,0
1600.0,1
1601.25,0
1605.75,1
1606.0,0
1614.75,1
1615.0,0
1615.5,1
1615.75,0
1616.75,1
1617.0,0
1617.5,1
1617.75,0
1618.0,1
1619.5,0
1619.75,1
1620.25,0
1620.5,1
1620.75,0
1621.0,1
1621.25,0
1621.5,1
1622.5,0
1622.75,1
1623.0,0
1623.75,1
1624.25,0
1624.5,1
1624.75,0
1625.0,1
1625.25,0
1625.5,1
1625.75,0
1640.75,1
1641.25,0
1641.5,1
1645.0,0
1645.5,1
1646.0,0
1646.25,1
1646.75,0
1647.0,1
1648.75,0
1651.75,1
1652.0,0
1710.75,1
1711.0,0
1713.0,1
1713.25,0
1713.5,1
1717.75,0
1718.0,1
1719.25,0
1719.5,1
1720.0,0
1720.25,1
1720.75,0
1736.75,1
1740.75,0
1741.0,1
1742.25,0
1743.0,1
1745.0,0
1745.25,1
1745.5,0
1757.5,1
1757.75,0
1758.5,1
1758.75,0
1760.0,1
1760.25,0
1761.0,1
1761.75,0
1762.25,1
1763.25,0
1763.5,1
1764.0,0
1764.5,1
1765.5,0
1765.75,1
1767.0,0
1767.25,1
1768.25,0
1768.5,1
1768.75,0
1769.25,1
1769.5,0
1785.25,1
1785.75,0
1786.25,1
1788.25,0
1788.75,1
1789.25,0
1789.5,1
1793.25,0
1805.5,1
1805.75,0
1807.25,1
1807.5,0
1809.0,1
1809.25,0
1809.5,1
1811.5,0
1811.75,1
1813.0,0
1813.25,1
1814.75,0
1815.0,1
1815.25,0
1815.5,1
1815.75,0
1816.0,1
1816.25,0
1816.5,1
1816.75,0
1877.5,1
1877.75,0
1880.5,1
1881.25,0
1881.5,1
1883.25,0
1883.5,1
1884.75,0
1885.0,1
1885.5,0
1885.75,1
1887.25,0
1887.5,1
1889.0,0
1889.25,1
1889.5,0
1903.25,1
1903.5,0
1905.25,1
1906.75,0
1907.0,1
1907.25,0
1907.5,1
1907.75,0
1908.0,1
1908.5,0
1908.75,1
1909.75,0
1910.0,1
1910.5,0
1910.75,1
1911.25,0
1911.5,1
1911.75,0
1912.0,1
1913.0,0
1913.25,1
1913.5,0
1926.75,1
1927.0,0
1927.75,1
1928.0,0
1929.25,1
1930.0,0
1930.25,1
1930.5,0
1930.75,1
1931.75,0
1932.25,1
1932.5,0
1933.0,1
1933.5,0
1933.75,1
1934.5,0
1934.75,1
1935.75,0
1936.0,1
1937.25,0
1937.5,1
1937.75,0
1950.75,1
1951.0,0
1952.25,1
1952.5,0
1952.75,1
1953.5,0
1953.75,1
1954.75,0
1955.0,1
1956.0,0
1956.25,1
1956.75,0
1957.0,1
1958.25,0
1958.5,1
1960.75,0
1961.25,1
1961.75,0
1964.75,1
1965.0,0
1974.25,1
1974.5,0
1975.5,1
1975.75,0
1976.75,1
1977.25,0
1977.5,1
1980.5,0
1980.75,1
1981.0,0
1981.25,1
1982.0,0
1982.5,1
1985.0,0
2046.75,1
2047.0,0
2049.25,1
2050.5,0
2050.75,1
2052.0,0
2052.5,1
2053.0,0
2053.25,1
2053.5,0
2054.0,1
2054.5,0
2054.75,1
2056.5,0
2056.75,1
2057.25,0
2057.5,1
2057.75,0
2060.0,1
2060.25,0
2061.5,1
2061.75,0
2070.5,1
2070.75,0
2071.25,1
2071.5,0
2072.5,1
2072.75,0
2073.25,1
2077.75,0
2078.25,1
2081.25,0
2081.5,1
2081.75,0
2083.75,1
2084.0,0
2085.0,1
2085.25,0
2095.5,1
2095.75,0
2097.25,1
2097.5,0
2097.75,1
2098.5,0
2098.75,1
2099.0,0
2099.5,1
2100.75,0
2101.0,1
2102.25,0
2102.5,1
2103.0,0
2103.25,1
2105.0,0
2105.25,1
2105.5,0
2109.25,1
2109.5,0
2118.75,1
2119.0,0
2119.5,1
2119.75,0
2120.75,1
2122.5,0
2122.75,1
2123.0,0
2123.25,1
2124.75,0
2125.0,1
2125.75,0
2126.0,1
2127.25,0
2127.75,1
2129.0,0
2129.25,1
2129.75,0
2142.25,1
2142.5,0
2142.75,1
2143.0,0
2144.75,1
2145.0,0
2145.25,1
2146.5,0
2147.0,1
2149.0,0
2149.5,1
2149.75,0
2150.0,1
2153.25,0
2156.75,1
2157.0,0
2157.75,1
2158.0,0
2213.75,1
2214.0,0
2214.25,1
2214.5,0
2215.25,1
2215.5,0
2217.25,1
2218.75,0
2219.25,1
2219.75,0
2220.5,1
2220.75,0
2221.0,1
2221.25,0
2221.5,1
2224.0,0
2224.25,1
2224.75,0
2225.0,1
2225.25,0
2225.5,1
2225.75,0
2238.0,1
2238.25,0
2239.75,1
2240.0,0
2241.0,1
2241.5,0
2241.75,1
2242.5,0
2242.75,1
2243.75,0
2244.25,1
2244.75,0
2245.0,1
2245.25,0
2245.5,1
2246.25,0
2246.75,1
2248.0,0
2248.25,1
2249.5,0
2251.25,1
2251.5,0
2253.75,1
2254.0,0
2264.5,1
2264.75,0
2265.0,1
2265.25,0
2265.5,1
2266.0,0
2266.25,1
2267.0,0
2267.25,1
2267.75,0
2268.0,1
2268.25,0
2269.25,1
2269.75,0
2270.0,1
2271.25,0
2271.5,1
2273.25,0
2277.0,1
2277.25,0
2286.0,1
2286.25,0
2286.5,1
2286.75,0
2289.25,1
2289.5,0
2290.25,1
2290.5,0
2290.75,1
2291.0,0
2291.25,1
2291.5,0
2292.0,1
2292.75,0
2293.0,1
2294.0,0
2294.75,1
2296.0,0
2300.25,1
2300.5,0
2313.25,1
2313.5,0
2314.0,1
2314.25,0
2314.5,1
2314.75,0
2315.0,1
2316.0,0
2316.25,1
2320.25,0
2320.5,1
2321.0,0
2383.25,1
2383.5,0
2385.0,1
2385.25,0
2385.5,1
2386.75,0
2387.0,1
2387.75,0
2388.25,1
2389.0,0
2389.25,1
2389.75,0
2390.0,1
2390.25,0
2391.0,1
2391.25,0
2391.5,1
2393.5,0
2406.0,1
2406.25,0
2406.5,1
2406.75,0
2409.0,1
2412.0,0
2412.5,1
2414.25,0
2414.5,1
2415.0,0
2415.25,1
2415.5,0
2415.75,1
2416.75,0
2417.25,1
2417.5,0
2430.25,1
2430.5,0
2431.75,1
2432.0,0
2432.5,1
2434.0,0
2434.25,1
2434.5,0
2434.75,1
2435.0,0
2435.25,1
2436.5,0
2436.75,1
2437.25,0
2437.5,1
2438.5,0
2438.75,1
2440.5,0
2440.75,1
2441.5,0
2455.25,1
2455.5,0
2456.75,1
2458.75,0
2459.0,1
2459.25,0
2459.75,1
2462.5,0
2462.75,1
2464.25,0
2464.5,1
2465.0,0
2465.5,1
2465.75,0
2468.0,1
2468.25,0
2480.75,1
2481.75,0
2482.0,1
2482.25,0
2482.5,1
2485.0,0
2485.5,1
2486.25,0
2486.5,1
2487.75,0
2488.0,1
2488.75,0
2489.0,1
2489.25,0
2489.75,1
2490.0,0
2553.0,1
2554.25,0
2554.75,1
2555.25,0
2555.5,1
2558.0,0
2558.5,1
2559.75,0
2560.0,1
2560.25,0
2560.5,1
2561.25,0
2575.25,1
2575.5,0
2576.75,1
2577.0,0
2577.25,1
2577.5,0
2577.75,1
2578.0,0
2578.25,1
2580.0,0
2580.25,1
2581.25,0
2581.5,1
2583.25,0
2583.75,1
2584.0,0
2584.75,1
2585.0,0
2588.5,1
2589.0,0
2599.0,1
2599.25,0
2600.0,1
2600.25,0
2600.75,1
2601.25,0
2601.5,1
2602.5,0
2602.75,1
2603.0,0
2603.5,1
2607.25,0
2607.5,1
2607.75,0
2608.0,1
2609.0,0
2622.25,1
2622.5,0
2624.25,1
2624.5,0
2624.75,1
2625.5,0
2625.75,1
2628.0,0
2628.25,1
2628.5,0
2629.0,1
2629.25,0
2629.5,1
2630.25,0
2630.5,1
2633.25,0
2637.25,1
2637.75,0
2648.0,1
2648.25,0
2649.0,1
2650.5,0
2650.75,1
2651.25,0
2651.5,1
2652.0,0
2652.5,1
2653.5,0
2653.75,1
2657.25,0
2661.25,1
2661.5,0
2720.75,1
2722.0,0
2722.25,1
2724.25,0
2724.5,1
2725.0,0
2725.5,1
2726.0,0
2726.25,1
2727.0,0
2727.25,1
2727.5,0
2727.75,1
2729.25,0
2742.5,1
2742.75,0
2744.0,1
2744.25,0
2744.75,1
2746.0,0
2746.25,1
2747.75,0
2748.25,1
2748.5,0
2748.75,1
2749.0,0
2749.25,1
2749.5,0
2749.75,1
2751.0,0
2751.75,1
2753.25,0
2755.75,1
2756.0,0
2757.5,1
2757.75,0
2766.25,1
2766.5,0
2767.75,1
2768.0,0
2769.0,1
2769.25,0
2769.5,1
2772.25,0
2772.5,1
2773.25,0
2773.75,1
2776.5,0
2776.75,1
2777.0,0
2791.5,1
2791.75,0
2793.5,1
2794.75,0
2795.0,1
2796.0,0
2796.5,1
2797.25,0
2797.5,1
2798.0,0
2798.75,1
2799.5,0
2799.75,1
2800.5,0
2801.0,1
2801.5,0
2814.0,1
2814.25,0
2814.75,1
2815.0,0
2815.25,1
2815.75,0
2817.25,1
2817.5,0
2817.75,1
2818.5,0
2818.75,1
2820.5,0
2821.5,1
2822.0,0
2822.25,1
2824.5,0
2829.0,1
2829.25,0
2829.75,1
2830.0,0
2886.75,1
2887.25,0
2887.5,1
2887.75,0
2889.0,1
2892.75,0
2893.0,1
2893.75,0
2894.5,1
2895.5,0
2895.75,1
2896.25,0
2896.5,1
2897.0,0
2897.5,1
2897.75,0
2912.25,1
2912.5,0
2913.0,1
2913.25,0
2913.5,1
2916.0,0
2916.75,1
2917.75,0
2918.0,1
2918.5,0
2918.75,1
2919.0,0
2919.25,1
2920.0,0
2920.25,1
2920.5,0
2920.75,1
2921.0,0
2921.25,1
2921.5,0
2925.0,1
2925.25,0
2925.5,1
2925.75,0
2936.75,1
2943.5,0
2943.75,1
2944.5,0
2959.75,1
2960.0,0
2960.75,1
2961.25,0
2961.75,1
2963.0,0
2963.25,1
2964.0,0
2964.25,1
2965.25,0
2965.5,1
2966.5,0
2966.75,1
2967.25,0
2967.5,1
2967.75,0
2968.0,1
2968.75,0
2972.25,1
2972.5,0
2984.75,1
2987.75,0
2988.5,1
2989.5,0
2989.75,1
2990.75,0
2991.25,1
2993.0,0
3053.0,1
3053.25,0
3055.25,1
3055.5,0
3056.0,1
3056.25,0
3057.0,1
3057.75,0
3058.0,1
3059.25,0
3059.5,1
3060.25,0
3060.5,1
3061.75,0
3062.5,1
3062.75,0
3063.0,1
3063.25,0
3063.75,1
3064.0,0
3064.25,1
3064.5,0
3064.75,1
3065.25,0
3065.5,1
3065.75,0
3068.5,1
3068.75,0
3069.5,1
3070.0,0
3071.5,1
3071.75,0
3080.75,1
3081.5,0
3081.75,1
3082.25,0
3082.5,1
3083.75,0
3084.0,1
3084.25,0
3084.5,1
3089.0,0
3103.0,1
3103.25,0
3105.0,1
3105.5,0
3105.75,1
3106.0,0
3106.25,1
3107.5,0
3108.5,1
3109.5,0
3109.75,1
3110.5,0
3111.0,1
3112.25,0
3112.5,1
3113.0,0
3127.0,1
3127.5,0
3127.75,1
3128.0,0
3128.25,1
3128.5,0
3128.75,1
3129.5,0
3129.75,1
3133.5,0
3134.0,1
3136.25,0
3136.5,1
3136.75,0
3149.75,1
3150.0,0
3152.0,1
3152.25,0
3152.5,1
3153.0,0
3153.5,1
3156.0,0
3157.0,1
3158.0,0
3158.25,1
3159.0,0
3159.25,1
3159.75,0
3160.0,1
3161.0,0
3161.25,1
3161.5,0
3224.0,1
3224.25,0
3224.5,1
3224.75,0
3226.0,1
3226.5,0
3226.75,1
3227.5,0
3227.75,1
3231.5,0
3232.0,1
3232.5,0
3232.75,1
3233.5,0
3245.75,1
3246.0,0
3246.25,1
3246.5,0
3247.0,1
3247.75,0
3249.0,1
3249.5,0
3249.75,1
3250.75,0
3251.0,1
3252.5,0
3252.75,1
3253.25,0
3253.5,1
3253.75,0
3254.0,1
3255.75,0
3256.0,1
3257.25,0
3257.5,1
3257.75,0
3271.75,1
3272.0,0
3273.0,1
3273.25,0
3273.75,1
3275.0,0
3275.25,1
3276.5,0
3276.75,1
3278.0,0
3278.25,1
3279.75,0
3280.0,1
3280.5,0
3281.0,1
3281.25,0
3284.0,1
3284.25,0
3285.25,1
3285.5,0
3297.25,1
3300.0,0
3300.25,1
3301.25,0
3301.5,1
3302.25,0
3302.5,1
3303.25,0
3303.5,1
3304.0,0
3304.25,1
3304.75,0
3305.5,1
3305.75,0
3309.5,1
3309.75,0
3317.5,1
3317.75,0
3321.5,1
3322.5,0
3322.75,1
3323.5,0
3323.75,1
3324.0,0
3324.25,1
3325.5,0
3326.0,1
3327.0,0
3327.25,1
3328.25,0
3328.5,1
3328.75,0
3393.0,1
3393.5,0
3393.75,1
3394.25,0
3394.75,1
3396.75,0
3397.0,1
3397.25,0
3397.5,1
3397.75,0
3398.0,1
3398.25,0
3398.5,1
3400.0,0
3400.25,1
3400.75,0
3401.0,1
3401.75,0
3404.5,1
3404.75,0
3415.0,1
3415.25,0
3415.75,1
3416.0,0
3416.25,1
3416.5,0
3417.5,1
3421.75,0
3422.0,1
3425.0,0
3437.75,1
3438.0,0
3440.75,1
3441.0,0
3441.25,1
3441.5,0
3441.75,1
3444.0,0
3444.25,1
3445.25,0
3445.5,1
3446.5,0
3446.75,1
3447.75,0
3448.0,1
3448.75,0
3450.0,1
3450.25,0
3452.5,1
3452.75,0
3454.5,1
3454.75,0
3464.75,1
3466.5,0
3467.0,1
3468.0,0
3468.25,1
3471.25,0
3471.5,1
3472.0,0
3472.25,1
3473.0,0
3473.25,1
3473.5,0
3477.25,1
3477.5,0
3487.5,1
3487.75,0
3488.0,1
3488.25,0
3488.75,1
3489.0,0
3489.25,1
3489.75,0
3490.0,1
3494.25,0
3494.5,1
3495.25,0
3495.75,1
3496.0,0
3496.5,1
3497.5,0
3500.0,1
3500.25,0
3560.25,1
3560.75,0
3561.25,1
3561.75,0
3562.0,1
3563.5,0
3563.75,1
3564.75,0
3565.25,1
3565.75,0
3566.0,1
3566.5,0
3566.75,1
3567.25,0
3567.5,1
3569.25,0
3571.75,1
3572.0,0
3572.75,1
3573.0,0
3574.5,1
3574.75,0
3607.0,1
3607.25,0
3609.25,1
3609.75,0
3610.0,1
3610.25,0
3610.5,1
3611.0,0
3611.25,1
3612.0,0
3612.5,1
3612.75,0
3613.0,1
3613.75,0
3614.25,1
3615.0,0
3615.25,1
3615.75,0
3616.0,1
3617.5,0
3630.5,1
3630.75,0
3631.5,1
3631.75,0
3632.0,1
3632.25,0
3632.5,1
3632.75,0
3633.75,1
3634.25,0
3634.5,1
3635.0,0
3635.25,1
3636.0,0
3636.25,1
3637.0,0
3637.25,1
3638.0,0
3638.25,1
3639.0,0
3639.25,1
3640.75,0
3641.0,1
3641.25,0
3656.75,1
3657.0,0
3657.25,1
3658.25,0
3658.5,1
3660.5,0
3661.25,1
3665.0,0
3669.25,1
3669.5,0
3726.75,1
3727.0,0
3727.75,1
3728.0,0
3728.25,1
3729.25,0
3729.75,1
3731.25,0
3731.75,1
3732.0,0
3732.25,1
3735.25,0
3735.5,1
3736.25,0
3736.5,1
3736.75,0
3737.0,1
3737.25,0
3739.75,1
3740.0,0
3740.75,1
3741.0,0
3750.0,1
3750.25,0
3752.75,1
3756.5,0
3756.75,1
3757.5,0
3757.75,1
3758.5,0
3758.75,1
3761.25,0
3773.5,1
3773.75,0
3776.75,1
3777.5,0
3777.75,1
3778.5,0
3778.75,1
3779.0,0
3779.75,1
3782.25,0
3782.5,1
3784.25,0
3784.5,1
3785.25,0
3785.5,1
3785.75,0
3788.5,1
3788.75,0
3798.75,1
3799.25,0
3800.5,1
3800.75,0
3801.0,1
3801.75,0
3802.5,1
3804.0,0
3804.25,1
3804.5,0
3804.75,1
3806.5,0
3807.0,1
3807.5,0
3807.75,1
3809.25,0
3813.5,1
3813.75,0
3824.0,1
3824.25,0
3825.0,1
3825.25,0
3825.75,1
3826.0,0
3826.25,1
3826.75,0
3827.0,1
3827.25,0
3827.5,1
3827.75,0
3828.25,1
3829.0,0
3830.0,1
3830.75,0
3831.0,1
3832.0,0
3832.25,1
3833.25,0
3836.0,1
3836.25,0
3838.25,1
3838.5,0
3895.75,1
3896.0,0
3897.0,1
3897.5,0
3897.75,1
3898.25,0
3898.5,1
3899.5,0
3900.0,1
3900.75,0
3901.0,1
3901.5,0
3901.75,1
3902.0,0
3902.25,1
3903.25,0
3903.5,1
3904.5,0
3904.75,1
3905.0,0
3905.25,1
3905.75,0
3918.25,1
3918.5,0
3921.0,1
3921.5,0
3922.0,1
3922.25,0
3922.5,1
3923.25,0
3923.5,1
3923.75,0
3924.5,1
3926.75,0
3927.0,1
3928.5,0
3929.0,1
3929.5,0
3942.75,1
3943.0,0
3944.0,1
3944.25,0
3944.75,1
3945.5,0
3945.75,1
3946.25,0
3946.75,1
3947.25,0
3947.75,1
3948.25,0
3948.75,1
3950.5,0
3950.75,1
3951.25,0
3951.75,1
3953.25,0
3957.5,1
3957.75,0
3958.25,1
3958.5,0
3965.25,1
3965.5,0
3967.25,1
3967.75,0
3969.5,1
3972.25,0
3972.5,1
3973.25,0
3973.75,1
3976.25,0
3976.5,1
3976.75,0
3977.0,1
3977.25,0
3992.75,1
3993.0,0
3993.25,1
3996.25,0
3996.5,1
3997.0,0
3997.25,1
3999.5,0
3999.75,1
4000.25,0
4000.5,1
4000.75,0
4062.5,1
4062.75,0
4064.5,1
4065.25,0
4065.75,1
4066.75,0
4067.0,1
4067.5,0
4067.75,1
4068.5,0
4068.75,1
4069.25,0
4069.5,1
4070.0,0
4070.25,1
4070.5,0
4070.75,1
4071.0,0
4071.5,1
4071.75,0
4072.75,1
4073.25,0
4073.5,1
4073.75,0
4088.75,1
4089.0,0
4089.25,1
4089.5,0
4089.75,1
4091.0,0
4091.25,1
4092.0,0
4092.25,1
4093.75,0
4094.5,1
4095.25,0
4095.5,1
4097.0,0
4100.75,1
4101.0,0
4101.5,1
4101.75,0
4102.0,1
4102.25,0
4110.5,1
4110.75,0
4111.0,1
4111.25,0
4113.25,1
4113.5,0
4113.75,1
4114.75,0
4115.0,1
4116.25,0
4116.5,1
4117.25,0
4117.5,1
4117.75,0
4118.0,1
4120.5,0
4120.75,1
4121.0,0
4124.75,1
4125.0,0
4135.75,1
4136.0,0
4136.5,1
4136.75,0
4137.0,1
4137.25,0
4137.5,1
4140.0,0
4140.5,1
4141.25,0
4141.5,1
4141.75,0
4142.0,1
4142.75,0
4143.0,1
4144.75,0
4145.0,1
4145.5,0
4149.25,1
4149.5,0
4158.25,1
4158.5,0
4161.5,1
4163.75,0
4164.25,1
4166.0,0
4166.25,1
4166.75,0
4167.5,1
4169.25,0
4169.5,1
4169.75,0
4230.0,1
4230.25,0
4230.5,1
4230.75,0
4232.25,1
4232.75,0
4233.0,1
4233.25,0
4233.5,1
4234.0,0
4234.25,1
4238.0,0
4238.25,1
4239.25,0
4239.5,1
4240.75,0
4241.0,1
4241.25,0
4241.5,1
4241.75,0
4256.5,1
4256.75,0
4257.5,1
4258.0,0
4258.25,1
4258.5,0
4258.75,1
4259.5,0
4260.5,1
4261.0,0
4261.25,1
4261.75,0
4262.25,1
4264.5,0
4264.75,1
4265.75,0
4270.5,1
4270.75,0
4279.0,1
4279.25,0
4280.25,1
4281.25,0
4281.5,1
4281.75,0
4282.25,1
4284.25,0
4284.5,1
4285.25,0
4285.5,1
4287.25,0
4287.5,1
4289.0,0
4289.5,1
4289.75,0
4304.25,1
4304.5,0
4305.0,1
4306.5,0
4306.75,1
4308.25,0
4308.5,1
4309.25,0
4309.5,1
4309.75,0
4310.0,1
4311.25,0
4311.5,1
4311.75,0
4312.0,1
4312.75,0
4313.75,1
4314.0,0
4316.75,1
4317.0,0
4318.0,1
4318.25,0
4329.0,1
4329.25,0
4329.75,1
4330.0,0
4330.25,1
4330.5,0
4330.75,1
4334.0,0
4334.25,1
4335.0,0
4335.25,1
4336.75,0
4337.25,1
4337.75,0
4397.5,1
4397.75,0
4401.0,1
4401.25,0
4401.5,1
4402.0,0
4402.25,1
4405.75,0
4406.5,1
4406.75,0
4407.0,1
4409.25,0
4446.75,1
4447.0,0
4447.5,1
4448.25,0
4449.25,1
4451.75,0
4452.0,1
4452.25,0
4452.5,1
4453.0,0
4453.25,1
4453.5,0
4454.0,1
4455.25,0
4455.5,1
4456.25,0
4456.75,1
4457.0,0
4457.5,1
4458.0,0
4471.0,1
4471.25,0
4472.25,1
4472.5,0
4473.0,1
4475.25,0
4475.5,1
4476.0,0
4476.75,1
4477.0,0
4477.25,1
4477.5,0
4477.75,1
4478.25,0
4478.5,1
4479.5,0
4480.25,1
4481.0,0
4495.75,1
4496.5,0
4496.75,1
4497.0,0
4497.25,1
4497.5,0
4497.75,1
4499.0,0
4499.75,1
4505.0,0
4505.25,1
4505.5,0
4566.5,1
4566.75,0
4567.75,1
4568.0,0
4568.25,1
4568.5,0
4568.75,1
4572.25,0
4572.5,1
4576.25,0
4576.5,1
4577.0,0
4579.75,1
4580.0,0
4590.5,1
4590.75,0
4591.75,1
4592.0,0
4592.5,1
4593.0,0
4594.25,1
4594.75,0
4595.0,1
4595.25,0
4595.5,1
4595.75,0
4596.0,1
4596.5,0
4596.75,1
4598.25,0
4598.75,1
4599.75,0
4600.0,1
4601.0,0
4604.75,1
4605.25,0
4605.5,1
4605.75,0
4614.25,1
4614.5,0
4615.5,1
4615.75,0
4616.0,1
4616.25,0
4617.0,1
4617.25,0
4617.75,1
4621.25,0
4621.5,1
4623.25,0
4623.5,1
4625.25,0
4628.25,1
4628.5,0
4640.0,1
4640.5,0
4641.25,1
4643.0,0
4643.25,1
4643.75,0
4644.5,1
4645.0,0
4645.25,1
4645.5,0
4645.75,1
4647.0,0
4647.25,1
4647.75,0
4648.25,1
4649.25,0
4664.5,1
4664.75,0
4665.25,1
4666.75,0
4667.75,1
4668.5,0
4668.75,1
4669.75,0
4670.0,1
4670.5,0
4670.75,1
4673.0,0
4676.5,1
4676.75,0
4736.75,1
4737.0,0
4737.25,1
4738.5,0
4739.0,1
4739.75,0
4740.0,1
4740.5,0
4740.75,1
4741.0,0
4741.25,1
4742.0,0
4742.5,1
4745.0,0
4760.25,1
4760.5,0
4761.0,1
4761.75,0
4762.25,1
4763.5,0
4763.75,1
4765.5,0
4766.0,1
4767.0,0
4767.5,1
4769.0,0
4769.25,1
4769.5,0
4782.25,1
4782.5,0
4785.75,1
4786.75,0
4787.25,1
4788.25,0
4788.5,1
4789.75,0
4790.0,1
4791.25,0
4791.5,1
4791.75,0
4792.0,1
4792.5,0
4792.75,1
4793.0,0
4793.25,1
4793.5,0
4798.25,1
4798.5,0
4808.25,1
4808.5,0
4808.75,1
4809.25,0
4809.5,1
4810.25,0
4810.5,1
4810.75,0
4811.0,1
4813.5,0
4814.75,1
4815.5,0
4815.75,1
4816.75,0
4817.25,1
4817.75,0
4832.0,1
4832.25,0
4833.0,1
4833.25,0
4833.5,1
4834.25,0
4834.5,1
4836.5,0
4837.0,1
4837.75,0
4838.0,1
4840.5,0
4901.75,1
4902.0,0
4902.25,1
4902.5,0
4903.25,1
4903.5,0
4903.75,1
4904.0,0
4904.5,1
4905.0,0
4905.5,1
4906.25,0
4906.5,1
4906.75,0
4907.25,1
4909.0,0
4909.25,1
4909.5,0
4909.75,1
4911.0,0
4911.25,1
4913.0,0
4913.5,1
4913.75,0
4925.75,1
4926.0,0
4926.75,1
4927.0,0
4927.25,1
4927.75,0
4928.5,1
4928.75,0
4929.25,1
4931.0,0
4931.25,1
4933.0,0
4933.5,1
4933.75,0
4934.0,1
4934.25,0
4934.5,1
4936.75,0
4937.0,1
4937.5,0
4951.0,1
4951.5,0
4952.75,1
4953.0,0
4953.25,1
4954.0,0
4954.5,1
4955.75,0
4956.0,1
4957.5,0
4957.75,1
4958.25,0
4958.5,1
4960.5,0
4960.75,1
4961.5,0
4964.75,1
4965.25,0
4976.0,1
4976.75,0
4977.0,1
4977.5,0
4978.0,1
4978.25,0
4978.5,1
4979.0,0
4979.25,1
4979.75,0
4980.0,1
4981.0,0
4981.25,1
4981.75,0
4982.25,1
4984.5,0
4984.75,1
4985.0,0
4985.5,1
4985.75,0
4999.0,1
4999.25,0
5000.0,1
5000.5,0
5000.75,1
5001.0,0
5001.25,1
5002.75,0
5003.0,1
5004.0,0
5004.25,1
5005.25,0
5005.5,1
5006.0,0
5006.25,1
5009.25,0
5070.5,1
5070.75,0
5072.25,1
5072.75,0
5073.0,1
5076.0,0
5076.25,1
5077.0,0
5077.5,1
5079.0,0
5079.25,1
5079.5,0
5079.75,1
5080.25,0
5080.5,1
5081.0,0
5085.5,1
5085.75,0
5094.5,1
5095.0,0
5097.25,1
5098.5,0
5099.0,1
5099.5,0
5100.0,1
5100.5,0
5101.0,1
5101.25,0
5101.5,1
5102.25,0
5102.5,1
5104.25,0
5104.5,1
5105.25,0
5121.0,1
5121.5,0
5121.75,1
5122.5,0
5122.75,1
5125.25,0
5125.5,1
5126.25,0
5126.5,1
5129.5,0
5142.75,1
5143.0,0
5144.5,1
5144.75,0
5145.0,1
5147.25,0
5147.5,1
5147.75,0
5148.0,1
5148.25,0
5148.5,1
5148.75,0
5149.0,1
5149.75,0
5150.25,1
5152.0,0
5152.25,1
5153.0,0
5166.0,1
5166.5,0
5167.0,1
5167.25,0
5168.5,1
5168.75,0
5169.0,1
5172.25,0
5172.5,1
5173.0,0
5173.25,1
5174.25,0
5174.75,1
5175.25,0
5175.75,1
5176.75,0
5241.25,1
5241.5,0
5241.75,1
5243.25,0
5243.5,1
5249.0,0
5263.0,1
5263.25,0
5264.0,1
5264.25,0
5265.25,1
5265.5,0
5265.75,1
5266.5,0
5266.75,1
5267.5,0
5267.75,1
5268.0,0
5268.25,1
5268.75,0
5269.0,1
5269.5,0
5269.75,1
5271.0,0
5271.5,1
5272.25,0
5272.75,1
5273.0,0
5273.25,1
5273.5,0
5276.5,1
5276.75,0
5286.75,1
5287.0,0
5288.75,1
5289.0,0
5289.25,1
5290.25,0
5290.5,1
5292.0,0
5293.0,1
5293.25,0
5293.5,1
5297.25,0
5313.0,1
5315.0,0
5315.25,1
5316.5,0
5316.75,1
5317.0,0
5317.25,1
5320.75,0
5336.75,1
5337.25,0
5337.5,1
5337.75,0
5338.0,1
5341.75,0
5342.25,1
5342.5,0
5342.75,1
5343.75,0
5344.0,1
5344.25,0
5344.5,1
5345.25,0
5409.0,1
5409.25,0
5409.75,1
5411.0,0
5411.5,1
5412.25,0
5413.0,1
5414.0,0
5414.5,1
5417.0,0
5430.5,1
5430.75,0
5431.0,1
5431.25,0
5432.75,1
5435.0,0
5435.25,1
5436.0,0
5436.25,1
5437.0,0
5438.0,1
5438.5,0
5438.75,1
5441.0,0
5454.0,1
5454.25,0
5457.5,1
5459.25,0
5459.5,1
5460.0,0
5460.25,1
5460.5,0
5460.75,1
5461.0,0
5461.25,1
5462.0,0
5462.25,1
5462.75,0
5463.0,1
5463.25,0
5463.75,1
5464.0,0
5464.25,1
5464.5,0
5464.75,1
5465.0,0
5465.25,1
5465.5,0
5481.0,1
5482.5,0
5483.0,1
5483.25,0
5483.5,1
5484.25,0
5484.5,1
5484.75,0
5485.0,1
5485.25,0
5485.5,1
5487.5,0
5487.75,1
5488.0,0
5488.25,1
5489.0,0
5502.5,1
5503.0,0
5503.75,1
5504.0,0
5505.25,1
5506.25,0
5506.75,1
5507.5,0
5507.75,1
5508.0,0
5508.75,1
5509.0,0
5509.5,1
5509.75,0
5510.0,1
5510.25,0
5510.75,1
5511.75,0
5512.0,1
5513.0,0
5513.25,1
5513.5,0
5516.0,1
5516.25,0
5517.25,1
5517.5,0
5576.75,1
5577.0,0
5577.25,1
5579.75,0
5580.25,1
5582.75,0
5583.0,1
5583.75,0
5584.0,1
5584.75,0
5598.5,1
5598.75,0
5601.0,1
5601.5,0
5601.75,1
5603.25,0
5603.5,1
5604.25,0
5604.5,1
5605.75,0
5606.0,1
5607.5,0
5607.75,1
5608.75,0
5609.0,1
5609.25,0
5612.25,1
5612.5,0
5613.5,1
5613.75,0
5614.25,1
5614.5,0
5623.0,1
5623.25,0
5623.5,1
5624.0,0
5625.0,1
5625.5,0
5625.75,1
5626.75,0
5627.25,1
5627.5,0
5627.75,1
5628.5,0
5629.25,1
5631.25,0
5631.75,1
5632.0,0
5632.25,1
5632.75,0
5633.0,1
5633.25,0
5635.5,1
5635.75,0
5648.25,1
5648.5,0
5649.0,1
5649.5,0
5649.75,1
5650.25,0
5650.5,1
5653.0,0
5653.25,1
5654.25,0
5654.5,1
5654.75,0
5655.0,1
5655.75,0
5656.0,1
5657.25,0
5670.75,1
5671.0,0
5672.25,1
5672.5,0
5673.75,1
5674.0,0
5674.25,1
5675.25,0
5675.5,1
5675.75,0
5676.0,1
5676.5,0
5676.75,1
5678.25,0
5678.5,1
5679.75,0
5680.25,1
5680.5,0
5680.75,1
5681.0,0
5681.5,1
5681.75,0
5743.25,1
5743.5,0
5745.25,1
5746.5,0
5746.75,1
5747.5,0
5747.75,1
5750.0,0
5750.25,1
5751.25,0
5751.5,1
5752.0,0
5752.25,1
5753.0,0
5753.25,1
5753.5,0
5767.75,1
5768.0,0
5768.5,1
5769.25,0
5769.5,1
5771.75,0
5772.0,1
5773.25,0
5773.75,1
5774.75,0
5775.0,1
5775.5,0
5775.75,1
5776.25,0
5776.75,1
5777.25,0
5793.0,1
5793.25,0
5793.5,1
5796.25,0
5797.25,1
5797.5,0
5797.75,1
5798.75,0
5799.25,1
5800.5,0
5800.75,1
5801.0,0
5805.25,1
5805.5,0
5814.0,1
5814.25,0
5814.5,1
5814.75,0
5816.0,1
5816.25,0
5816.5,1
5816.75,0
5817.25,1
5819.75,0
5820.0,1
5821.0,0
5821.25,1
5821.75,0
5822.25,1
5822.75,0
5823.0,1
5825.0,0
5825.5,1
5825.75,0
5829.25,1
5829.5,0
5830.75,1
5831.0,0
5841.0,1
5842.5,0
5842.75,1
5849.0,0
5905.75,1
5906.0,0
5911.0,1
5911.25,0
5912.25,1
5912.5,0
5913.25,1
5914.5,0
5914.75,1
5915.75,0
5916.25,1
5920.5,0
5924.5,1
5924.75,0
5925.5,1
5925.75,0
5958.25,1
5958.75,0
5961.5,1
5964.75,0
5965.0,1
5967.0,0
5967.25,1
5968.0,0
5968.25,1
5968.75,0
5969.0,1
5969.25,0
5969.5,1
5969.75,0
5971.0,1
5971.25,0
5982.75,1
5983.0,0
5984.75,1
5985.0,0
5985.25,1
5985.75,0
5986.0,1
5986.25,0
5986.5,1
5986.75,0
5987.0,1
5989.75,0
5990.0,1
5990.25,0
5990.5,1
5992.25,0
5992.5,1
5992.75,0
5993.0,1
5993.25,0
5998.0,1
5998.25,0
6009.25,1
6009.5,0
6009.75,1
6010.0,0
6010.25,1
6011.5,0
6011.75,1
6012.25,0
6012.5,1
6012.75,0
6013.25,1
6013.75,0
6014.0,1
6015.5,0
6015.75,1
6017.0,0
6017.25,1
6017.5,0
6021.0,1
6021.75,0
6078.5,1
6078.75,0
6079.0,1
6079.25,0
6081.0,1
6082.0,0
6082.5,1
6084.75,0
6085.0,1
6085.25,0
6085.75,1
6088.75,0
6089.5,1
6089.75,0
6091.75,1
6092.0,0
6104.0,1
6104.25,0
6104.5,1
6106.0,0
6106.5,1
6106.75,0
6107.0,1
6108.0,0
6108.25,1
6108.5,0
6108.75,1
6109.75,0
6110.0,1
6111.0,0
6111.75,1
6113.0,0
6128.25,1
6128.5,0
6129.25,1
6130.5,0
6130.75,1
6131.75,0
6132.0,1
6132.75,0
6133.0,1
6135.75,0
6136.0,1
6136.25,0
6136.5,1
6136.75,0
6151.0,1
6151.25,0
6152.75,1
6153.0,0
6153.25,1
6155.25,0
6155.5,1
6156.25,0
6156.5,1
6157.0,0
6157.25,1
6157.5,0
6158.0,1
6158.75,0
6159.0,1
6159.25,0
6159.5,1
6161.25,0
6161.75,1
6162.0,0
6177.25,1
6178.0,0
6178.25,1
6178.75,0
6179.0,1
6180.0,0
6180.25,1
6181.75,0
6182.0,1
6182.25,0
6182.5,1
6183.75,0
6184.0,1
6184.75,0
6185.25,1
6185.5,0
6248.0,1
6248.25,0
6248.5,1
6252.75,0
6253.25,1
6253.5,0
6253.75,1
6254.75,0
6255.0,1
6255.75,0
6256.0,1
6257.0,0
6260.75,1
6261.0,0
6270.0,1
6270.25,0
6272.5,1
6273.25,0
6273.5,1
6273.75,0
6274.0,1
6274.25,0
6275.0,1
6276.75,0
6277.0,1
6278.0,0
6278.25,1
6279.75,0
6280.25,1
6281.0,0
6284.5,1
6284.75,0
6294.0,1
6294.25,0
6295.25,1
6295.5,0
6296.0,1
6296.25,0
6297.0,1
6297.5,0
6297.75,1
6298.75,0
6299.0,1
6300.0,0
6300.25,1
6300.5,0
6300.75,1
6301.75,0
6302.0,1
6305.0,0
6308.25,1
6308.5,0
6318.0,1
6318.25,0
6321.0,1
6322.0,0
6322.25,1
6323.0,0
6323.25,1
6324.0,0
6324.5,1
6325.25,0
6325.5,1
6327.75,0
6328.0,1
6328.5,0
6328.75,1
6329.0,0
6329.5,1
6329.75,0
6344.25,1
6344.5,0
6344.75,1
6345.25,0
6345.5,1
6345.75,0
6346.25,1
6346.5,0
6346.75,1
6348.5,0
6348.75,1
6349.25,0
6349.5,1
6351.5,0
6351.75,1
6353.5,0
6414.5,1
6414.75,0
6416.75,1
6417.5,0
6417.75,1
6418.5,0
6418.75,1
6419.25,0
6419.5,1
6419.75,0
6420.0,1
6420.75,0
6421.0,1
6423.25,0
6423.5,1
6425.0,0
6440.75,1
6443.0,0
6443.25,1
6443.75,0
6444.0,1
6445.5,0
6445.75,1
6446.0,0
6446.25,1
6446.75,0
6447.0,1
6447.5,0
6447.75,1
6448.25,0
6448.5,1
6449.0,0
6463.75,1
6464.0,0
6464.25,1
6464.75,0
6465.0,1
6468.75,0
6469.25,1
6469.5,0
6469.75,1
6470.0,0
6470.25,1
6470.5,0
6470.75,1
6473.5,0
6488.75,1
6489.0,0
6489.25,1
6490.0,0
6490.25,1
6490.5,0
6491.0,1
6492.5,0
6492.75,1
6495.5,0
6495.75,1
6497.5,0
6509.75,1
6510.0,0
6511.75,1
6512.0,0
6512.25,1
6512.5,0
6512.75,1
6516.5,0
6516.75,1
6520.0,0
6520.25,1
6520.75,0
6525.5,1
6525.75,0
6526.0,1
6526.25,0
6581.75,1
6582.0,0
6582.75,1
6583.0,0
6583.5,1
6583.75,0
6584.25,1
6584.5,0
6584.75,1
6585.0,0
6585.5,1
6586.5,0
6586.75,1
6588.5,0
6588.75,1
6592.75,0
6593.5,1
6593.75,0
6608.25,1
6608.5,0
6609.0,1
6609.25,0
6609.5,1
6611.0,0
6611.75,1
6612.0,0
6612.5,1
6613.0,0
6613.25,1
6613.5,0
6613.75,1
6614.5,0
6614.75,1
6615.25,0
6615.5,1
6616.5,0
6616.75,1
6617.0,0
6617.75,1
6618.0,0
6630.0,1
6630.25,0
6633.0,1
6633.25,0
6633.75,1
6635.75,0
6636.0,1
6636.25,0
6636.5,1
6638.0,0
6638.25,1
6640.5,0
6640.75,1
6641.5,0
6643.75,1
6644.0,0
6654.0,1
6654.25,0
6656.75,1
6657.75,0
6658.0,1
6658.5,0
6658.75,1
6661.0,0
6661.25,1
6661.5,0
6661.75,1
6662.5,0
6663.0,1
6663.5,0
6664.25,1
6665.25,0
6675.75,1
6676.0,0
6680.0,1
6680.25,0
6680.75,1
6681.0,0
6681.25,1
6681.5,0
6681.75,1
6682.75,0
6683.0,1
6683.25,0
6683.5,1
6685.5,0
6685.75,1
6687.75,0
6688.0,1
6688.25,0
6688.5,1
6689.0,0
6689.25,1
6689.5,0
6693.5,1
6693.75,0
6751.75,1
6752.0,0
6752.75,1
6753.0,0
6753.25,1
6754.25,0
6754.5,1
6755.0,0
6755.25,1
6756.5,0
6756.75,1
6758.0,0
6758.5,1
6759.5,0
6759.75,1
6760.25,0
6760.5,1
6761.0,0
6765.25,1
6765.5,0
6766.25,1
6766.5,0
6801.0,1
6801.25,0
6801.5,1
6802.25,0
6802.5,1
6804.5,0
6804.75,1
6805.0,0
6805.25,1
6806.5,0
6806.75,1
6807.25,0
6807.5,1
6808.0,0
6808.5,1
6809.25,0
6813.0,1
6813.25,0
6822.25,1
6822.5,0
6824.75,1
6825.25,0
6825.5,1
6827.25,0
6827.5,1
6829.0,0
6829.75,1
6830.0,0
6830.5,1
6832.25,0
6832.75,1
6833.0,0
6846.75,1
6847.25,0
6848.25,1
6848.5,0
6849.0,1
6849.5,0
6849.75,1
6850.75,0
6851.0,1
6851.25,0
6851.75,1
6852.25,0
6852.5,1
6853.25,0
6853.5,1
6853.75,0
6854.0,1
6854.75,0
6855.0,1
6855.75,0
6856.0,1
6857.5,0
6860.75,1
6861.25,0
6918.25,1
6918.5,0
6918.75,1
6919.0,0
6920.5,1
6920.75,0
6921.25,1
6922.0,0
6922.25,1
6922.5,0
6922.75,1
6923.75,0
6924.5,1
6925.0,0
6925.25,1
6926.0,0
6926.25,1
6927.0,0
6927.25,1
6928.0,0
6928.5,1
6929.0,0
6932.5,1
6932.75,0
6943.25,1
6944.0,0
6945.5,1
6945.75,0
6946.0,1
6947.25,0
6947.5,1
6947.75,0
6948.25,1
6950.75,0
6951.0,1
6951.25,0
6951.5,1
6952.75,0
6968.75,1
6969.0,0
6969.75,1
6970.25,0
6970.5,1
6971.0,0
6971.25,1
6973.0,0
6973.25,1
6974.0,0
6974.5,1
6975.75,0
6976.0,1
6976.25,0
6976.5,1
6977.0,0
6991.0,1
6991.25,0
6992.5,1
6993.0,0
6993.25,1
6994.5,0
6995.5,1
6997.75,0
6998.0,1
7000.0,0
7000.25,1
7000.75,0
7013.75,1
7014.0,0
7016.0,1
7016.25,0
7016.75,1
7017.25,0
7018.25,1
7020.25,0
7021.0,1
7021.5,0
7022.25,1
7022.5,0
7023.0,1
7024.0,0
7024.25,1
7025.0,0
7025.25,1
7025.5,0
7028.75,1
7029.0,0
7088.75,1
7089.75,0
7090.0,1
7090.5,0
7090.75,1
7091.75,0
7092.0,1
7094.25,0
7094.5,1
7095.0,0
7095.5,1
7096.0,0
7096.25,1
7097.0,0
7113.0,1
7113.5,0
7113.75,1
7114.5,0
7115.0,1
7115.25,0
7115.5,1
7115.75,0
7116.0,1
7116.5,0
7116.75,1
7117.25,0
7117.5,1
7117.75,0
7118.0,1
7119.25,0
7119.5,1
7120.25,0
7120.5,1
7121.25,0
7121.5,1
7121.75,0
7136.25,1
7136.5,0
7136.75,1
7139.75,0
7140.0,1
7140.75,0
7141.0,1
7142.25,0
7142.5,1
7144.25,0
7144.75,1
7145.25,0
7160.5,1
7160.75,0
7161.25,1
7161.75,0
7162.0,1
7163.5,0
7166.0,1
7166.25,0
7166.5,1
7169.25,0
7183.75,1
7184.0,0
7185.0,1
7186.5,0
7187.0,1
7187.25,0
7187.5,1
7187.75,0
7188.25,1
7189.0,0
7189.25,1
7189.75,0
7190.0,1
7190.25,0
7190.75,1
7191.5,0
7191.75,1
7192.5,0
7192.75,1
7193.0,0
7196.5,1
7196.75,0
7254.25,1
7254.75,0
7255.0,1
7255.25,0
7256.75,1
7257.0,0
7257.25,1
7257.75,0
7258.0,1
7258.25,0
7258.5,1
7259.0,0
7259.25,1
7259.5,0
7259.75,1
7260.0,0
7260.25,1
7260.75,0
7261.0,1
7261.5,0
7262.75,1
7263.0,0
7263.5,1
7264.25,0
7264.5,1
7264.75,0
7268.25,1
7268.5,0
7277.5,1
7277.75,0
7278.25,1
7278.5,0
7280.5,1
7281.0,0
7281.5,1
7282.25,0
7282.5,1
7283.75,0
7284.5,1
7285.25,0
7285.5,1
7285.75,0
7286.25,1
7286.75,0
7287.0,1
7288.0,0
7288.5,1
7289.0,0
7289.25,1
7289.5,0
7292.0,1
7292.25,0
7293.75,1
7294.0,0
7303.0,1
7303.25,0
7303.75,1
7304.0,0
7305.0,1
7306.75,0
7307.25,1
7307.75,0
7308.0,1
7308.5,0
7308.75,1
7309.25,0
7309.5,1
7312.0,0
7312.25,1
7312.5,0
7313.0,1
7313.75,0
7327.5,1
7328.0,0
7329.0,1
7330.0,0
7330.25,1
7330.75,0
7331.0,1
7331.75,0
7332.0,1
7332.5,0
7332.75,1
7333.0,0
7333.25,1
7333.5,0
7333.75,1
7334.0,0
7334.25,1
7334.75,0
7335.25,1
7336.0,0
7336.25,1
7336.5,0
7336.75,1
7337.25,0
7351.25,1
7351.5,0
7353.25,1
7355.0,0
7355.25,1
7355.5,0
7355.75,1
7356.25,0
7356.5,1
7357.75,0
7358.0,1
7360.0,0
7360.5,1
7360.75,0
7361.25,1
7361.5,0
7363.75,1
7364.0,0
7423.25,1
7423.5,0
7423.75,1
7424.0,0
7424.75,1
7425.0,0
7425.25,1
7428.5,0
7428.75,1
7429.5,0
7429.75,1
7430.5,0
7430.75,1
7431.5,0
7431.75,1
7432.5,0
7445.5,1
7445.75,0
7449.75,1
7450.75,0
7451.0,1
7451.75,0
7452.0,1
7453.0,0
7453.25,1
7453.75,0
7454.0,1
7454.5,0
7454.75,1
7455.75,0
7456.0,1
7456.5,0
7457.0,1
7457.5,0
7471.0,1
7471.25,0
7473.0,1
7473.25,0
7473.5,1
7474.25,0
7474.5,1
7475.5,0
7475.75,1
7476.5,0
7476.75,1
7477.0,0
7477.5,1
7480.25,0
7480.75,1
7481.25,0
7481.5,1
7481.75,0
7496.75,1
7497.25,0
7497.5,1
7499.5,0
7499.75,1
7500.25,0
7500.5,1
7500.75,0
7501.0,1
7501.25,0
7501.5,1
7503.0,0
7503.5,1
7505.0,0
7509.25,1
7509.5,0
7517.75,1
7518.0,0
7519.25,1
7519.5,0
7521.75,1
7522.75,0
7523.0,1
7524.0,0
7524.5,1
7524.75,0
7525.0,1
7525.25,0
7525.5,1
7526.5,0
7527.25,1
7529.25,0
7532.25,1
7532.5,0
7591.25,1
7591.5,0
7592.25,1
7592.5,0
7593.0,1
7595.25,0
7595.5,1
7597.75,0
7598.0,1
7598.25,0
7598.75,1
7599.25,0
7599.75,1
7601.0,0
7616.5,1
7616.75,0
7617.25,1
7617.5,0
7617.75,1
7618.25,0
7618.5,1
7620.5,0
7620.75,1
7621.0,0
7621.25,1
7621.5,0
7621.75,1
7622.0,0
7622.25,1
7622.5,0
7622.75,1
7625.0,0
7631.25,1
7631.5,0
7640.25,1
7640.5,0
7641.0,1
7641.25,0
7641.75,1
7642.25,0
7642.5,1
7643.5,0
7643.75,1
7644.0,0
7644.25,1
7645.0,0
7645.5,1
7646.25,0
7646.75,1
7647.5,0
7648.0,1
7648.25,0
7648.75,1
7649.0,0
7652.5,1
7652.75,0
7661.75,1
7662.0,0
7664.5,1
7664.75,0
7665.25,1
7666.75,0
7667.0,1
7669.5,0
7669.75,1
7670.0,0
7670.25,1
7670.5,0
7670.75,1
7671.0,0
7671.5,1
7672.0,0
7672.25,1
7673.25,0
7677.0,1
7677.25,0
7678.5,1
7678.75,0
7686.25,1
7686.5,0
7688.0,1
7688.5,0
7688.75,1
7689.5,0
7689.75,1
7693.5,0
7693.75,1
7697.25,0
7758.5,1
7759.0,0
7759.25,1
7759.5,0
7760.5,1
7761.0,0
7761.5,1
7762.5,0
7763.0,1
7764.5,0
7764.75,1
7765.5,0
7765.75,1
7766.25,0
7766.5,1
7767.25,0
7767.5,1
7767.75,0
7768.0,1
7768.25,0
7768.5,1
7769.25,0
7783.25,1
7783.5,0
7784.5,1
7785.0,0
7785.25,1
7786.25,0
7786.5,1
7788.0,0
7788.25,1
7791.0,0
7792.0,1
7792.75,0
7793.0,1
7793.5,0
7808.75,1
7809.0,0
7809.25,1
7809.5,0
7809.75,1
7810.0,0
7810.5,1
7811.5,0
7811.75,1
7812.0,0
7812.5,1
7813.0,0
7813.25,1
7814.25,0
7814.75,1
7817.5,0
7832.75,1
7833.5,0
7833.75,1
7834.0,0
7834.5,1
7835.75,0
7836.0,1
7836.5,0
7836.75,1
7837.75,0
7838.0,1
7839.25,0
7839.5,1
7839.75,0
7840.0,1
7840.5,0
7840.75,1
7841.0,0
7927.0,1
7927.5,0
7928.25,1
7928.5,0
7928.75,1
7929.0,0
7929.5,1
7929.75,0
7930.0,1
7931.5,0
7932.0,1
7932.25,0
7932.5,1
7936.0,0
7936.5,1
7937.5,0
7942.5,1
7942.75,0
7949.75,1
7950.0,0
7950.25,1
7950.5,0
7952.0,1
7952.25,0
7952.5,1
7952.75,0
7953.25,1
7953.5,0
7954.0,1
7954.25,0
7954.5,1
7954.75,0
7955.0,1
7956.0,0
7956.25,1
7956.5,0
7956.75,1
7959.75,0
7960.25,1
7960.5,0
7961.0,1
7961.25,0
7964.75,1
7965.0,0
7974.5,1
7974.75,0
7977.0,1
7977.5,0
7977.75,1
7978.0,0
7978.5,1
7979.0,0
7979.25,1
7980.75,0
7981.0,1
7982.5,0
7982.75,1
7983.75,0
7984.25,1
7985.5,0
8000.25,1
8000.5,0
8000.75,1
8002.5,0
8002.75,1
8004.0,0
8004.5,1
8005.0,0
8005.25,1
8006.25,0
8006.5,1
8007.0,0
8007.25,1
8007.75,0
8008.0,1
8009.0,0
8009.5,1
8009.75,0
8022.75,1
8023.0,0
8024.75,1
8026.25,0
8026.5,1
8028.0,0
8028.25,1
8028.5,0
8028.75,1
8030.0,0
8030.75,1
8031.0,0
8031.25,1
8033.25,0
8096.75,1
8098.5,0
8099.0,1
8099.5,0
8099.75,1
8100.75,0
8101.0,1
8103.5,0
8104.0,1
8105.5,0
8109.75,1
8110.0,0
8120.5,1
8120.75,0
8121.0,1
8121.5,0
8121.75,1
8126.25,0
8126.5,1
8127.25,0
8127.5,1
8128.0,0
8128.25,1
8129.0,0
8132.5,1
8132.75,0
8142.0,1
8142.25,0
8143.75,1
8145.0,0
8145.25,1
8145.5,0
8145.75,1
8146.5,0
8146.75,1
8147.5,0
8147.75,1
8148.25,0
8148.5,1
8149.0,0
8149.25,1
8149.5,0
8149.75,1
8150.0,0
8150.25,1
8151.0,0
8151.25,1
8151.75,0
8152.5,1
8153.0,0
8166.0,1
8166.25,0
8166.75,1
8167.0,0
8167.25,1
8167.5,0
8168.75,1
8169.0,0
8169.5,1
8170.25,0
8170.5,1
8170.75,0
8171.25,1
8171.5,0
8171.75,1
8172.5,0
8172.75,1
8174.0,0
8174.5,1
8176.75,0
8177.0,1
8177.25,0
8181.5,1
8181.75,0
8193.5,1
8196.75,0
8197.0,1
8197.25,0
8197.5,1
8198.5,0
8198.75,1
8199.25,0
8199.5,1
8200.75,0
8201.0,1
8201.5,0
8205.5,1
8205.75,0
8259.0,1
8259.5,0
8262.0,1
8262.25,0
8264.75,1
8266.25,0
8266.75,1
8268.25,0
8268.5,1
8271.5,0
8271.75,1
8273.25,0
8277.25,1
8277.5,0
8287.75,1
8288.0,0
8288.5,1
8288.75,0
8289.0,1
8289.25,0
8289.5,1
8290.5,0
8290.75,1
8292.25,0
8292.5,1
8292.75,0
8293.25,1
8294.0,0
8294.75,1
8295.75,0
8296.0,1
8296.5,0
8309.75,1
8310.0,0
8311.75,1
8312.0,0
8313.5,1
8317.0,0
8317.25,1
8318.0,0
8318.25,1
8318.5,0
8318.75,1
8320.0,0
8320.25,1
8320.75,0
8321.0,1
8321.25,0
8333.75,1
8334.0,0
8335.0,1
8335.25,0
8335.75,1
8336.0,0
8336.25,1
8336.5,0
8337.5,1
8341.25,0
8341.5,1
8342.25,0
8342.5,1
8343.75,0
8344.0,1
8345.0,0
8357.75,1
8358.0,0
8359.5,1
8359.75,0
8361.25,1
8366.75,0
8367.0,1
8368.0,0
8368.5,1
8368.75,0
8369.0,1
8369.25,0
8373.75,1
8374.0,0
8430.25,1
8430.5,0
8430.75,1
8431.0,0
8433.0,1
8433.25,0
8433.5,1
8435.5,0
8435.75,1
8436.0,0
8436.5,1
8437.75,0
8438.0,1
8438.5,0
8438.75,1
8440.5,0
8440.75,1
8441.0,0
8445.0,1
8445.25,0
8446.25,1
8446.5,0
8457.25,1
8457.5,0
8458.0,1
8458.75,0
8459.5,1
8461.75,0
8462.0,1
8462.25,0
8463.0,1
8463.5,0
8463.75,1
8465.25,0
8468.75,1
8469.0,0
8481.25,1
8481.5,0
8481.75,1
8483.5,0
8483.75,1
8485.5,0
8485.75,1
8486.0,0
8486.5,1
8489.75,0
8493.25,1
8493.5,0
8502.25,1
8502.5,0
8503.5,1
8503.75,0
8505.0,1
8505.75,0
8506.0,1
8507.25,0
8507.5,1
8508.75,0
8509.0,1
8509.75,0
8510.5,1
8510.75,0
8511.0,1
8511.75,0
8512.0,1
8512.5,0
8513.0,1
8513.25,0
8516.5,1
8516.75,0
8517.0,1
8517.25,0
8525.5,1
8525.75,0
8526.0,1
8526.25,0
8529.0,1
8532.75,0
8533.25,1
8536.25,0
8622.5,1
8623.0,0
8624.25,1
8624.5,0
8625.25,1
8626.75,0
8627.0,1
8627.25,0
8628.5,1
8630.25,0
8630.5,1
8631.0,0
8631.25,1
8632.0,0
8632.25,1
8633.25,0
8646.25,1
8646.5,0
8647.25,1
8647.5,0
8648.5,1
8649.0,0
8649.25,1
8650.25,0
8651.0,1
8651.25,0
8651.75,1
8652.75,0
8653.0,1
8654.75,0
8655.0,1
8655.75,0
8656.0,1
8656.25,0
8656.5,1
8657.0,0
8669.5,1
8669.75,0
8672.0,1
8672.5,0
8672.75,1
8674.75,0
8675.0,1
8679.25,0
8679.5,1
8680.5,0
8680.75,1
8681.0,0
8681.5,1
8681.75,0
8694.25,1
8694.5,0
8696.5,1
8697.0,0
8697.25,1
8699.75,0
8700.0,1
8700.5,0
8700.75,1
8702.0,0
8702.25,1
8702.5,0
8702.75,1
8703.0,0
8703.5,1
8704.25,0
8704.5,1
8705.25,0
