#1


float Room-213 (4229,2)
0.0,0
33.25,1
34.25,0
34.75,1
35.75,0
36.0,1
37.25,0
37.5,1
37.75,0
38.25,1
39.25,0
39.5,1
40.25,0
40.5,1
41.25,0
54.5,1
54.75,0
55.0,1
55.25,0
57.25,1
58.0,0
58.25,1
59.25,0
59.5,1
60.25,0
60.5,1
60.75,0
61.0,1
63.5,0
63.75,1
64.25,0
64.5,1
65.0,0
69.0,1
69.25,0
78.25,1
78.5,0
80.25,1
80.5,0
80.75,1
81.0,0
81.25,1
81.75,0
82.0,1
82.5,0
82.75,1
87.0,0
87.25,1
89.25,0
104.25,1
105.25,0
106.0,1
106.5,0
106.75,1
107.75,0
108.25,1
108.75,0
109.0,1
109.5,0
109.75,1
110.0,0
110.25,1
110.5,0
111.25,1
112.0,0
112.25,1
112.5,0
113.0,1
113.25,0
129.0,1
129.25,0
129.5,1
132.0,0
132.5,1
133.5,0
134.0,1
134.5,0
134.75,1
135.25,0
135.5,1
135.75,0
136.25,1
137.0,0
199.5,1
200.0,0
201.0,1
201.5,0
201.75,1
202.0,0
202.25,1
203.5,0
203.75,1
206.25,0
206.5,1
207.0,0
207.25,1
208.25,0
208.5,1
209.25,0
213.25,1
213.5,0
222.75,1
223.0,0
224.75,1
225.0,0
225.25,1
225.75,0
226.25,1
228.75,0
229.0,1
229.5,0
230.0,1
233.0,0
233.5,1
233.75,0
247.75,1
248.0,0
248.5,1
248.75,0
249.25,1
249.5,0
249.75,1
250.75,0
251.0,1
252.0,0
252.5,1
252.75,0
253.0,1
253.5,0
253.75,1
254.25,0
255.0,1
256.75,0
257.25,1
257.5,0
261.0,1
261.25,0
262.75,1
263.0,0
270.5,1
270.75,0
271.75,1
272.0,0
273.25,1
273.75,0
274.0,1
277.5,0
277.75,1
281.25,0
295.5,1
295.75,0
296.25,1
296.5,0
296.75,1
297.5,0
298.0,1
298.25,0
298.5,1
298.75,0
299.0,1
299.25,0
299.5,1
300.75,0
301.0,1
301.5,0
301.75,1
302.0,0
302.5,1
302.75,0
303.25,1
304.5,0
366.75,1
367.0,0
369.25,1
369.5,0
369.75,1
371.0,0
371.25,1
371.5,0
371.75,1
372.0,0
372.25,1
372.5,0
372.75,1
373.0,0
373.25,1
373.75,0
374.5,1
375.0,0
375.25,1
377.25,0
390.25,1
390.5,0
390.75,1
391.0,0
392.75,1
393.0,0
394.0,1
395.5,0
395.75,1
396.0,0
396.25,1
398.5,0
398.75,1
399.0,0
399.5,1
400.5,0
401.0,1
401.25,0
406.5,1
406.75,0
441.0,1
442.25,0
442.75,1
443.25,0
443.5,1
443.75,0
444.5,1
445.75,0
446.0,1
446.25,0
446.75,1
449.0,0
452.25,1
452.5,0
462.75,1
463.25,0
465.25,1
466.75,0
467.0,1
467.5,0
468.0,1
469.0,0
469.25,1
469.75,0
470.0,1
471.0,0
471.25,1
472.0,0
472.25,1
473.0,0
473.25,1
473.5,0
534.0,1
534.25,0
535.25,1
535.75,0
537.0,1
537.25,0
537.5,1
538.0,0
538.25,1
538.5,0
538.75,1
539.25,0
539.5,1
539.75,0
540.25,1
542.25,0
542.5,1
543.0,0
543.25,1
545.0,0
548.75,1
549.0,0
557.75,1
558.0,0
558.75,1
559.0,0
561.0,1
562.0,0
562.25,1
562.5,0
563.0,1
564.75,0
565.25,1
565.75,0
566.0,1
567.5,0
567.75,1
568.75,0
569.0,1
569.25,0
582.75,1
583.0,0
584.75,1
585.0,0
585.25,1
587.75,0
588.0,1
590.25,0
590.5,1
590.75,0
591.0,1
592.5,0
592.75,1
593.0,0
607.0,1
607.25,0
608.75,1
609.25,0
609.5,1
611.25,0
611.5,1
613.5,0
614.5,1
616.5,0
617.0,1
617.25,0
617.5,1
617.75,0
620.75,1
621.0,0
623.25,1
623.5,0
630.5,1
630.75,0
632.5,1
633.5,0
633.75,1
635.25,0
636.0,1
639.5,0
639.75,1
641.25,0
641.5,1
641.75,0
703.25,1
703.5,0
703.75,1
704.0,0
704.75,1
705.25,0
705.5,1
705.75,0
706.0,1
706.25,0
706.5,1
707.25,0
707.75,1
709.5,0
709.75,1
710.5,0
711.0,1
711.75,0
712.0,1
712.5,0
712.75,1
713.25,0
726.25,1
726.5,0
729.0,1
731.25,0
731.5,1
732.0,0
732.25,1
734.0,0
734.5,1
735.0,0
735.25,1
736.0,0
736.25,1
737.25,0
750.0,1
750.25,0
753.5,1
754.0,0
754.25,1
754.75,0
755.25,1
755.5,0
755.75,1
756.5,0
756.75,1
757.25,0
757.75,1
758.5,0
759.0,1
759.25,0
759.75,1
760.0,0
760.25,1
760.75,0
765.5,1
766.25,0
774.5,1
775.0,0
777.0,1
777.25,0
777.5,1
777.75,0
778.0,1
778.25,0
778.75,1
780.5,0
781.0,1
781.25,0
781.75,1
784.0,0
784.25,1
784.75,0
798.25,1
798.5,0
798.75,1
799.0,0
801.0,1
801.25,0
802.25,1
804.0,0
804.5,1
805.25,0
805.75,1
806.0,0
806.25,1
806.5,0
806.75,1
807.0,0
807.25,1
808.25,0
808.5,1
809.25,0
872.75,1
873.75,0
874.0,1
874.5,0
875.0,1
876.75,0
877.25,1
877.5,0
877.75,1
879.25,0
879.5,1
879.75,0
880.0,1
881.25,0
884.0,1
884.25,0
894.25,1
894.5,0
895.0,1
895.25,0
897.0,1
897.25,0
897.5,1
897.75,0
898.25,1
900.75,0
901.75,1
903.5,0
903.75,1
904.0,0
904.25,1
904.75,0
905.25,1
905.5,0
908.0,1
908.25,0
908.75,1
909.0,0
918.75,1
919.0,0
921.5,1
922.0,0
922.25,1
922.5,0
922.75,1
923.25,0
923.5,1
927.25,0
927.5,1
928.0,0
928.25,1
929.25,0
944.75,1
945.0,0
945.5,1
946.25,0
946.5,1
948.0,0
949.25,1
949.5,0
949.75,1
950.0,0
950.75,1
951.25,0
951.5,1
953.25,0
966.5,1
966.75,0
968.75,1
969.75,0
970.25,1
972.25,0
972.5,1
972.75,0
973.0,1
974.5,0
975.0,1
976.5,0
976.75,1
977.0,0
1040.5,1
1041.0,0
1041.5,1
1041.75,0
1042.0,1
1042.5,0
1043.0,1
1043.25,0
1044.25,1
1044.5,0
1044.75,1
1046.0,0
1046.25,1
1047.5,0
1047.75,1
1048.75,0
1049.0,1
1049.25,0
1052.75,1
1053.0,0
1054.0,1
1054.25,0
1065.5,1
1066.25,0
1066.5,1
1067.0,0
1067.25,1
1068.25,0
1068.5,1
1069.25,0
1070.0,1
1071.0,0
1071.25,1
1073.0,0
1073.75,1
1074.0,0
1112.75,1
1113.25,0
1113.5,1
1115.75,0
1116.0,1
1116.25,0
1116.5,1
1118.0,0
1118.25,1
1119.25,0
1119.75,1
1120.5,0
1121.0,1
1121.25,0
1121.5,1
1122.0,0
1134.0,1
1134.25,0
1136.75,1
1137.5,0
1137.75,1
1138.0,0
1138.25,1
1138.5,0
1138.75,1
1142.75,0
1143.0,1
1144.5,0
1145.0,1
1145.75,0
1209.25,1
1209.75,0
1210.0,1
1210.5,0
1211.0,1
1212.5,0
1212.75,1
1214.0,0
1214.25,1
1215.0,0
1215.25,1
1217.0,0
1230.75,1
1231.0,0
1232.75,1
1233.5,0
1234.0,1
1236.5,0
1236.75,1
1237.75,0
1238.0,1
1238.5,0
1238.75,1
1239.25,0
1239.5,1
1240.0,0
1240.5,1
1241.5,0
1243.75,1
1244.0,0
1253.75,1
1254.0,0
1256.0,1
1256.25,0
1256.75,1
1257.0,0
1257.25,1
1258.75,0
1259.0,1
1259.5,0
1260.0,1
1260.5,0
1260.75,1
1261.0,0
1261.5,1
1262.25,0
1262.75,1
1263.5,0
1263.75,1
1264.75,0
1265.0,1
1265.25,0
1273.75,1
1274.0,0
1278.5,1
1278.75,0
1279.25,1
1279.5,0
1281.25,1
1282.25,0
1282.5,1
1283.5,0
1283.75,1
1284.0,0
1284.25,1
1284.5,0
1284.75,1
1285.5,0
1285.75,1
1286.0,0
1286.25,1
1287.75,0
1288.0,1
1288.75,0
1289.0,1
1289.25,0
1302.5,1
1302.75,0
1303.0,1
1303.25,0
1305.0,1
1307.25,0
1307.5,1
1310.25,0
1310.75,1
1312.0,0
1312.25,1
1312.75,0
1377.25,1
1378.0,0
1378.5,1
1379.75,0
1380.0,1
1380.75,0
1381.0,1
1381.25,0
1381.5,1
1383.75,0
1384.0,1
1385.5,0
1399.0,1
1399.25,0
1401.0,1
1401.25,0
1401.5,1
1403.5,0
1404.5,1
1406.5,0
1407.0,1
1408.5,0
1408.75,1
1409.0,0
1413.5,1
1413.75,0
1422.0,1
1422.5,0
1423.0,1
1423.25,0
1424.5,1
1424.75,0
1425.25,1
1425.5,0
1425.75,1
1426.75,0
1427.25,1
1427.75,0
1428.0,1
1428.25,0
1428.5,1
1430.0,0
1430.25,1
1431.0,0
1431.5,1
1432.25,0
1432.5,1
1432.75,0
1448.75,1
1449.0,0
1449.5,1
1450.0,0
1450.25,1
1451.0,0
1451.25,1
1451.75,0
1452.25,1
1452.5,0
1452.75,1
1453.0,0
1453.25,1
1454.75,0
1455.5,1
1456.25,0
1456.5,1
1456.75,0
1457.25,1
1457.5,0
1471.25,1
1471.5,0
1473.75,1
1474.25,0
1474.5,1
1476.25,0
1476.5,1
1476.75,0
1477.0,1
1477.25,0
1477.5,1
1477.75,0
1478.0,1
1479.25,0
1479.5,1
1480.25,0
1480.5,1
1480.75,0
1481.25,1
1481.5,0
1541.5,1
1541.75,0
1545.25,1
1545.5,0
1546.0,1
1548.75,0
1549.25,1
1549.5,0
1549.75,1
1552.0,0
1552.25,1
1552.75,0
1553.0,1
1553.25,0
1566.5,1
1566.75,0
1567.25,1
1567.5,0
1567.75,1
1568.0,0
1569.5,1
1572.25,0
1572.5,1
1573.0,0
1573.25,1
1573.5,0
1573.75,1
1576.0,0
1576.25,1
1577.5,0
1580.5,1
1580.75,0
1591.0,1
1591.25,0
1593.0,1
1596.25,0
1596.5,1
1597.25,0
1597.5,1
1597.75,0
1598.0,1
1599.25,0
1599.5,1
1599.75,0
1600.0,1
1600.25,0
1600.5,1
1601.0,0
1605.0,1
1605.25,0
1614.5,1
1614.75,0
1617.0,1
1617.25,0
1617.5,1
1618.5,0
1619.0,1
1619.5,0
1620.5,1
1621.25,0
1621.5,1
1622.0,0
1622.25,1
1624.0,0
1624.25,1
1624.5,0
1624.75,1
1625.0,0
1628.75,1
1629.0,0
1639.75,1
1640.0,0
1641.25,1
1641.75,0
1642.0,1
1643.25,0
1643.5,1
1645.25,0
1645.5,1
1646.75,0
1647.0,1
1649.25,0
1651.5,1
1651.75,0
1652.75,1
1653.0,0
1710.5,1
1710.75,0
1712.75,1
1713.0,0
1713.25,1
1713.75,0
1714.0,1
1714.75,0
1715.0,1
1715.5,0
1716.0,1
1716.25,0
1716.5,1
1717.0,0
1718.0,1
1718.5,0
1719.25,1
1719.75,0
1720.0,1
1720.25,0
1720.5,1
1720.75,0
1734.0,1
1734.25,0
1736.5,1
1737.0,0
1737.25,1
1738.0,0
1738.25,1
1739.25,0
1739.5,1
1740.0,0
1740.5,1
1740.75,0
1741.0,1
1741.75,0
1742.25,1
1742.5,0
1742.75,1
1743.5,0
1743.75,1
1744.5,0
1745.25,1
1745.5,0
1749.75,1
1750.0,0
1758.0,1
1758.25,0
1761.25,1
1761.5,0
1761.75,1
1762.0,0
1762.25,1
1763.5,0
1763.75,1
1764.25,0
1764.5,1
1765.5,0
1765.75,1
1766.0,0
1766.25,1
1766.75,0
1767.0,1
1767.25,0
1767.5,1
1768.0,0
1768.25,1
1769.0,0
1774.0,1
1774.25,0
1781.75,1
1782.0,0
1782.75,1
1783.0,0
1785.5,1
1786.25,0
1786.5,1
1788.0,0
1788.25,1
1788.5,0
1789.0,1
1789.5,0
1789.75,1
1791.0,0
1791.25,1
1791.5,0
1791.75,1
1792.75,0
1793.0,1
1793.5,0
1807.25,1
1807.5,0
1808.25,1
1808.5,0
1809.0,1
1809.25,0
1809.5,1
1811.0,0
1811.25,1
1813.25,0
1813.75,1
1816.5,0
1816.75,1
1817.0,0
1817.25,1
1817.5,0
1821.75,1
1822.0,0
1879.75,1
1880.0,0
1881.25,1
1881.5,0
1881.75,1
1883.5,0
1883.75,1
1884.0,0
1884.5,1
1884.75,0
1885.75,1
1887.25,0
1887.5,1
1888.5,0
1889.0,1
1889.5,0
1893.5,1
1893.75,0
1903.0,1
1903.25,0
1904.75,1
1905.0,0
1905.25,1
1905.5,0
1906.0,1
1906.25,0
1906.5,1
1907.0,0
1907.25,1
1907.75,0
1908.0,1
1908.25,0
1908.5,1
1909.0,0
1909.25,1
1912.75,0
1913.0,1
1913.5,0
1915.5,1
1915.75,0
1929.0,1
1932.25,0
1932.5,1
1933.5,0
1934.0,1
1934.25,0
1934.75,1
1935.0,0
1935.25,1
1935.5,0
1935.75,1
1936.0,0
1936.25,1
1936.5,0
1936.75,1
1937.5,0
1950.25,1
1950.5,0
1952.0,1
1952.25,0
1953.0,1
1956.0,0
1956.5,1
1957.75,0
1958.5,1
1960.5,0
1960.75,1
1961.5,0
1963.75,1
1964.0,0
1965.0,1
1965.25,0
1974.75,1
1975.0,0
1975.5,1
1975.75,0
1976.5,1
1976.75,0
1977.0,1
1977.25,0
1977.5,1
1978.75,0
1979.0,1
1982.0,0
1982.75,1
1983.0,0
1983.25,1
1983.75,0
1984.0,1
1984.5,0
1985.25,1
1985.75,0
2048.5,1
2049.0,0
2049.5,1
2049.75,0
2050.0,1
2051.0,0
2051.25,1
2052.25,0
2052.5,1
2053.25,0
2053.5,1
2054.0,0
2054.25,1
2056.25,0
2056.5,1
2056.75,0
2057.5,1
2057.75,0
2061.5,1
2061.75,0
2071.0,1
2071.25,0
2072.5,1
2072.75,0
2073.0,1
2074.5,0
2074.75,1
2075.25,0
2075.75,1
2076.5,0
2076.75,1
2077.75,0
2078.25,1
2078.5,0
2078.75,1
2079.0,0
2079.5,1
2079.75,0
2080.0,1
2081.25,0
2095.25,1
2095.5,0
2096.25,1
2096.5,0
2096.75,1
2097.0,0
2097.25,1
2097.5,0
2097.75,1
2103.0,0
2103.25,1
2104.25,0
2104.5,1
2104.75,0
2108.25,1
2108.5,0
2118.0,1
2118.25,0
2121.0,1
2121.5,0
2121.75,1
2122.5,0
2122.75,1
2125.25,0
2125.5,1
2126.5,0
2126.75,1
2129.0,0
2132.75,1
2133.0,0
2133.5,1
2133.75,0
2134.25,1
2134.5,0
2143.0,1
2143.25,0
2143.5,1
2143.75,0
2145.0,1
2146.0,0
2146.25,1
2147.5,0
2147.75,1
2148.0,0
2148.25,1
2149.25,0
2149.75,1
2152.75,0
2156.5,1
2156.75,0
2215.75,1
2216.0,0
2217.0,1
2217.25,0
2217.5,1
2218.25,0
2218.5,1
2220.0,0
2220.25,1
2220.75,0
2221.0,1
2222.5,0
2223.0,1
2223.25,0
2223.75,1
2224.5,0
2224.75,1
2225.5,0
2227.75,1
2228.0,0
2239.75,1
2240.0,0
2240.75,1
2244.25,0
2244.5,1
2245.5,0
2245.75,1
2248.25,0
2249.0,1
2249.5,0
2262.75,1
2263.0,0
2265.0,1
2266.75,0
2267.0,1
2267.5,0
2268.0,1
2269.0,0
2269.75,1
2270.0,0
2270.75,1
2272.0,0
2272.25,1
2272.75,0
2273.0,1
2273.25,0
2276.25,1
2276.75,0
2287.25,1
2287.5,0
2288.0,1
2288.5,0
2289.0,1
2291.0,0
2291.25,1
2292.75,0
2293.0,1
2296.25,0
2296.5,1
2297.0,0
2300.75,1
2301.0,0
2302.25,1
2302.5,0
2311.0,1
2311.25,0
2311.5,1
2311.75,0
2312.25,1
2312.5,0
2312.75,1
2313.0,0
2313.5,1
2314.25,0
2314.5,1
2315.5,0
2315.75,1
2316.0,0
2316.25,1
2316.5,0
2317.0,1
2319.75,0
2320.25,1
2321.0,0
2381.75,1
2382.0,0
2385.5,1
2386.0,0
2386.5,1
2387.25,0
2387.5,1
2388.25,0
2389.25,1
2392.5,0
2392.75,1
2393.0,0
2405.5,1
2405.75,0
2407.25,1
2407.5,0
2409.25,1
2410.25,0
2410.5,1
2411.5,0
2411.75,1
2412.75,0
2413.25,1
2413.5,0
2413.75,1
2414.0,0
2414.25,1
2414.5,0
2414.75,1
2416.25,0
2416.5,1
2417.0,0
2417.25,1
2417.5,0
2431.75,1
2432.0,0
2432.75,1
2433.25,0
2433.5,1
2435.5,0
2435.75,1
2436.0,0
2436.5,1
2437.25,0
2437.5,1
2438.5,0
2438.75,1
2439.75,0
2440.0,1
2440.5,0
2440.75,1
2441.0,0
2441.5,1
2441.75,0
2454.5,1
2455.0,0
2455.25,1
2455.5,0
2457.0,1
2457.25,0
2457.75,1
2458.0,0
2458.25,1
2460.5,0
2461.0,1
2461.25,0
2461.5,1
2461.75,0
2462.0,1
2464.75,0
2465.0,1
2465.25,0
2470.0,1
2470.25,0
2470.5,1
2470.75,0
2478.5,1
2478.75,0
2479.0,1
2479.5,0
2480.25,1
2481.25,0
2481.5,1
2482.0,0
2482.25,1
2482.75,0
2483.0,1
2486.0,0
2486.25,1
2488.0,0
2488.25,1
2489.25,0
2550.5,1
2550.75,0
2553.25,1
2554.0,0
2554.25,1
2555.75,0
2556.0,1
2557.25,0
2557.5,1
2557.75,0
2558.0,1
2558.25,0
2558.5,1
2560.75,0
2561.0,1
2561.5,0
2564.5,1
2564.75,0
2565.0,1
2565.25,0
2575.75,1
2576.0,0
2577.25,1
2578.0,0
2578.25,1
2578.5,0
2578.75,1
2580.0,0
2580.25,1
2581.5,0
2581.75,1
2582.25,0
2582.5,1
2583.5,0
2583.75,1
2585.25,0
2589.75,1
2590.0,0
2600.5,1
2600.75,0
2601.0,1
2601.25,0
2601.5,1
2601.75,0
2602.0,1
2603.75,0
2604.0,1
2604.75,0
2605.0,1
2605.75,0
2606.0,1
2607.25,0
2607.5,1
2607.75,0
2608.0,1
2608.25,0
2608.5,1
2608.75,0
2609.0,1
2609.25,0
2623.75,1
2624.0,0
2625.25,1
2629.25,0
2629.5,1
2631.5,0
2631.75,1
2633.25,0
2646.5,1
2646.75,0
2647.25,1
2647.5,0
2649.5,1
2650.0,0
2650.25,1
2650.5,0
2650.75,1
2651.75,0
2652.0,1
2653.25,0
2654.0,1
2654.25,0
2654.5,1
2654.75,0
2655.0,1
2656.75,0
2657.0,1
2657.5,0
2662.5,1
2662.75,0
2720.75,1
2721.25,0
2721.5,1
2724.5,0
2724.75,1
2725.25,0
2725.5,1
2728.0,0
2728.5,1
2729.5,0
2742.5,1
2742.75,0
2743.0,1
2743.25,0
2744.0,1
2744.25,0
2744.75,1
2745.25,0
2745.5,1
2746.75,0
2747.0,1
2748.0,0
2748.25,1
2749.25,0
2749.75,1
2752.0,0
2752.25,1
2753.25,0
2766.75,1
2767.0,0
2767.25,1
2767.5,0
2767.75,1
2768.0,0
2769.0,1
2769.5,0
2769.75,1
2770.25,0
2770.5,1
2771.0,0
2771.5,1
2775.75,0
2776.0,1
2777.0,0
2792.5,1
2792.75,0
2793.0,1
2794.25,0
2794.75,1
2795.5,0
2795.75,1
2796.25,0
2796.5,1
2797.75,0
2798.0,1
2800.0,0
2800.25,1
2800.75,0
2801.25,1
2801.5,0
2815.25,1
2815.5,0
2816.5,1
2816.75,0
2817.75,1
2818.0,0
2818.5,1
2820.25,0
2820.5,1
2821.25,0
2821.75,1
2823.75,0
2824.5,1
2825.0,0
2886.75,1
2887.0,0
2889.0,1
2889.25,0
2889.5,1
2891.25,0
2891.5,1
2892.5,0
2892.75,1
2893.0,0
2893.25,1
2893.5,0
2893.75,1
2894.0,0
2894.25,1
2894.75,0
2895.0,1
2896.75,0
2902.25,1
2902.5,0
2912.75,1
2914.0,0
2914.5,1
2915.0,0
2915.25,1
2915.75,0
2916.0,1
2916.25,0
2916.5,1
2917.0,0
2917.25,1
2917.5,0
2918.0,1
2918.75,0
2919.0,1
2919.75,0
2920.0,1
2921.0,0
2921.25,1
2921.5,0
2934.0,1
2934.25,0
2935.75,1
2936.0,0
2936.75,1
2941.25,0
2941.75,1
2943.0,0
2943.5,1
2944.0,0
2944.5,1
2944.75,0
2959.75,1
2960.0,0
2960.5,1
2960.75,0
2961.0,1
2964.25,0
2964.5,1
2965.75,0
2966.0,1
2967.75,0
2968.0,1
2968.5,0
2969.0,1
2969.25,0
2972.25,1
2972.5,0
2982.25,1
2982.5,0
2985.0,1
2988.5,0
2988.75,1
2989.0,0
2989.25,1
2990.5,0
2990.75,1
2993.25,0
2994.25,1
2994.5,0
3055.25,1
3055.5,0
3055.75,1
3056.0,0
3056.75,1
3057.0,0
3057.25,1
3057.5,0
3058.0,1
3058.75,0
3059.0,1
3061.0,0
3061.25,1
3062.25,0
3062.5,1
3063.75,0
3064.0,1
3065.0,0
3071.5,1
3071.75,0
3076.5,1
3076.75,0
3081.0,1
3083.75,0
3084.0,1
3084.25,0
3084.5,1
3085.75,0
3086.0,1
3087.5,0
3087.75,1
3088.75,0
3089.0,1
3089.25,0
3093.25,1
3093.5,0
3101.75,1
3102.0,0
3102.5,1
3102.75,0
3103.0,1
3103.5,0
3105.25,1
3105.5,0
3105.75,1
3107.25,0
3107.5,1
3108.0,0
3108.25,1
3109.25,0
3109.5,1
3109.75,0
3110.0,1
3110.5,0
3110.75,1
3112.75,0
3113.0,1
3113.25,0
3115.75,1
3116.0,0
3127.5,1
3127.75,0
3128.0,1
3128.25,0
3129.0,1
3129.25,0
3129.5,1
3129.75,0
3130.0,1
3131.25,0
3131.5,1
3134.5,0
3135.0,1
3135.75,0
3136.25,1
3136.75,0
3137.5,1
3137.75,0
3140.75,1
3141.0,0
3151.5,1
3151.75,0
3153.25,1
3154.5,0
3154.75,1
3156.5,0
3157.0,1
3158.5,0
3158.75,1
3159.5,0
3159.75,1
3161.0,0
3162.25,1
3162.5,0
3165.25,1
3165.5,0
3225.25,1
3226.75,0
3227.0,1
3227.25,0
3227.5,1
3227.75,0
3228.0,1
3228.25,0
3228.5,1
3228.75,0
3229.0,1
3229.75,0
3230.0,1
3230.75,0
3231.0,1
3232.25,0
3232.5,1
3233.0,0
3246.0,1
3246.25,0
3249.25,1
3250.75,0
3251.0,1
3252.25,0
3252.75,1
3253.75,0
3254.0,1
3254.25,0
3254.5,1
3254.75,0
3255.0,1
3256.5,0
3256.75,1
3257.0,0
3257.25,1
3257.5,0
3271.75,1
3272.0,0
3273.25,1
3273.5,0
3273.75,1
3275.75,0
3276.25,1
3277.25,0
3277.5,1
3279.75,0
3280.25,1
3281.25,0
3285.5,1
3285.75,0
3296.5,1
3296.75,0
3297.0,1
3297.25,0
3297.5,1
3299.0,0
3299.25,1
3300.25,0
3300.5,1
3301.0,0
3301.25,1
3305.25,0
3318.0,1
3318.25,0
3320.25,1
3321.0,0
3321.5,1
3322.75,0
3323.0,1
3324.0,0
3324.25,1
3327.75,0
3328.25,1
3329.25,0
3391.0,1
3391.25,0
3393.0,1
3395.75,0
3396.25,1
3397.5,0
3397.75,1
3399.5,0
3399.75,1
3401.0,0
3415.25,1
3415.5,0
3416.0,1
3416.25,0
3416.75,1
3417.25,0
3417.75,1
3420.5,0
3420.75,1
3421.0,0
3421.25,1
3424.75,0
3429.5,1
3429.75,0
3430.25,1
3430.5,0
3441.0,1
3443.0,0
3443.5,1
3444.25,0
3444.5,1
3446.5,0
3446.75,1
3447.25,0
3447.75,1
3448.5,0
3449.25,1
3449.5,0
3454.0,1
3454.25,0
3464.25,1
3464.5,0
3464.75,1
3465.0,0
3465.25,1
3466.25,0
3466.5,1
3468.25,0
3468.5,1
3469.0,0
3469.25,1
3470.5,0
3471.0,1
3471.25,0
3471.5,1
3472.5,0
3472.75,1
3473.25,0
3477.25,1
3477.5,0
3486.0,1
3486.25,0
3487.0,1
3487.25,0
3488.75,1
3489.0,0
3489.25,1
3489.75,0
3490.0,1
3492.75,0
3493.0,1
3493.25,0
3493.5,1
3494.25,0
3494.5,1
3496.0,0
3496.25,1
3497.0,0
3560.0,1
3560.25,0
3561.25,1
3562.0,0
3562.25,1
3564.75,0
3565.5,1
3568.5,0
3568.75,1
3569.25,0
3569.75,1
3570.0,0
3573.0,1
3573.25,0
3606.5,1
3606.75,0
3608.75,1
3609.25,0
3609.5,1
3610.25,0
3610.5,1
3611.5,0
3612.25,1
3613.0,0
3613.25,1
3615.0,0
3615.25,1
3616.0,0
3616.25,1
3616.5,0
3616.75,1
3617.0,0
3617.25,1
3617.5,0
3622.0,1
3622.25,0
3629.75,1
3630.0,0
3630.5,1
3630.75,0
3631.25,1
3631.5,0
3632.25,1
3632.5,0
3632.75,1
3633.0,0
3633.25,1
3634.0,0
3634.25,1
3635.0,0
3635.5,1
3636.25,0
3636.5,1
3637.0,0
3637.5,1
3637.75,0
3638.0,1
3638.5,0
3639.25,1
3640.0,0
3640.75,1
3641.0,0
3657.25,1
3659.25,0
3659.5,1
3661.0,0
3661.25,1
3664.0,0
3664.25,1
3664.5,0
3665.0,1
3665.25,0
3729.5,1
3730.0,0
3730.25,1
3733.25,0
3733.5,1
3736.5,0
3736.75,1
3737.0,0
3737.5,1
3737.75,0
3753.5,1
3754.75,0
3755.0,1
3756.75,0
3757.25,1
3760.25,0
3760.5,1
3760.75,0
3761.0,1
3761.25,0
3775.0,1
3775.25,0
3776.25,1
3777.25,0
3777.5,1
3778.25,0
3778.5,1
3779.0,0
3779.25,1
3780.5,0
3781.0,1
3783.75,0
3784.0,1
3785.25,0
3798.5,1
3798.75,0
3800.75,1
3801.0,0
3801.25,1
3806.0,0
3806.25,1
3806.5,0
3806.75,1
3809.25,0
3822.75,1
3823.0,0
3824.75,1
3825.25,0
3825.5,1
3826.75,0
3827.0,1
3828.0,0
3828.25,1
3828.75,0
3829.0,1
3829.75,0
3830.0,1
3831.5,0
3832.0,1
3833.0,0
3838.25,1
3838.5,0
3894.5,1
3895.0,0
3896.75,1
3897.25,0
3897.5,1
3898.0,0
3898.25,1
3900.0,0
3900.25,1
3901.25,0
3901.5,1
3905.25,0
3918.0,1
3918.25,0
3920.0,1
3920.25,0
3920.75,1
3921.25,0
3921.5,1
3923.0,0
3923.25,1
3923.5,0
3923.75,1
3924.75,0
3925.25,1
3925.5,0
3925.75,1
3926.0,0
3926.25,1
3928.25,0
3928.5,1
3929.0,0
3943.25,1
3943.5,0
3945.0,1
3945.25,0
3945.5,1
3946.25,0
3946.5,1
3947.75,0
3948.0,1
3949.25,0
3949.5,1
3950.25,0
3950.5,1
3952.5,0
3953.0,1
3953.25,0
3953.75,1
3954.0,0
3957.0,1
3957.25,0
3957.5,1
3958.0,0
3958.5,1
3958.75,0
3966.75,1
3967.0,0
3969.0,1
3971.25,0
3971.5,1
3972.0,0
3972.25,1
3972.5,0
3973.0,1
3973.25,0
3973.5,1
3973.75,0
3974.0,1
3974.5,0
3975.0,1
3976.0,0
3976.25,1
3976.5,0
3976.75,1
3977.25,0
3977.75,1
3978.0,0
3980.0,1
3980.25,0
3981.5,1
3981.75,0
3992.5,1
3993.75,0
3994.0,1
3996.25,0
3996.5,1
3996.75,0
3997.0,1
3997.5,0
3997.75,1
4001.0,0
4063.0,1
4063.25,0
4065.25,1
4070.0,0
4071.0,1
4073.25,0
4088.25,1
4088.5,0
4088.75,1
4089.0,0
4089.25,1
4089.5,0
4090.0,1
4091.0,0
4091.25,1
4092.5,0
4093.0,1
4093.75,0
4094.0,1
4096.0,0
4096.25,1
4096.75,0
4097.25,1
4097.5,0
4100.25,1
4100.5,0
4103.0,1
4103.25,0
4110.75,1
4111.0,0
4111.5,1
4112.0,0
4113.25,1
4113.5,0
4113.75,1
4114.0,0
4114.25,1
4116.5,0
4116.75,1
4117.25,0
4117.5,1
4117.75,0
4118.25,1
4120.5,0
4120.75,1
4121.25,0
4121.5,1
4121.75,0
4124.5,1
4124.75,0
4134.25,1
4134.5,0
4136.75,1
4137.0,0
4137.25,1
4138.25,0
4138.5,1
4141.25,0
4141.75,1
4142.0,0
4142.5,1
4143.25,0
4143.5,1
4144.5,0
4144.75,1
4145.25,0
4149.5,1
4149.75,0
4161.25,1
4162.5,0
4162.75,1
4163.5,0
4164.0,1
4164.5,0
4164.75,1
4165.5,0
4165.75,1
4166.5,0
4166.75,1
4167.5,0
4167.75,1
4168.75,0
4169.0,1
4169.25,0
4230.75,1
4231.0,0
4232.75,1
4235.5,0
4235.75,1
4236.5,0
4236.75,1
4237.0,0
4237.75,1
4238.5,0
4238.75,1
4240.25,0
4240.5,1
4240.75,0
4241.0,1
4241.5,0
4244.0,1
4244.25,0
4254.0,1
4254.25,0
4255.25,1
4255.5,0
4257.0,1
4257.25,0
4257.5,1
4257.75,0
4258.0,1
4259.75,0
4260.25,1
4261.25,0
4261.5,1
4261.75,0
4262.0,1
4263.0,0
4263.25,1
4265.0,0
4265.25,1
4265.5,0
4278.0,1
4278.25,0
4280.0,1
4280.25,0
4280.5,1
4280.75,0
4281.0,1
4282.0,0
4282.5,1
4284.25,0
4284.75,1
4286.5,0
4286.75,1
4288.5,0
4289.0,1
4289.5,0
4293.0,1
4293.25,0
4302.0,1
4302.25,0
4304.5,1
4304.75,0
4305.0,1
4305.5,0
4305.75,1
4307.0,0
4307.25,1
4307.75,0
4308.0,1
4310.75,0
4311.0,1
4312.0,0
4312.25,1
4312.75,0
4326.75,1
4327.0,0
4328.75,1
4329.0,0
4329.25,1
4329.5,0
4329.75,1
4330.75,0
4331.25,1
4331.5,0
4331.75,1
4334.0,0
4334.5,1
4335.75,0
4336.25,1
4336.5,0
4337.0,1
4337.25,0
4343.0,1
4343.25,0
4397.75,1
4398.0,0
4401.5,1
4402.25,0
4402.5,1
4402.75,0
4403.0,1
4403.75,0
4404.0,1
4405.5,0
4406.0,1
4407.0,0
4407.5,1
4408.25,0
4408.5,1
4409.0,0
4447.25,1
4447.5,0
4449.0,1
4449.25,0
4449.5,1
4450.5,0
4450.75,1
4451.25,0
4451.5,1
4455.0,0
4455.25,1
4455.5,0
4455.75,1
4456.75,0
4457.0,1
4457.25,0
4457.5,1
4457.75,0
4460.75,1
4461.25,0
4461.75,1
4462.0,0
4470.75,1
4471.0,0
4472.75,1
4473.0,0
4473.25,1
4476.0,0
4476.25,1
4476.5,0
4476.75,1
4478.0,0
4478.25,1
4479.0,0
4479.25,1
4480.75,0
4481.25,1
4481.5,0
4484.75,1
4485.0,0
4495.5,1
4495.75,0
4496.25,1
4497.25,0
4497.5,1
4497.75,0
4498.25,1
4499.25,0
4499.5,1
4500.0,0
4500.25,1
4502.0,0
4502.25,1
4503.0,0
4503.25,1
4503.5,0
4503.75,1
4504.0,0
4504.25,1
4505.0,0
4506.0,1
4506.25,0
4565.75,1
4566.0,0
4567.0,1
4567.25,0
4567.5,1
4567.75,0
4569.0,1
4571.25,0
4571.5,1
4572.25,0
4572.5,1
4573.0,0
4573.25,1
4574.75,0
4575.25,1
4577.0,0
4582.0,1
4582.25,0
4591.75,1
4592.0,0
4593.5,1
4596.75,0
4597.0,1
4597.5,0
4597.75,1
4598.25,0
4598.5,1
4598.75,0
4599.5,1
4601.0,0
4614.0,1
4614.25,0
4615.75,1
4616.0,0
4617.25,1
4619.75,0
4620.25,1
4621.0,0
4621.5,1
4623.75,0
4624.0,1
4624.25,0
4624.5,1
4625.25,0
4638.0,1
4638.25,0
4641.0,1
4641.25,0
4641.75,1
4642.25,0
4642.5,1
4643.75,0
4644.0,1
4644.5,0
4644.75,1
4647.0,0
4647.25,1
4649.0,0
4662.25,1
4662.5,0
4663.25,1
4663.75,0
4664.5,1
4665.0,0
4665.25,1
4665.75,0
4666.25,1
4666.75,0
4667.0,1
4669.25,0
4669.5,1
4671.5,0
4671.75,1
4673.0,0
4673.25,1
4673.5,0
4673.75,1
4674.0,0
4737.0,1
4738.0,0
4738.25,1
4738.5,0
4738.75,1
4741.75,0
4742.25,1
4742.75,0
4743.0,1
4744.25,0
4744.5,1
4745.0,0
4761.5,1
4762.75,0
4763.25,1
4764.25,0
4764.75,1
4766.0,0
4766.25,1
4769.25,0
4785.0,1
4786.0,0
4786.25,1
4787.0,0
4787.5,1
4788.75,0
4789.0,1
4790.75,0
4791.0,1
4793.25,0
4797.0,1
4797.25,0
4806.0,1
4806.5,0
4808.5,1
4808.75,0
4809.0,1
4810.75,0
4811.0,1
4811.25,0
4811.75,1
4812.0,0
4812.25,1
4812.5,0
4812.75,1
4813.0,0
4813.25,1
4813.75,0
4814.25,1
4815.0,0
4815.25,1
4816.75,0
4817.0,1
4817.25,0
4821.0,1
4821.25,0
4832.25,1
4832.5,0
4833.0,1
4835.25,0
4835.5,1
4836.5,0
4836.75,1
4837.5,0
4837.75,1
4838.0,0
4838.25,1
4838.5,0
4839.25,1
4839.75,0
4840.0,1
4841.5,0
4845.5,1
4845.75,0
4902.25,1
4902.5,0
4903.75,1
4904.25,0
4905.0,1
4906.0,0
4906.25,1
4906.75,0
4907.0,1
4908.0,0
4908.25,1
4908.75,0
4909.0,1
4911.0,0
4911.75,1
4912.5,0
4912.75,1
4913.25,0
4917.25,1
4917.5,0
4925.75,1
4926.0,0
4929.0,1
4929.25,0
4929.5,1
4931.5,0
4931.75,1
4932.75,0
4933.0,1
4934.0,0
4934.25,1
4934.5,0
4934.75,1
4936.75,0
4950.0,1
4950.25,0
4953.0,1
4953.5,0
4953.75,1
4954.0,0
4954.25,1
4958.5,0
4958.75,1
4959.5,0
4959.75,1
4960.75,0
4961.25,1
4961.5,0
4976.5,1
4979.0,0
4979.25,1
4980.0,0
4980.25,1
4982.25,0
4982.75,1
4983.5,0
4984.25,1
4985.0,0
4989.0,1
4989.25,0
5000.25,1
5000.5,0
5000.75,1
5001.25,0
5001.5,1
5004.75,0
5005.0,1
5006.5,0
5006.75,1
5007.25,0
5007.5,1
5008.75,0
5009.0,1
5009.25,0
5009.5,1
5009.75,0
5072.75,1
5073.0,0
5073.25,1
5075.25,0
5075.5,1
5075.75,0
5076.25,1
5077.25,0
5077.5,1
5077.75,0
5078.0,1
5078.25,0
5078.5,1
5080.75,0
5085.75,1
5086.0,0
5096.75,1
5098.5,0
5098.75,1
5099.0,0
5099.25,1
5102.0,0
5102.25,1
5102.5,0
5102.75,1
5104.25,0
5104.5,1
5104.75,0
5105.0,1
5105.25,0
5118.75,1
5119.0,0
5120.75,1
5121.0,0
5121.5,1
5125.0,0
5125.25,1
5125.75,0
5126.0,1
5127.75,0
5128.0,1
5129.25,0
5132.5,1
5132.75,0
5142.75,1
5143.0,0
5145.0,1
5145.75,0
5146.0,1
5146.75,0
5147.0,1
5149.0,0
5149.5,1
5149.75,0
5151.0,1
5152.5,0
5166.25,1
5166.5,0
5167.5,1
5167.75,0
5168.0,1
5168.25,0
5168.5,1
5168.75,0
5169.0,1
5169.25,0
5169.5,1
5172.75,0
5173.25,1
5177.0,0
5180.25,1
5180.5,0
5181.0,1
5181.25,0
5241.5,1
5241.75,0
5242.0,1
5244.0,0
5244.25,1
5244.5,0
5244.75,1
5245.25,0
5245.5,1
5246.5,0
5246.75,1
5247.5,0
5247.75,1
5248.75,0
5249.25,1
5249.75,0
5262.75,1
5263.0,0
5264.0,1
5264.25,0
5264.75,1
5265.25,0
5265.75,1
5267.25,0
5267.5,1
5268.75,0
5269.0,1
5270.0,0
5270.5,1
5271.75,0
5272.0,1
5273.0,0
5274.0,1
5274.25,0
5287.0,1
5287.25,0
5289.0,1
5290.5,0
5290.75,1
5291.0,0
5291.5,1
5291.75,0
5292.0,1
5293.0,0
5293.5,1
5294.5,0
5294.75,1
5295.5,0
5295.75,1
5297.0,0
5297.25,1
5297.5,0
5310.75,1
5311.0,0
5312.75,1
5313.0,0
5313.25,1
5315.5,0
5315.75,1
5316.0,0
5316.25,1
5317.0,0
5317.5,1
5319.0,0
5319.25,1
5320.0,0
5320.25,1
5320.75,0
5321.0,1
5321.25,0
5334.0,1
5334.25,0
5335.5,1
5335.75,0
5336.25,1
5337.5,0
5338.0,1
5338.75,0
5339.0,1
5341.75,0
5342.0,1
5342.25,0
5342.5,1
5342.75,0
5343.0,1
5344.0,0
5344.25,1
5345.0,0
5408.75,1
5412.0,0
5412.25,1
5412.75,0
5413.0,1
5414.0,0
5414.25,1
5414.5,0
5414.75,1
5415.25,0
5415.5,1
5416.25,0
5417.5,1
5417.75,0
5422.0,1
5422.25,0
5430.75,1
5431.25,0
5432.75,1
5433.0,0
5433.25,1
5433.5,0
5433.75,1
5436.25,0
5436.75,1
5438.0,0
5438.25,1
5441.0,0
5441.25,1
5441.5,0
5457.25,1
5457.75,0
5458.0,1
5459.25,0
5459.5,1
5463.0,0
5463.75,1
5464.5,0
5465.0,1
5465.25,0
5466.5,1
5466.75,0
5480.75,1
5481.5,0
5481.75,1
5483.25,0
5483.5,1
5484.0,0
5484.5,1
5485.0,0
5485.25,1
5487.75,0
5488.0,1
5489.0,0
5502.0,1
5502.25,0
5503.5,1
5503.75,0
5504.5,1
5505.25,0
5505.5,1
5509.0,0
5509.25,1
5512.75,0
5576.75,1
5577.25,0
5577.5,1
5578.25,0
5578.5,1
5581.25,0
5581.75,1
5582.0,0
5582.25,1
5585.25,0
5597.75,1
5598.0,0
5601.0,1
5603.75,0
5604.0,1
5604.5,0
5605.0,1
5605.25,0
5605.5,1
5606.0,0
5606.25,1
5606.75,0
5607.25,1
5608.5,0
5608.75,1
5609.25,0
5612.5,1
5612.75,0
5613.25,1
5613.5,0
5622.5,1
5622.75,0
5623.25,1
5624.0,0
5625.75,1
5631.0,0
5631.25,1
5632.5,0
5633.0,1
5633.5,0
5637.0,1
5637.25,0
5646.75,1
5647.0,0
5648.75,1
5649.0,0
5649.5,1
5649.75,0
5650.0,1
5651.0,0
5651.25,1
5652.75,0
5653.0,1
5653.25,0
5653.5,1
5655.5,0
5655.75,1
5656.5,0
5656.75,1
5657.25,0
5673.25,1
5674.25,0
5674.5,1
5675.25,0
5675.75,1
5677.75,0
5678.25,1
5679.25,0
5679.5,1
5679.75,0
5680.0,1
5680.75,0
5681.25,1
5681.75,0
5744.75,1
5745.0,0
5745.25,1
5745.5,0
5745.75,1
5748.75,0
5749.0,1
5750.75,0
5751.0,1
5752.75,0
5753.0,1
5753.5,0
5758.0,1
5758.25,0
5769.5,1
5769.75,0
5770.0,1
5772.25,0
5772.75,1
5773.75,0
5774.0,1
5774.75,0
5775.0,1
5775.75,0
5776.0,1
5777.0,0
5777.25,1
5777.5,0
5791.25,1
5791.5,0
5792.25,1
5792.5,0
5793.5,1
5793.75,0
5794.25,1
5796.0,0
5796.25,1
5797.5,0
5797.75,1
5798.75,0
5799.25,1
5799.75,0
5800.0,1
5800.75,0
5801.0,1
5801.5,0
5817.5,1
5818.5,0
5818.75,1
5820.75,0
5821.5,1
5822.0,0
5822.25,1
5822.75,0
5823.0,1
5824.25,0
5824.5,1
5825.25,0
5830.5,1
5830.75,0
5835.5,1
5835.75,0
5838.5,1
5838.75,0
5841.0,1
5842.5,0
5843.0,1
5844.25,0
5844.5,1
5844.75,0
5845.0,1
5845.5,0
5845.75,1
5846.25,0
5846.5,1
5847.75,0
5848.0,1
5848.5,0
5849.25,1
5849.75,0
5850.75,1
5851.0,0
5855.75,1
5856.0,0
5904.25,1
5904.5,0
5912.75,1
5913.25,0
5913.5,1
5914.5,0
5915.25,1
5916.0,0
5916.25,1
5916.5,0
5916.75,1
5917.75,0
5918.0,1
5918.75,0
5919.25,1
5920.0,0
5920.25,1
5921.25,0
5922.5,1
5922.75,0
5957.5,1
5958.25,0
5961.5,1
5962.5,0
5963.0,1
5963.25,0
5963.5,1
5965.5,0
5965.75,1
5967.5,0
5968.25,1
5968.75,0
5973.75,1
5974.0,0
5982.5,1
5982.75,0
5983.0,1
5983.25,0
5984.25,1
5984.5,0
5985.0,1
5985.25,0
5985.5,1
5986.0,0
5986.5,1
5989.25,0
5989.5,1
5989.75,0
5990.0,1
5990.75,0
5991.0,1
5992.75,0
6006.75,1
6007.0,0
6008.0,1
6008.25,0
6009.0,1
6010.25,0
6010.75,1
6012.0,0
6012.25,1
6012.5,0
6012.75,1
6013.0,0
6013.25,1
6013.5,0
6014.0,1
6016.5,0
6016.75,1
6017.0,0
6079.75,1
6080.0,0
6080.75,1
6081.0,0
6081.25,1
6085.25,0
6085.5,1
6086.75,0
6087.5,1
6089.0,0
6090.25,1
6090.5,0
6092.25,1
6092.5,0
6102.25,1
6102.5,0
6103.75,1
6104.5,0
6105.25,1
6107.0,0
6107.25,1
6107.5,0
6107.75,1
6108.0,0
6108.25,1
6110.25,0
6110.75,1
6111.75,0
6112.0,1
6112.25,0
6112.5,1
6113.25,0
6116.75,1
6117.0,0
6127.25,1
6127.5,0
6128.75,1
6129.0,0
6129.5,1
6130.0,0
6130.25,1
6131.0,0
6131.25,1
6132.0,0
6132.75,1
6133.5,0
6133.75,1
6135.75,0
6136.0,1
6136.5,0
6136.75,1
6137.0,0
6137.5,1
6137.75,0
6153.0,1
6154.25,0
6154.5,1
6154.75,0
6155.0,1
6155.5,0
6155.75,1
6157.0,0
6157.5,1
6160.25,0
6160.5,1
6161.25,0
6161.5,1
6161.75,0
6164.75,1
6165.0,0
6174.0,1
6174.25,0
6176.5,1
6177.5,0
6178.0,1
6178.25,0
6178.5,1
6179.75,0
6180.0,1
6180.25,0
6180.5,1
6182.25,0
6182.5,1
6184.0,0
6184.25,1
6184.75,0
6185.25,1
6185.5,0
6189.25,1
6189.5,0
6246.5,1
6246.75,0
6248.25,1
6249.0,0
6249.75,1
6250.0,0
6250.25,1
6250.75,0
6251.0,1
6251.75,0
6252.0,1
6252.75,0
6253.0,1
6253.5,0
6254.0,1
6255.5,0
6255.75,1
6256.0,0
6256.25,1
6256.5,0
6260.25,1
6260.5,0
6261.25,1
6261.5,0
6272.5,1
6272.75,0
6273.5,1
6276.75,0
6277.0,1
6277.5,0
6278.0,1
6280.5,0
6281.0,1
6281.5,0
6285.75,1
6286.0,0
6296.75,1
6297.0,0
6297.5,1
6299.25,0
6299.5,1
6299.75,0
6300.0,1
6301.25,0
6301.5,1
6301.75,0
6302.0,1
6303.0,0
6303.25,1
6304.5,0
6304.75,1
6305.0,0
6308.5,1
6308.75,0
6321.0,1
6321.25,0
6321.5,1
6322.0,0
6322.25,1
6324.75,0
6325.0,1
6329.25,0
6331.5,1
6331.75,0
6344.0,1
6344.25,0
6345.5,1
6346.0,0
6346.25,1
6346.5,0
6346.75,1
6347.25,0
6347.5,1
6348.5,0
6349.0,1
6349.5,0
6349.75,1
6350.5,0
6350.75,1
6353.25,0
6357.0,1
6357.25,0
6416.0,1
6416.5,0
6417.0,1
6419.0,0
6419.75,1
6420.5,0
6420.75,1
6421.25,0
6421.5,1
6421.75,0
6422.0,1
6424.5,0
6425.25,1
6425.5,0
6429.5,1
6429.75,0
6439.75,1
6440.0,0
6440.75,1
6441.0,0
6441.5,1
6443.25,0
6443.75,1
6445.0,0
6445.25,1
6449.0,0
6453.5,1
6453.75,0
6464.0,1
6464.5,0
6464.75,1
6465.25,0
6465.5,1
6465.75,0
6466.0,1
6466.75,0
6467.0,1
6467.25,0
6467.5,1
6468.0,0
6468.25,1
6468.75,0
6469.0,1
6471.25,0
6471.5,1
6472.5,0
6472.75,1
6473.0,0
6475.5,1
6475.75,0
6476.75,1
6477.0,0
6477.25,1
6477.5,0
6477.75,1
6478.0,0
6486.75,1
6487.0,0
6487.25,1
6487.5,0
6488.75,1
6490.5,0
6490.75,1
6492.5,0
6492.75,1
6493.0,0
6493.25,1
6493.5,0
6494.25,1
6494.75,0
6495.25,1
6495.5,0
6495.75,1
6496.25,0
6496.5,1
6497.0,0
6497.25,1
6497.5,0
6512.5,1
6513.0,0
6513.75,1
6516.0,0
6516.25,1
6517.0,0
6517.25,1
6517.5,0
6517.75,1
6519.75,0
6520.0,1
6520.5,0
6520.75,1
6521.25,0
6522.0,1
6522.25,0
6583.75,1
6584.75,0
6585.0,1
6585.25,0
6585.5,1
6586.0,0
6586.5,1
6586.75,0
6587.0,1
6587.25,0
6587.5,1
6588.0,0
6588.25,1
6588.5,0
6588.75,1
6592.0,0
6592.25,1
6592.75,0
6593.0,1
6593.25,0
6596.5,1
6596.75,0
6608.0,1
6608.25,0
6609.5,1
6610.5,0
6610.75,1
6611.5,0
6612.0,1
6613.0,0
6613.5,1
6613.75,0
6614.0,1
6615.25,0
6615.5,1
6616.75,0
6632.0,1
6632.25,0
6633.25,1
6636.25,0
6636.5,1
6637.0,0
6637.75,1
6640.0,0
6640.25,1
6640.5,0
6640.75,1
6641.0,0
6641.75,1
6642.0,0
6654.25,1
6654.5,0
6656.0,1
6656.25,0
6656.75,1
6657.5,0
6657.75,1
6658.5,0
6659.25,1
6659.75,0
6660.0,1
6660.25,0
6660.5,1
6661.25,0
6661.5,1
6665.25,0
6675.5,1
6675.75,0
6680.5,1
6681.0,0
6681.25,1
6683.5,0
6684.0,1
6684.25,0
6684.5,1
6687.25,0
6687.5,1
6687.75,0
6688.25,1
6688.75,0
6694.75,1
6695.0,0
6753.0,1
6754.0,0
6754.25,1
6756.0,0
6756.25,1
6757.0,0
6757.5,1
6758.0,0
6758.25,1
6759.0,0
6759.25,1
6759.5,0
6759.75,1
6760.5,0
6765.75,1
6766.0,0
6799.0,1
6799.25,0
6800.25,1
6800.5,0
6801.5,1
6802.5,0
6802.75,1
6803.0,0
6803.5,1
6808.0,0
6808.25,1
6809.5,0
6824.5,1
6825.75,0
6826.25,1
6826.75,0
6827.0,1
6827.25,0
6827.5,1
6827.75,0
6828.25,1
6829.5,0
6830.0,1
6830.75,0
6831.0,1
6832.0,0
6832.25,1
6832.75,0
6833.0,1
6833.25,0
6848.5,1
6848.75,0
6849.0,1
6852.75,0
6854.0,1
6854.25,0
6854.5,1
6855.0,0
6855.25,1
6855.5,0
6855.75,1
6856.5,0
6856.75,1
6857.25,0
6857.5,1
6857.75,0
6860.5,1
6860.75,0
6919.0,1
6919.25,0
6920.25,1
6920.5,0
6920.75,1
6921.0,0
6921.5,1
6922.0,0
6922.75,1
6923.25,0
6923.5,1
6925.25,0
6925.75,1
6927.75,0
6928.0,1
6928.75,0
6929.0,1
6929.5,0
6943.0,1
6943.25,0
6943.5,1
6944.0,0
6944.5,1
6944.75,0
6945.0,1
6946.0,0
6946.25,1
6947.75,0
6948.25,1
6949.75,0
6950.0,1
6953.0,0
6968.5,1
6968.75,0
6969.5,1
6970.75,0
6971.0,1
6972.0,0
6972.25,1
6972.5,0
6972.75,1
6973.75,0
6974.0,1
6974.5,0
6974.75,1
6975.25,0
6975.75,1
6976.25,0
6976.5,1
6976.75,0
6991.25,1
6991.5,0
6992.0,1
6992.5,0
6992.75,1
6995.75,0
6996.0,1
6998.0,0
6998.75,1
6999.5,0
6999.75,1
7000.0,0
7000.5,1
7001.0,0
7001.25,1
7001.5,0
7016.0,1
7016.25,0
7016.5,1
7016.75,0
7017.0,1
7018.0,0
7018.25,1
7025.75,0
7086.25,1
7086.5,0
7088.5,1
7089.25,0
7089.5,1
7090.25,0
7090.5,1
7093.25,0
7093.5,1
7093.75,0
7094.0,1
7094.5,0
7095.0,1
7095.5,0
7095.75,1
7096.25,0
7097.0,1
7097.25,0
7100.75,1
7101.0,0
7113.5,1
7115.0,0
7115.25,1
7115.5,0
7115.75,1
7116.0,0
7116.25,1
7116.75,0
7117.0,1
7117.25,0
7117.75,1
7118.0,0
7118.75,1
7120.5,0
7120.75,1
7121.25,0
7136.5,1
7136.75,0
7137.25,1
7137.75,0
7138.0,1
7139.25,0
7139.75,1
7141.5,0
7141.75,1
7142.0,0
7142.25,1
7143.25,0
7143.5,1
7144.5,0
7145.0,1
7145.25,0
7157.75,1
7158.5,0
7161.0,1
7161.5,0
7161.75,1
7162.25,0
7162.5,1
7164.75,0
7165.0,1
7166.5,0
7166.75,1
7167.0,0
7167.25,1
7169.5,0
7172.0,1
7172.25,0
7174.0,1
7174.25,0
7185.0,1
7185.5,0
7185.75,1
7186.25,0
7186.5,1
7187.75,0
7188.0,1
7188.75,0
7189.0,1
7189.25,0
7189.5,1
7190.25,0
7190.5,1
7193.0,0
7255.0,1
7255.25,0
7256.5,1
7256.75,0
7257.5,1
7260.75,0
7261.0,1
7261.5,0
7262.0,1
7262.5,0
7263.25,1
7264.25,0
7277.75,1
7278.0,0
7278.25,1
7278.75,0
7279.0,1
7279.25,0
7279.5,1
7279.75,0
7280.75,1
7282.5,0
7282.75,1
7283.5,0
7283.75,1
7284.75,0
7285.25,1
7287.0,0
7287.25,1
7288.0,0
7288.25,1
7288.5,0
7288.75,1
7289.0,0
7289.25,1
7289.5,0
7303.5,1
7303.75,0
7305.25,1
7307.5,0
7308.0,1
7313.25,0
7327.0,1
7327.25,0
7329.0,1
7329.5,0
7329.75,1
7330.0,0
7330.25,1
7330.5,0
7330.75,1
7332.25,0
7332.5,1
7332.75,0
7333.0,1
7334.0,0
7334.75,1
7336.5,0
7336.75,1
7337.5,0
7351.75,1
7352.0,0
7352.25,1
7352.5,0
7353.25,1
7355.5,0
7355.75,1
7358.25,0
7358.5,1
7359.25,0
7359.75,1
7360.5,0
7361.0,1
7361.25,0
7366.25,1
7366.5,0
7425.0,1
7428.25,0
7428.5,1
7429.0,0
7429.25,1
7430.75,0
7431.25,1
7431.5,0
7431.75,1
7433.0,0
7437.25,1
7437.5,0
7448.75,1
7449.0,0
7449.25,1
7449.5,0
7450.0,1
7450.25,0
7450.75,1
7452.0,0
7452.25,1
7454.25,0
7454.75,1
7455.25,0
7455.5,1
7456.75,0
7457.0,1
7457.5,0
7459.75,1
7460.0,0
7473.0,1
7473.5,0
7474.0,1
7474.5,0
7474.75,1
7476.25,0
7476.5,1
7477.0,0
7477.5,1
7480.25,0
7480.75,1
7481.75,0
7494.75,1
7495.0,0
7497.25,1
7498.0,0
7498.25,1
7498.5,0
7498.75,1
7499.25,0
7499.5,1
7501.25,0
7501.5,1
7502.5,0
7502.75,1
7505.0,0
7505.75,1
7506.0,0
7519.25,1
7519.5,0
7521.25,1
7521.5,0
7521.75,1
7523.75,0
7524.0,1
7524.25,0
7524.75,1
7527.0,0
7527.25,1
7528.0,0
7528.25,1
7529.5,0
7589.75,1
7590.0,0
7592.5,1
7593.25,0
7593.5,1
7596.25,0
7596.5,1
7596.75,0
7597.0,1
7599.5,0
7599.75,1
7601.25,0
7614.25,1
7614.5,0
7615.0,1
7615.25,0
7616.5,1
7616.75,0
7617.0,1
7618.25,0
7618.5,1
7618.75,0
7619.0,1
7619.25,0
7619.5,1
7621.25,0
7621.5,1
7624.5,0
7624.75,1
7625.25,0
7640.75,1
7641.0,0
7641.25,1
7642.75,0
7643.0,1
7646.5,0
7647.25,1
7648.5,0
7649.0,1
7649.25,0
7649.75,1
7650.0,0
7652.75,1
7653.0,0
7665.0,1
7666.0,0
7666.5,1
7667.5,0
7667.75,1
7668.0,0
7668.25,1
7669.0,0
7669.25,1
7672.75,0
7673.5,1
7674.0,0
7687.25,1
7687.5,0
7688.5,1
7688.75,0
7689.0,1
7691.0,0
7691.25,1
7691.5,0
7691.75,1
7692.5,0
7692.75,1
7695.0,0
7695.75,1
7696.0,0
7696.25,1
7696.5,0
7696.75,1
7697.0,0
7701.25,1
7701.5,0
7759.75,1
7760.25,0
7761.0,1
7764.0,0
7764.25,1
7765.0,0
7765.25,1
7766.25,0
7767.0,1
7768.0,0
7768.25,1
7768.5,0
7768.75,1
7769.0,0
7785.0,1
7785.25,0
7785.75,1
7787.75,0
7788.0,1
7788.5,0
7788.75,1
7789.0,0
7789.25,1
7791.5,0
7791.75,1
7792.25,0
7792.5,1
7793.25,0
7793.5,1
7793.75,0
7794.0,1
7794.25,0
7795.5,1
7795.75,0
7807.5,1
7807.75,0
7809.0,1
7810.0,0
7810.5,1
7811.5,0
7811.75,1
7812.5,0
7812.75,1
7813.5,0
7814.25,1
7817.25,0
7832.5,1
7832.75,0
7833.5,1
7833.75,0
7834.0,1
7834.75,0
7835.0,1
7835.5,0
7836.5,1
7837.5,0
7838.0,1
7838.75,0
7839.0,1
7839.25,0
7839.5,1
7841.0,0
7845.5,1
7845.75,0
7927.5,1
7927.75,0
7929.25,1
7933.25,0
7933.5,1
7934.0,0
7934.25,1
7935.25,0
7935.5,1
7937.25,0
7937.5,1
7937.75,0
7950.0,1
7950.25,0
7951.75,1
7952.0,0
7952.5,1
7952.75,0
7953.0,1
7953.25,0
7953.5,1
7954.5,0
7954.75,1
7955.25,0
7955.5,1
7956.0,0
7956.25,1
7958.25,0
7958.5,1
7958.75,0
7959.25,1
7959.5,0
7959.75,1
7960.0,0
7960.25,1
7960.75,0
7961.25,1
7961.75,0
7974.25,1
7974.5,0
7974.75,1
7975.0,0
7977.0,1
7977.25,0
7977.5,1
7978.25,0
7978.5,1
7980.75,0
7981.0,1
7981.25,0
7981.5,1
7982.0,0
7982.25,1
7984.5,0
7984.75,1
7985.0,0
7985.25,1
7985.5,0
7998.75,1
7999.0,0
8000.0,1
8000.25,0
8001.0,1
8001.25,0
8001.5,1
8005.25,0
8005.5,1
8005.75,0
8006.75,1
8007.0,0
8007.25,1
8008.5,0
8013.5,1
8013.75,0
8022.25,1
8022.5,0
8025.0,1
8025.5,0
8025.75,1
8026.0,0
8026.25,1
8027.25,0
8028.0,1
8029.25,0
8029.5,1
8031.0,0
8031.25,1
8031.5,0
8031.75,1
8032.0,0
8032.25,1
8033.5,0
8038.75,1
8039.0,0
8097.0,1
8097.25,0
8098.0,1
8100.75,0
8101.0,1
8101.25,0
8101.75,1
8103.0,0
8103.25,1
8105.0,0
8105.25,1
8105.5,0
8118.0,1
8118.25,0
8120.75,1
8121.25,0
8121.5,1
8122.0,0
8122.25,1
8124.0,0
8124.25,1
8125.0,0
8125.5,1
8125.75,0
8126.0,1
8127.0,0
8127.5,1
8128.0,0
8128.75,1
8129.5,0
8142.0,1
8142.5,0
8145.25,1
8146.0,0
8146.25,1
8147.75,0
8148.0,1
8148.5,0
8148.75,1
8149.5,0
8149.75,1
8150.0,0
8150.25,1
8151.0,0
8151.25,1
8152.25,0
8152.5,1
8153.0,0
8157.0,1
8157.5,0
8168.0,1
8169.0,0
8169.75,1
8170.75,0
8171.0,1
8172.5,0
8173.0,1
8174.25,0
8174.5,1
8174.75,0
8175.0,1
8177.0,0
8177.5,1
8177.75,0
8192.75,1
8193.25,0
8193.5,1
8193.75,0
8194.25,1
8195.25,0
8195.75,1
8196.5,0
8196.75,1
8197.25,0
8197.5,1
8197.75,0
8198.0,1
8198.25,0
8198.5,1
8200.25,0
8200.5,1
8201.5,0
8206.5,1
8207.0,0
8264.0,1
8264.5,0
8264.75,1
8265.0,0
8266.0,1
8269.25,0
8269.5,1
8269.75,0
8270.0,1
8271.75,0
8272.0,1
8272.75,0
8273.0,1
8273.5,0
8276.5,1
8276.75,0
8287.25,1
8287.75,0
8288.5,1
8288.75,0
8289.25,1
8290.0,0
8290.5,1
8294.25,0
8294.5,1
8297.0,0
8309.75,1
8310.0,0
8310.75,1
8311.0,0
8312.25,1
8312.5,0
8313.0,1
8315.5,0
8315.75,1
8316.0,0
8316.5,1
8316.75,0
8317.25,1
8318.0,0
8318.5,1
8319.75,0
8320.0,1
8320.5,0
8320.75,1
8321.25,0
8324.75,1
8325.0,0
8336.25,1
8336.5,0
8337.0,1
8337.25,0
8337.5,1
8338.75,0
8339.0,1
8340.75,0
8341.25,1
8342.0,0
8342.25,1
8342.5,0
8342.75,1
8345.0,0
8350.75,1
8351.0,0
8359.25,1
8359.75,0
8360.75,1
8363.75,0
8364.0,1
8364.25,0
8364.75,1
8365.5,0
8365.75,1
8367.75,0
8368.0,1
8369.0,0
8369.5,1
8369.75,0
8374.0,1
8374.25,0
8432.75,1
8433.25,0
8434.0,1
8436.25,0
8436.5,1
8438.25,0
8438.5,1
8439.25,0
8439.5,1
8440.25,0
8440.5,1
8440.75,0
8445.25,1
8445.5,0
8455.25,1
8455.5,0
8457.25,1
8457.5,0
8458.0,1
8458.25,0
8458.5,1
8459.5,0
8460.0,1
8460.25,0
8460.5,1
8460.75,0
8461.0,1
8461.25,0
8461.75,1
8462.25,0
8462.5,1
8463.25,0
8463.75,1
8464.5,0
8478.0,1
8478.25,0
8478.75,1
8479.0,0
8480.75,1
8481.25,0
8481.75,1
8482.0,0
8482.25,1
8483.5,0
8483.75,1
8485.0,0
8485.25,1
8488.0,0
8488.5,1
8489.0,0
8491.75,1
8492.0,0
8501.75,1
8502.0,0
8503.25,1
8503.5,0
8505.0,1
8505.75,0
8506.0,1
8508.5,0
8508.75,1
8510.5,0
8510.75,1
8511.5,0
8512.25,1
8513.25,0
8526.5,1
8526.75,0
8527.75,1
8528.5,0
8529.0,1
8529.25,0
8529.5,1
8530.0,0
8530.25,1
8531.5,0
8531.75,1
8532.5,0
8532.75,1
8533.0,0
8533.25,1
8534.0,0
8534.75,1
8535.0,0
8535.5,1
8536.0,0
8536.5,1
8536.75,0
8537.0,1
8537.25,0
8541.0,1
8541.25,0
8622.25,1
8622.75,0
8624.0,1
8624.25,0
8625.0,1
8625.25,0
8625.5,1
8626.0,0
8626.25,1
8629.0,0
8629.5,1
8630.0,0
8630.25,1
8630.5,0
8630.75,1
8632.5,0
8632.75,1
8633.0,0
8633.25,1
8633.5,0
8647.75,1
8648.0,0
8648.25,1
8648.5,0
8649.5,1
8650.75,0
8651.25,1
8651.75,0
8652.0,1
8652.5,0
8652.75,1
8653.25,0
8653.5,1
8654.5,0
8654.75,1
8657.0,0
8657.25,1
8657.5,0
8660.75,1
8661.0,0
8672.0,1
8672.5,0
8673.75,1
8676.0,0
8676.25,1
8678.0,0
8678.75,1
8679.75,0
8680.0,1
8681.25,0
8681.5,1
8681.75,0
8684.5,1
8684.75,0
8685.5,1
8685.75,0
8694.5,1
8694.75,0
8695.0,1
8695.5,0
8697.75,1
8698.5,0
8699.0,1
8702.25,0
8702.5,1
8702.75,0
8703.0,1
8704.0,0
8704.25,1
8704.75,0
8705.0,1
8705.25,0
