#1


float Room-103 (4359,2)
0.0,0
31.25,1
31.5,0
32.75,1
35.0,0
35.25,1
36.25,0
36.75,1
39.25,0
39.75,1
40.25,0
40.5,1
41.25,0
45.5,1
46.0,0
54.25,1
54.5,0
56.5,1
57.0,0
57.25,1
60.25,0
61.25,1
62.75,0
63.0,1
64.75,0
65.25,1
65.5,0
77.75,1
78.0,0
79.25,1
79.5,0
80.0,1
80.5,0
80.75,1
81.0,0
81.25,1
84.5,0
84.75,1
85.0,0
85.25,1
86.0,0
86.25,1
88.0,0
88.25,1
88.5,0
88.75,1
89.5,0
89.75,1
90.0,0
105.0,1
107.25,0
107.5,1
108.0,0
108.25,1
109.5,0
109.75,1
111.0,0
111.25,1
111.75,0
112.0,1
113.5,0
116.75,1
117.0,0
125.5,1
125.75,0
129.0,1
132.5,0
132.75,1
136.0,0
137.0,1
137.25,0
201.25,1
201.5,0
201.75,1
203.5,0
203.75,1
206.25,0
206.5,1
206.75,0
207.0,1
208.75,0
209.0,1
209.5,0
221.75,1
222.0,0
224.25,1
224.5,0
225.5,1
228.5,0
228.75,1
230.25,0
231.25,1
231.75,0
232.0,1
232.25,0
232.5,1
232.75,0
233.25,1
233.5,0
246.5,1
246.75,0
247.0,1
247.5,0
248.25,1
248.5,0
248.75,1
249.0,0
249.25,1
249.5,0
249.75,1
252.25,0
252.75,1
253.0,0
253.25,1
253.75,0
254.0,1
254.75,0
255.0,1
256.0,0
256.25,1
256.5,0
257.0,1
257.25,0
262.25,1
262.5,0
262.75,1
263.0,0
271.0,1
271.25,0
272.75,1
273.0,0
273.25,1
274.0,0
274.25,1
274.75,0
275.0,1
275.25,0
275.5,1
276.5,0
276.75,1
277.25,0
277.5,1
278.5,0
278.75,1
280.75,0
286.5,1
286.75,0
288.5,1
288.75,0
294.0,1
294.25,0
295.25,1
295.5,0
296.5,1
296.75,0
297.25,1
301.5,0
301.75,1
302.25,0
302.5,1
303.25,0
303.5,1
304.25,0
304.5,1
304.75,0
369.25,1
371.25,0
371.5,1
371.75,0
372.0,1
373.0,0
373.25,1
374.0,0
374.25,1
374.5,0
374.75,1
375.5,0
375.75,1
376.75,0
381.0,1
381.25,0
390.75,1
391.0,0
394.0,1
396.5,0
396.75,1
397.25,0
398.0,1
398.5,0
398.75,1
401.0,0
438.75,1
439.0,0
440.25,1
440.5,0
441.0,1
443.25,0
443.75,1
444.0,0
444.25,1
445.0,0
445.25,1
445.75,0
446.0,1
446.5,0
446.75,1
447.0,0
447.25,1
447.75,0
448.0,1
448.25,0
448.5,1
449.25,0
449.5,1
449.75,0
464.75,1
465.25,0
465.5,1
465.75,0
466.0,1
468.5,0
469.5,1
470.25,0
470.5,1
471.25,0
471.5,1
473.0,0
534.0,1
534.25,0
536.25,1
536.5,0
537.5,1
537.75,0
538.0,1
538.25,0
538.5,1
539.5,0
539.75,1
540.0,0
540.25,1
541.0,0
541.25,1
543.25,0
543.5,1
543.75,0
544.25,1
544.5,0
558.0,1
558.25,0
560.75,1
561.25,0
561.5,1
563.0,0
563.25,1
563.5,0
563.75,1
564.0,0
564.25,1
565.5,0
566.5,1
568.75,0
569.0,1
569.5,0
585.25,1
586.5,0
586.75,1
589.0,0
589.25,1
590.0,0
590.5,1
591.0,0
591.5,1
592.5,0
592.75,1
593.25,0
597.75,1
598.0,0
609.25,1
610.25,0
610.5,1
610.75,0
611.0,1
612.0,0
612.25,1
613.25,0
613.5,1
614.75,0
615.0,1
615.5,0
616.25,1
616.5,0
616.75,1
617.25,0
633.25,1
633.75,0
634.0,1
635.0,0
635.5,1
637.25,0
637.5,1
637.75,0
638.0,1
639.0,0
639.5,1
640.0,0
640.5,1
641.25,0
704.75,1
705.25,0
705.75,1
707.25,0
707.5,1
709.5,0
709.75,1
710.0,0
710.25,1
710.75,0
711.0,1
712.5,0
712.75,1
713.25,0
728.5,1
728.75,0
729.0,1
731.0,0
731.5,1
732.25,0
733.0,1
735.0,0
735.25,1
736.25,0
736.5,1
737.0,0
741.25,1
741.5,0
753.0,1
753.25,0
753.5,1
754.5,0
754.75,1
756.75,0
757.0,1
757.25,0
757.5,1
758.0,0
758.25,1
758.75,0
759.0,1
760.5,0
760.75,1
761.25,0
761.75,1
762.0,0
773.5,1
773.75,0
775.5,1
775.75,0
777.25,1
779.0,0
779.25,1
780.0,0
780.25,1
781.0,0
782.0,1
782.5,0
782.75,1
785.0,0
798.25,1
798.5,0
801.25,1
802.0,0
802.25,1
802.75,0
803.0,1
804.0,0
804.25,1
807.5,0
807.75,1
808.25,0
808.5,1
809.0,0
809.5,1
809.75,0
813.0,1
813.25,0
870.0,1
870.25,0
871.25,1
871.5,0
872.0,1
872.25,0
872.75,1
873.0,0
873.25,1
873.5,0
873.75,1
874.0,0
874.25,1
874.5,0
874.75,1
875.5,0
876.25,1
877.75,0
878.0,1
879.25,0
879.5,1
879.75,0
880.25,1
881.25,0
894.0,1
894.25,0
894.5,1
895.0,0
896.5,1
896.75,0
897.75,1
900.25,0
900.5,1
901.5,0
901.75,1
903.5,0
903.75,1
904.75,0
905.0,1
905.25,0
921.0,1
921.25,0
921.75,1
922.0,0
922.25,1
923.0,0
923.25,1
924.25,0
924.5,1
924.75,0
925.0,1
926.0,0
926.25,1
926.5,0
926.75,1
929.25,0
941.5,1
941.75,0
945.0,1
945.25,0
945.5,1
947.75,0
948.75,1
951.75,0
952.0,1
952.25,0
952.5,1
952.75,0
953.0,1
953.5,0
966.25,1
966.5,0
966.75,1
967.25,0
968.75,1
969.0,0
969.25,1
970.0,0
970.25,1
971.0,0
971.25,1
971.5,0
971.75,1
972.0,0
972.5,1
974.5,0
974.75,1
976.5,0
976.75,1
977.0,0
980.25,1
980.5,0
981.0,1
981.5,0
1038.75,1
1039.0,0
1040.0,1
1040.25,0
1041.25,1
1042.75,0
1043.25,1
1043.5,0
1043.75,1
1044.25,0
1045.0,1
1045.75,0
1046.25,1
1046.5,0
1046.75,1
1049.25,0
1063.0,1
1063.25,0
1065.0,1
1066.0,0
1066.5,1
1069.0,0
1069.25,1
1069.75,0
1070.0,1
1070.25,0
1070.5,1
1070.75,0
1071.0,1
1072.75,0
1073.25,1
1073.5,0
1077.75,1
1078.0,0
1111.25,1
1111.5,0
1113.5,1
1114.5,0
1115.0,1
1115.75,0
1116.25,1
1116.5,0
1116.75,1
1117.25,0
1117.5,1
1118.5,0
1119.0,1
1120.75,0
1134.5,1
1134.75,0
1137.25,1
1138.75,0
1139.0,1
1139.5,0
1139.75,1
1140.25,0
1140.5,1
1141.75,0
1142.0,1
1143.5,0
1144.0,1
1144.5,0
1144.75,1
1145.25,0
1150.0,1
1150.25,0
1208.5,1
1208.75,0
1209.25,1
1209.75,0
1210.0,1
1210.5,0
1210.75,1
1212.25,0
1212.5,1
1213.0,0
1213.25,1
1213.5,0
1213.75,1
1215.5,0
1216.0,1
1216.5,0
1216.75,1
1217.0,0
1230.25,1
1230.5,0
1232.5,1
1233.0,0
1233.5,1
1234.0,0
1234.5,1
1235.75,0
1236.0,1
1236.5,0
1236.75,1
1239.0,0
1239.25,1
1239.75,0
1240.25,1
1240.5,0
1240.75,1
1241.25,0
1244.0,1
1244.25,0
1244.5,1
1244.75,0
1245.0,1
1245.25,0
1254.25,1
1254.5,0
1254.75,1
1255.0,0
1256.5,1
1257.5,0
1257.75,1
1259.0,0
1259.25,1
1259.75,0
1260.25,1
1262.0,0
1262.25,1
1262.5,0
1263.0,1
1264.0,0
1264.25,1
1265.0,0
1269.75,1
1270.0,0
1277.75,1
1278.0,0
1279.0,1
1280.0,0
1281.5,1
1281.75,0
1282.25,1
1283.0,0
1283.25,1
1285.0,0
1285.25,1
1285.75,0
1286.0,1
1286.5,0
1287.0,1
1287.25,0
1287.75,1
1288.0,0
1288.25,1
1288.5,0
1289.0,1
1289.5,0
1293.75,1
1294.0,0
1302.75,1
1303.0,0
1304.5,1
1304.75,0
1305.25,1
1306.0,0
1306.25,1
1306.5,0
1306.75,1
1307.5,0
1307.75,1
1308.5,0
1308.75,1
1313.75,0
1374.5,1
1374.75,0
1375.0,1
1375.25,0
1376.75,1
1377.0,0
1377.25,1
1377.75,0
1378.5,1
1379.75,0
1380.0,1
1381.5,0
1381.75,1
1383.5,0
1384.0,1
1385.5,0
1388.5,1
1388.75,0
1398.0,1
1398.25,0
1399.5,1
1399.75,0
1401.25,1
1401.5,0
1402.0,1
1404.25,0
1404.5,1
1404.75,0
1405.0,1
1405.25,0
1406.25,1
1406.5,0
1406.75,1
1408.25,0
1408.5,1
1408.75,0
1409.0,1
1409.5,0
1413.0,1
1413.25,0
1422.25,1
1422.75,0
1425.0,1
1425.25,0
1425.5,1
1427.75,0
1428.0,1
1430.75,0
1431.0,1
1432.5,0
1432.75,1
1433.25,0
1446.5,1
1446.75,0
1448.75,1
1449.75,0
1450.0,1
1451.0,0
1451.25,1
1452.25,0
1452.75,1
1453.0,0
1453.25,1
1453.5,0
1453.75,1
1454.25,0
1454.5,1
1457.0,0
1460.75,1
1461.0,0
1469.75,1
1470.25,0
1471.0,1
1471.5,0
1472.75,1
1473.0,0
1473.25,1
1473.5,0
1473.75,1
1474.0,0
1474.25,1
1475.25,0
1475.5,1
1475.75,0
1476.25,1
1476.5,0
1476.75,1
1479.0,0
1479.25,1
1481.25,0
1542.0,1
1542.25,0
1545.0,1
1545.75,0
1546.25,1
1546.5,0
1546.75,1
1547.5,0
1548.0,1
1550.25,0
1550.5,1
1551.75,0
1552.0,1
1553.0,0
1553.25,1
1553.75,0
1559.5,1
1559.75,0
1567.0,1
1567.25,0
1567.5,1
1567.75,0
1568.25,1
1568.5,0
1569.5,1
1569.75,0
1570.0,1
1570.75,0
1571.0,1
1574.25,0
1574.5,1
1575.0,0
1575.5,1
1576.25,0
1576.5,1
1577.25,0
1577.75,1
1578.0,0
1592.0,1
1592.25,0
1592.5,1
1592.75,0
1593.5,1
1595.25,0
1595.5,1
1595.75,0
1596.25,1
1597.0,0
1597.25,1
1599.75,0
1600.25,1
1600.5,0
1600.75,1
1601.25,0
1605.0,1
1605.25,0
1606.5,1
1606.75,0
1617.0,1
1617.75,0
1618.0,1
1618.25,0
1618.5,1
1619.0,0
1619.25,1
1620.0,0
1620.25,1
1620.75,0
1621.0,1
1621.75,0
1622.0,1
1625.0,0
1628.25,1
1628.5,0
1640.0,1
1640.5,0
1641.25,1
1641.5,0
1641.75,1
1645.25,0
1645.75,1
1646.0,0
1646.25,1
1647.5,0
1647.75,1
1648.0,0
1648.25,1
1648.75,0
1710.0,1
1710.5,0
1713.0,1
1713.5,0
1713.75,1
1714.75,0
1715.0,1
1716.0,0
1716.5,1
1717.25,0
1717.5,1
1717.75,0
1718.25,1
1720.75,0
1724.25,1
1724.5,0
1724.75,1
1725.0,0
1726.0,1
1726.25,0
1733.75,1
1734.0,0
1735.75,1
1736.0,0
1736.5,1
1737.0,0
1737.5,1
1738.25,0
1738.5,1
1738.75,0
1739.0,1
1739.25,0
1739.5,1
1740.75,0
1741.25,1
1741.5,0
1741.75,1
1742.25,0
1742.5,1
1744.75,0
1745.0,1
1745.5,0
1758.25,1
1758.5,0
1760.5,1
1761.25,0
1761.5,1
1762.75,0
1763.0,1
1763.25,0
1763.5,1
1764.0,0
1764.25,1
1765.5,0
1765.75,1
1766.75,0
1767.0,1
1769.75,0
1773.0,1
1773.25,0
1783.75,1
1784.0,0
1784.5,1
1785.25,0
1785.5,1
1786.0,0
1786.25,1
1787.0,0
1787.25,1
1787.75,0
1788.0,1
1788.25,0
1789.0,1
1789.75,0
1790.0,1
1792.0,0
1792.25,1
1792.5,0
1793.0,1
1793.5,0
1797.5,1
1797.75,0
1809.25,1
1812.5,0
1812.75,1
1814.5,0
1814.75,1
1815.25,0
1815.5,1
1815.75,0
1816.25,1
1817.5,0
1821.75,1
1822.0,0
1878.25,1
1878.5,0
1880.5,1
1880.75,0
1881.0,1
1881.25,0
1881.5,1
1883.25,0
1883.75,1
1884.0,0
1884.25,1
1884.5,0
1884.75,1
1885.5,0
1885.75,1
1886.25,0
1886.5,1
1887.0,0
1887.25,1
1888.0,0
1888.25,1
1889.0,0
1889.5,1
1889.75,0
1894.0,1
1894.25,0
1902.75,1
1903.0,0
1905.0,1
1905.25,0
1905.5,1
1906.5,0
1907.0,1
1908.0,0
1908.25,1
1908.5,0
1908.75,1
1910.0,0
1910.25,1
1911.0,0
1911.25,1
1912.0,0
1912.5,1
1912.75,0
1913.0,1
1913.25,0
1916.0,1
1916.25,0
1926.0,1
1926.25,0
1929.0,1
1929.25,0
1929.75,1
1931.5,0
1931.75,1
1932.75,0
1934.0,1
1934.25,0
1934.5,1
1935.0,0
1935.25,1
1936.75,0
1937.25,1
1937.75,0
1953.5,1
1954.0,0
1954.25,1
1956.5,0
1956.75,1
1957.25,0
1957.5,1
1958.0,0
1958.25,1
1958.75,0
1959.0,1
1959.5,0
1960.25,1
1961.25,0
1974.0,1
1974.25,0
1974.5,1
1974.75,0
1976.5,1
1976.75,0
1977.25,1
1977.5,0
1977.75,1
1978.25,0
1978.5,1
1981.0,0
1981.25,1
1982.25,0
1982.75,1
1983.0,0
1983.25,1
1983.5,0
1983.75,1
1985.0,0
1989.0,1
1989.25,0
2046.5,1
2046.75,0
2049.25,1
2051.75,0
2052.0,1
2052.5,0
2052.75,1
2053.5,0
2053.75,1
2055.25,0
2055.5,1
2057.25,0
2071.5,1
2071.75,0
2072.5,1
2072.75,0
2073.25,1
2074.5,0
2074.75,1
2077.25,0
2077.5,1
2077.75,0
2078.0,1
2079.75,0
2080.0,1
2081.25,0
2084.75,1
2085.0,0
2085.25,1
2085.5,0
2093.5,1
2093.75,0
2095.75,1
2096.0,0
2096.25,1
2096.5,0
2097.0,1
2100.25,0
2100.5,1
2102.25,0
2102.5,1
2104.25,0
2104.5,1
2105.25,0
2120.75,1
2121.75,0
2122.0,1
2124.0,0
2124.25,1
2126.0,0
2126.25,1
2126.5,0
2127.0,1
2127.5,0
2127.75,1
2128.75,0
2130.0,1
2130.25,0
2144.25,1
2144.5,0
2145.25,1
2145.75,0
2146.25,1
2148.75,0
2149.0,1
2149.75,0
2150.0,1
2150.25,0
2150.5,1
2150.75,0
2151.0,1
2151.5,0
2151.75,1
2153.0,0
2153.25,1
2153.5,0
2216.5,1
2216.75,0
2217.25,1
2217.75,0
2218.25,1
2219.0,0
2219.25,1
2220.5,0
2221.0,1
2221.75,0
2222.25,1
2225.75,0
2237.5,1
2237.75,0
2240.25,1
2243.75,0
2244.25,1
2244.5,0
2244.75,1
2246.5,0
2247.0,1
2249.75,0
2265.0,1
2268.0,0
2268.25,1
2269.0,0
2269.5,1
2270.5,0
2270.75,1
2272.5,0
2272.75,1
2273.5,0
2285.75,1
2286.0,0
2286.5,1
2286.75,0
2287.0,1
2287.25,0
2288.5,1
2289.0,0
2289.25,1
2291.75,0
2292.0,1
2292.25,0
2292.5,1
2293.0,0
2293.25,1
2293.5,0
2294.5,1
2295.0,0
2295.25,1
2297.5,0
2310.5,1
2310.75,0
2311.75,1
2312.0,0
2313.0,1
2313.25,0
2313.5,1
2313.75,0
2314.0,1
2314.5,0
2314.75,1
2315.5,0
2315.75,1
2316.0,0
2316.25,1
2316.5,0
2316.75,1
2319.5,0
2319.75,1
2321.0,0
2321.25,1
2321.5,0
2382.75,1
2383.25,0
2384.75,1
2385.0,0
2385.25,1
2386.0,0
2386.25,1
2386.75,0
2387.0,1
2387.25,0
2387.75,1
2388.0,0
2388.25,1
2389.0,0
2389.25,1
2390.25,0
2390.5,1
2390.75,0
2391.0,1
2393.0,0
2397.0,1
2397.25,0
2405.75,1
2406.0,0
2406.5,1
2407.0,0
2407.5,1
2407.75,0
2409.0,1
2409.25,0
2409.75,1
2411.5,0
2411.75,1
2412.5,0
2413.0,1
2413.5,0
2414.0,1
2414.5,0
2415.0,1
2417.25,0
2417.5,1
2417.75,0
2418.0,1
2418.25,0
2421.0,1
2421.25,0
2430.5,1
2430.75,0
2431.0,1
2431.25,0
2432.25,1
2432.5,0
2432.75,1
2435.0,0
2435.25,1
2436.75,0
2437.0,1
2437.5,0
2437.75,1
2438.0,0
2438.25,1
2439.0,0
2439.25,1
2441.0,0
2441.25,1
2441.5,0
2454.75,1
2455.0,0
2456.75,1
2457.0,0
2457.25,1
2458.75,0
2459.0,1
2460.0,0
2460.25,1
2461.5,0
2461.75,1
2464.25,0
2464.5,1
2465.5,0
2469.5,1
2469.75,0
2478.25,1
2478.5,0
2480.5,1
2480.75,0
2481.0,1
2481.5,0
2481.75,1
2482.5,0
2482.75,1
2485.0,0
2485.5,1
2486.5,0
2486.75,1
2487.0,0
2487.25,1
2488.0,0
2488.25,1
2489.25,0
2551.75,1
2552.0,0
2553.25,1
2553.5,0
2553.75,1
2554.75,0
2555.25,1
2556.25,0
2556.5,1
2557.5,0
2557.75,1
2558.0,0
2558.25,1
2560.25,0
2560.5,1
2560.75,0
2574.75,1
2575.0,0
2575.25,1
2575.5,0
2576.75,1
2578.5,0
2578.75,1
2579.75,0
2580.0,1
2581.75,0
2582.0,1
2584.0,0
2584.25,1
2584.5,0
2584.75,1
2585.0,0
2585.25,1
2585.5,0
2589.25,1
2589.5,0
2598.25,1
2598.5,0
2600.75,1
2604.0,0
2604.25,1
2607.75,0
2608.0,1
2608.75,0
2609.0,1
2609.25,0
2625.0,1
2625.5,0
2626.0,1
2626.25,0
2626.5,1
2627.75,0
2628.0,1
2629.0,0
2629.5,1
2629.75,0
2630.0,1
2632.0,0
2632.25,1
2633.25,0
2637.25,1
2637.5,0
2646.25,1
2646.5,0
2648.0,1
2648.5,0
2648.75,1
2649.0,0
2649.25,1
2652.25,0
2652.5,1
2653.75,0
2654.0,1
2655.25,0
2655.75,1
2656.0,0
2656.25,1
2657.5,0
2661.75,1
2662.25,0
2718.5,1
2719.0,0
2721.0,1
2721.75,0
2722.0,1
2722.5,0
2722.75,1
2723.25,0
2723.5,1
2723.75,0
2724.0,1
2724.5,0
2724.75,1
2725.0,0
2725.5,1
2726.0,0
2726.25,1
2727.5,0
2727.75,1
2728.0,0
2728.25,1
2729.25,0
2742.5,1
2742.75,0
2743.25,1
2743.75,0
2744.75,1
2745.75,0
2746.0,1
2747.25,0
2747.75,1
2749.0,0
2749.5,1
2750.25,0
2750.5,1
2751.0,0
2751.25,1
2751.5,0
2752.0,1
2753.0,0
2756.0,1
2756.25,0
2768.25,1
2768.5,0
2769.5,1
2770.5,0
2770.75,1
2771.0,0
2771.25,1
2772.0,0
2772.25,1
2772.5,0
2772.75,1
2775.25,0
2775.5,1
2775.75,0
2776.0,1
2776.75,0
2777.0,1
2777.25,0
2781.0,1
2781.25,0
2792.75,1
2793.75,0
2794.0,1
2795.0,0
2795.25,1
2795.5,0
2795.75,1
2798.0,0
2798.25,1
2799.75,0
2800.0,1
2800.25,0
2804.0,1
2804.25,0
2817.0,1
2818.5,0
2818.75,1
2820.25,0
2820.5,1
2820.75,0
2821.0,1
2821.5,0
2821.75,1
2822.0,0
2822.25,1
2822.5,0
2822.75,1
2823.0,0
2823.5,1
2824.5,0
2824.75,1
2825.25,0
2825.5,1
2826.0,0
2886.5,1
2886.75,0
2887.25,1
2887.5,0
2888.5,1
2889.0,0
2889.25,1
2889.5,0
2889.75,1
2891.75,0
2892.0,1
2892.5,0
2892.75,1
2893.5,0
2893.75,1
2894.5,0
2895.0,1
2895.25,0
2895.5,1
2896.5,0
2896.75,1
2897.5,0
2912.5,1
2912.75,0
2913.0,1
2913.75,0
2914.0,1
2916.75,0
2917.0,1
2917.75,0
2918.0,1
2919.0,0
2919.25,1
2920.25,0
2920.75,1
2921.0,0
2921.25,1
2921.5,0
2936.0,1
2936.25,0
2937.0,1
2937.25,0
2937.5,1
2937.75,0
2938.5,1
2940.0,0
2940.25,1
2941.0,0
2942.0,1
2942.5,0
2942.75,1
2944.25,0
2944.5,1
2945.0,0
2945.25,1
2945.5,0
2959.5,1
2959.75,0
2960.75,1
2961.0,0
2961.25,1
2961.5,0
2961.75,1
2964.0,0
2964.25,1
2965.25,0
2965.5,1
2965.75,0
2966.25,1
2967.25,0
2968.0,1
2969.25,0
2972.25,1
2972.5,0
2973.0,1
2973.25,0
2982.75,1
2983.0,0
2984.25,1
2984.5,0
2985.0,1
2986.0,0
2986.25,1
2986.75,0
2987.0,1
2987.5,0
2987.75,1
2990.0,0
2990.25,1
2991.25,0
2991.5,1
2992.75,0
2993.25,1
2993.5,0
3056.75,1
3057.5,0
3057.75,1
3058.5,0
3058.75,1
3060.25,0
3060.5,1
3062.5,0
3063.0,1
3065.25,0
3068.0,1
3068.25,0
3071.75,1
3072.0,0
3081.0,1
3081.5,0
3081.75,1
3082.25,0
3082.5,1
3083.5,0
3083.75,1
3087.75,0
3088.0,1
3088.5,0
3088.75,1
3089.25,0
3092.5,1
3092.75,0
3103.25,1
3103.5,0
3103.75,1
3104.5,0
3105.0,1
3108.25,0
3108.5,1
3109.75,0
3110.0,1
3110.75,0
3111.0,1
3111.25,0
3111.5,1
3113.25,0
3117.25,1
3117.5,0
3128.0,1
3128.25,0
3128.5,1
3128.75,0
3129.0,1
3129.25,0
3129.5,1
3133.25,0
3133.5,1
3133.75,0
3134.0,1
3135.0,0
3135.25,1
3135.5,0
3135.75,1
3136.0,0
3136.25,1
3137.5,0
3141.75,1
3142.0,0
3151.25,1
3151.5,0
3151.75,1
3152.0,0
3153.0,1
3154.0,0
3154.25,1
3155.5,0
3155.75,1
3156.0,0
3156.25,1
3157.25,0
3157.5,1
3160.25,0
3160.5,1
3160.75,0
3161.0,1
3161.25,0
3221.5,1
3221.75,0
3223.25,1
3223.5,0
3224.75,1
3225.75,0
3226.0,1
3228.5,0
3229.0,1
3229.25,0
3229.5,1
3229.75,0
3230.0,1
3231.25,0
3231.5,1
3233.0,0
3246.25,1
3246.5,0
3248.5,1
3248.75,0
3249.0,1
3250.75,0
3251.25,1
3252.75,0
3253.0,1
3253.25,0
3253.75,1
3254.75,0
3255.0,1
3256.5,0
3257.0,1
3257.25,0
3258.0,1
3258.25,0
3262.0,1
3262.25,0
3270.5,1
3270.75,0
3272.75,1
3273.0,0
3274.0,1
3278.0,0
3278.25,1
3278.75,0
3279.0,1
3279.5,0
3279.75,1
3280.5,0
3280.75,1
3281.0,0
3294.25,1
3294.5,0
3296.5,1
3297.0,0
3297.25,1
3304.0,0
3305.0,1
3305.25,0
3321.25,1
3321.5,0
3321.75,1
3322.25,0
3322.5,1
3323.75,0
3324.25,1
3326.25,0
3326.5,1
3327.25,0
3327.5,1
3329.5,0
3333.0,1
3333.25,0
3392.5,1
3393.25,0
3393.5,1
3393.75,0
3394.25,1
3394.5,0
3394.75,1
3396.25,0
3396.5,1
3397.75,0
3398.0,1
3398.5,0
3399.0,1
3401.5,0
3415.25,1
3415.5,0
3416.5,1
3417.0,0
3417.25,1
3417.75,0
3418.0,1
3422.75,0
3423.25,1
3424.5,0
3424.75,1
3425.0,0
3441.0,1
3441.75,0
3442.0,1
3442.5,0
3442.75,1
3444.0,0
3444.25,1
3444.5,0
3445.25,1
3446.25,0
3446.5,1
3447.0,0
3447.25,1
3448.0,0
3448.25,1
3448.5,0
3448.75,1
3449.25,0
3462.25,1
3462.5,0
3465.0,1
3465.25,0
3465.5,1
3466.25,0
3466.5,1
3467.75,0
3468.0,1
3469.25,0
3469.5,1
3469.75,0
3470.0,1
3471.5,0
3472.25,1
3472.75,0
3473.25,1
3473.5,0
3486.75,1
3487.0,0
3488.75,1
3489.0,0
3489.25,1
3491.5,0
3491.75,1
3492.0,0
3492.5,1
3494.0,0
3494.25,1
3495.0,0
3495.25,1
3495.5,0
3496.25,1
3496.5,0
3496.75,1
3497.75,0
3559.5,1
3559.75,0
3560.0,1
3560.25,0
3560.5,1
3560.75,0
3561.0,1
3561.25,0
3561.5,1
3563.5,0
3563.75,1
3564.0,0
3564.25,1
3564.75,0
3565.0,1
3565.5,0
3565.75,1
3567.5,0
3568.0,1
3568.75,0
3606.25,1
3606.75,0
3609.0,1
3609.5,0
3609.75,1
3611.75,0
3612.0,1
3614.25,0
3615.5,1
3616.25,0
3616.5,1
3616.75,0
3632.25,1
3632.75,0
3633.5,1
3634.25,0
3634.75,1
3636.75,0
3637.0,1
3637.5,0
3637.75,1
3639.0,0
3639.25,1
3639.5,0
3640.0,1
3640.5,0
3640.75,1
3641.0,0
3645.0,1
3645.25,0
3654.0,1
3654.25,0
3657.25,1
3660.0,0
3660.25,1
3661.25,0
3661.75,1
3663.75,0
3664.0,1
3664.5,0
3665.0,1
3665.25,0
3667.75,1
3668.0,0
3670.25,1
3670.5,0
3726.75,1
3727.0,0
3729.5,1
3731.0,0
3731.25,1
3733.5,0
3733.75,1
3734.0,0
3734.75,1
3735.0,0
3735.25,1
3736.75,0
3737.0,1
3737.25,0
3740.0,1
3740.25,0
3750.5,1
3750.75,0
3753.0,1
3753.25,0
3753.5,1
3755.0,0
3755.25,1
3756.0,0
3756.25,1
3757.0,0
3757.5,1
3758.75,0
3759.0,1
3761.25,0
3761.5,1
3761.75,0
3774.0,1
3774.25,0
3776.5,1
3776.75,0
3777.0,1
3777.25,0
3777.5,1
3779.25,0
3779.5,1
3780.25,0
3780.5,1
3781.0,0
3781.25,1
3782.0,0
3782.25,1
3784.5,0
3785.0,1
3785.25,0
3798.75,1
3799.0,0
3801.0,1
3801.25,0
3801.75,1
3802.0,0
3802.25,1
3802.75,0
3803.0,1
3803.5,0
3803.75,1
3804.25,0
3804.5,1
3806.75,0
3807.0,1
3808.75,0
3822.75,1
3823.0,0
3824.75,1
3825.25,0
3825.5,1
3826.0,0
3826.25,1
3826.5,0
3826.75,1
3829.75,0
3830.0,1
3831.75,0
3832.0,1
3832.75,0
3833.25,1
3833.5,0
3894.75,1
3895.5,0
3895.75,1
3896.25,0
3896.5,1
3896.75,0
3897.0,1
3897.5,0
3898.0,1
3899.5,0
3899.75,1
3901.5,0
3902.0,1
3903.75,0
3904.0,1
3904.75,0
3905.0,1
3905.25,0
3907.25,1
3907.5,0
3918.25,1
3918.5,0
3918.75,1
3919.0,0
3921.25,1
3922.0,0
3922.5,1
3924.5,0
3924.75,1
3925.25,0
3925.5,1
3926.75,0
3927.5,1
3928.0,0
3928.25,1
3929.5,0
3942.75,1
3943.0,0
3943.25,1
3943.5,0
3945.0,1
3945.25,0
3945.5,1
3946.5,0
3946.75,1
3947.5,0
3947.75,1
3948.75,0
3949.0,1
3949.5,0
3949.75,1
3950.75,0
3951.25,1
3951.75,0
3952.25,1
3953.5,0
3965.75,1
3966.0,0
3966.5,1
3966.75,0
3968.75,1
3969.25,0
3969.75,1
3970.25,0
3970.5,1
3972.5,0
3972.75,1
3974.5,0
3974.75,1
3977.25,0
3980.25,1
3980.5,0
3991.25,1
3991.5,0
3992.5,1
3993.25,0
3993.5,1
3993.75,0
3994.0,1
3995.75,0
3996.0,1
3997.25,0
3997.5,1
3998.5,0
3998.75,1
3999.75,0
4000.0,1
4000.75,0
4001.0,1
4001.25,0
4063.25,1
4063.5,0
4064.75,1
4065.0,0
4065.25,1
4066.75,0
4067.0,1
4068.0,0
4068.5,1
4069.25,0
4069.5,1
4069.75,0
4070.0,1
4071.0,0
4071.25,1
4071.5,0
4071.75,1
4072.0,0
4072.5,1
4073.0,0
4073.75,1
4074.0,0
4076.25,1
4076.5,0
4087.25,1
4087.5,0
4089.25,1
4090.25,0
4090.5,1
4091.75,0
4092.0,1
4092.25,0
4092.5,1
4094.25,0
4094.5,1
4094.75,0
4095.0,1
4096.0,0
4096.25,1
4096.5,0
4100.0,1
4100.25,0
4100.5,1
4100.75,0
4109.75,1
4110.0,0
4112.75,1
4115.25,0
4116.25,1
4118.5,0
4118.75,1
4120.25,0
4120.5,1
4121.25,0
4121.5,1
4121.75,0
4125.0,1
4125.25,0
4135.5,1
4136.0,0
4137.5,1
4139.0,0
4139.25,1
4140.75,0
4141.0,1
4141.25,0
4141.5,1
4142.25,0
4142.5,1
4143.25,0
4143.5,1
4144.25,0
4144.5,1
4145.0,0
4145.25,1
4145.5,0
4148.0,1
4148.25,0
4161.0,1
4162.5,0
4162.75,1
4163.0,0
4163.25,1
4163.5,0
4163.75,1
4164.5,0
4165.0,1
4166.25,0
4167.0,1
4167.25,0
4167.5,1
4169.0,0
4172.5,1
4172.75,0
4231.25,1
4231.5,0
4232.5,1
4233.0,0
4233.25,1
4233.75,0
4234.0,1
4236.25,0
4237.0,1
4238.0,0
4238.25,1
4238.75,0
4239.25,1
4239.5,0
4240.0,1
4240.75,0
4253.5,1
4253.75,0
4257.25,1
4258.25,0
4258.5,1
4261.25,0
4261.5,1
4262.5,0
4262.75,1
4263.0,0
4263.25,1
4264.0,0
4264.25,1
4264.75,0
4277.25,1
4277.5,0
4277.75,1
4278.0,0
4280.0,1
4280.25,0
4281.5,1
4281.75,0
4282.75,1
4283.0,0
4283.25,1
4283.75,0
4284.0,1
4285.0,0
4285.25,1
4289.0,0
4289.5,1
4289.75,0
4294.0,1
4294.25,0
4302.75,1
4303.0,0
4304.0,1
4304.25,0
4305.0,1
4305.75,0
4306.25,1
4308.0,0
4308.25,1
4308.5,0
4308.75,1
4309.25,0
4309.5,1
4309.75,0
4310.0,1
4310.25,0
4310.5,1
4311.25,0
4311.75,1
4313.25,0
4313.5,1
4313.75,0
4317.5,1
4317.75,0
4318.5,1
4318.75,0
4328.5,1
4328.75,0
4329.0,1
4329.5,0
4330.0,1
4331.0,0
4331.5,1
4331.75,0
4332.0,1
4333.0,0
4333.5,1
4334.25,0
4334.5,1
4335.0,0
4335.5,1
4336.5,0
4336.75,1
4337.25,0
4401.25,1
4402.25,0
4402.5,1
4403.0,0
4403.25,1
4403.5,0
4404.0,1
4404.25,0
4404.5,1
4405.5,0
4406.0,1
4408.5,0
4409.25,1
4409.75,0
4447.75,1
4448.0,0
4449.75,1
4451.5,0
4451.75,1
4452.75,0
4453.0,1
4453.5,0
4454.0,1
4454.25,0
4454.5,1
4455.25,0
4455.5,1
4456.0,0
4456.25,1
4457.0,0
4461.25,1
4461.5,0
4469.25,1
4469.5,0
4473.25,1
4475.25,0
4475.75,1
4476.75,0
4477.25,1
4477.5,0
4478.0,1
4478.25,0
4478.75,1
4479.0,0
4479.25,1
4479.5,0
4479.75,1
4480.0,0
4480.25,1
4480.75,0
4495.75,1
4496.0,0
4496.25,1
4496.5,0
4497.0,1
4497.25,0
4497.5,1
4498.0,0
4498.5,1
4498.75,0
4499.0,1
4499.75,0
4500.0,1
4500.5,0
4500.75,1
4501.25,0
4501.5,1
4501.75,0
4502.25,1
4502.75,0
4503.0,1
4503.25,0
4503.75,1
4504.5,0
4504.75,1
4505.0,0
4506.0,1
4506.25,0
4569.25,1
4570.25,0
4570.5,1
4572.0,0
4572.25,1
4572.5,0
4572.75,1
4573.25,0
4573.75,1
4574.25,0
4574.5,1
4575.0,0
4575.25,1
4577.0,0
4578.0,1
4578.25,0
4580.5,1
4580.75,0
4581.25,1
4581.5,0
4590.25,1
4590.5,0
4591.25,1
4591.5,0
4593.25,1
4594.75,0
4595.25,1
4596.5,0
4597.0,1
4597.25,0
4597.5,1
4598.0,0
4598.25,1
4598.5,0
4598.75,1
4599.75,0
4600.0,1
4600.75,0
4601.25,1
4601.5,0
4615.0,1
4615.5,0
4615.75,1
4616.0,0
4616.25,1
4616.5,0
4617.5,1
4617.75,0
4618.0,1
4619.25,0
4619.75,1
4621.25,0
4621.5,1
4623.5,0
4623.75,1
4625.0,0
4625.25,1
4625.5,0
4640.75,1
4641.0,0
4641.25,1
4641.75,0
4642.0,1
4643.25,0
4643.5,1
4644.25,0
4644.75,1
4645.5,0
4645.75,1
4647.25,0
4647.5,1
4648.5,0
4649.0,1
4649.25,0
4653.75,1
4654.0,0
4662.75,1
4663.0,0
4664.5,1
4664.75,0
4665.25,1
4665.5,0
4665.75,1
4666.0,0
4666.75,1
4667.0,0
4667.25,1
4668.0,0
4668.5,1
4669.75,0
4670.5,1
4671.0,0
4671.25,1
4672.0,0
4672.25,1
4672.5,0
4673.0,1
4673.25,0
4736.75,1
4737.5,0
4737.75,1
4738.0,0
4738.5,1
4738.75,0
4739.0,1
4739.75,0
4740.0,1
4740.25,0
4740.75,1
4741.75,0
4742.75,1
4743.0,0
4743.25,1
4744.25,0
4744.5,1
4745.0,0
4745.25,1
4745.5,0
4747.5,1
4747.75,0
4759.0,1
4759.25,0
4759.5,1
4759.75,0
4761.0,1
4761.25,0
4761.5,1
4762.25,0
4762.5,1
4765.75,0
4766.0,1
4767.5,0
4767.75,1
4768.0,0
4768.25,1
4768.5,0
4768.75,1
4769.25,0
4784.5,1
4785.0,0
4785.25,1
4789.0,0
4789.75,1
4791.0,0
4791.5,1
4791.75,0
4792.0,1
4792.25,0
4792.75,1
4793.0,0
4793.25,1
4793.5,0
4808.75,1
4809.25,0
4809.5,1
4810.5,0
4811.25,1
4813.75,0
4814.0,1
4815.25,0
4815.5,1
4816.5,0
4816.75,1
4817.25,0
4830.0,1
4830.25,0
4833.0,1
4835.0,0
4835.25,1
4836.75,0
4837.0,1
4837.75,0
4838.0,1
4838.75,0
4839.0,1
4839.75,0
4840.0,1
4841.0,0
4841.25,1
4841.5,0
4845.25,1
4845.5,0
4902.0,1
4902.25,0
4904.5,1
4904.75,0
4905.0,1
4905.25,0
4905.75,1
4908.0,0
4908.25,1
4909.25,0
4909.75,1
4910.0,0
4910.25,1
4910.5,0
4910.75,1
4911.5,0
4911.75,1
4912.0,0
4912.25,1
4912.75,0
4913.0,1
4913.25,0
4917.0,1
4917.25,0
4927.5,1
4927.75,0
4928.5,1
4928.75,0
4929.25,1
4932.25,0
4933.0,1
4934.0,0
4934.25,1
4935.0,0
4935.25,1
4936.5,0
4937.25,1
4937.5,0
4941.75,1
4942.0,0
4951.0,1
4951.25,0
4953.0,1
4953.25,0
4953.5,1
4955.25,0
4955.5,1
4958.5,0
4958.75,1
4959.5,0
4959.75,1
4960.5,0
4961.0,1
4961.25,0
4976.75,1
4978.5,0
4978.75,1
4979.5,0
4980.0,1
4981.5,0
4981.75,1
4982.5,0
4983.0,1
4984.5,0
4985.5,1
4985.75,0
4989.75,1
4990.0,0
4999.75,1
5000.25,0
5001.0,1
5004.25,0
5004.75,1
5006.0,0
5006.25,1
5006.75,0
5007.0,1
5008.75,0
5009.5,1
5009.75,0
5071.0,1
5071.25,0
5072.25,1
5072.5,0
5072.75,1
5073.25,0
5073.5,1
5075.75,0
5076.0,1
5077.5,0
5077.75,1
5078.25,0
5078.5,1
5079.0,0
5079.25,1
5080.25,0
5080.5,1
5080.75,0
5081.0,1
5081.25,0
5085.5,1
5085.75,0
5096.75,1
5097.0,0
5097.75,1
5098.75,0
5099.0,1
5099.25,0
5099.5,1
5100.0,0
5100.25,1
5102.75,0
5103.0,1
5103.75,0
5104.0,1
5104.75,0
5108.75,1
5109.0,0
5118.25,1
5118.5,0
5121.0,1
5121.25,0
5121.5,1
5121.75,0
5122.0,1
5122.5,0
5123.25,1
5123.5,0
5123.75,1
5124.25,0
5125.25,1
5125.5,0
5125.75,1
5126.5,0
5126.75,1
5127.0,0
5127.25,1
5127.5,0
5127.75,1
5129.5,0
5142.75,1
5143.0,0
5143.25,1
5143.5,0
5145.0,1
5145.25,0
5145.5,1
5148.5,0
5148.75,1
5149.5,0
5149.75,1
5152.25,0
5152.5,1
5152.75,0
5167.5,1
5167.75,0
5168.25,1
5168.5,0
5168.75,1
5173.25,0
5173.5,1
5174.0,0
5174.25,1
5174.75,0
5175.5,1
5175.75,0
5176.0,1
5176.5,0
5176.75,1
5177.25,0
5241.75,1
5243.5,0
5244.0,1
5245.0,0
5245.25,1
5245.75,0
5246.5,1
5246.75,0
5247.0,1
5248.5,0
5248.75,1
5249.5,0
5252.5,1
5253.0,0
5262.75,1
5263.0,0
5264.5,1
5264.75,0
5265.25,1
5265.5,0
5266.0,1
5266.25,0
5266.5,1
5268.0,0
5268.25,1
5269.0,0
5269.25,1
5269.5,0
5270.0,1
5270.25,0
5270.75,1
5272.5,0
5272.75,1
5273.0,0
5276.0,1
5276.25,0
5276.5,1
5276.75,0
5287.75,1
5288.0,0
5288.75,1
5290.25,0
5290.5,1
5291.0,0
5291.25,1
5293.25,0
5293.75,1
5294.0,0
5294.25,1
5296.25,0
5296.5,1
5296.75,0
5311.75,1
5312.0,0
5312.75,1
5314.25,0
5314.5,1
5315.5,0
5315.75,1
5316.0,0
5316.25,1
5317.25,0
5317.75,1
5319.0,0
5319.25,1
5321.25,0
5321.5,1
5321.75,0
5334.5,1
5334.75,0
5336.75,1
5340.25,0
5340.5,1
5344.0,0
5344.25,1
5345.25,0
5408.5,1
5410.5,0
5410.75,1
5412.0,0
5412.25,1
5413.0,0
5413.25,1
5415.5,0
5415.75,1
5416.0,0
5416.25,1
5417.0,0
5431.5,1
5431.75,0
5432.25,1
5432.5,0
5432.75,1
5433.0,0
5433.25,1
5433.75,0
5434.0,1
5434.5,0
5434.75,1
5436.5,0
5436.75,1
5437.5,0
5437.75,1
5438.75,0
5439.0,1
5440.25,0
5440.5,1
5441.0,0
5455.0,1
5455.25,0
5456.75,1
5458.0,0
5458.25,1
5459.5,0
5459.75,1
5460.5,0
5461.0,1
5461.25,0
5461.5,1
5462.0,0
5462.5,1
5463.0,0
5463.25,1
5464.75,0
5467.5,1
5467.75,0
5480.25,1
5480.5,0
5481.0,1
5481.25,0
5481.5,1
5483.25,0
5483.5,1
5485.5,0
5485.75,1
5487.0,0
5487.25,1
5488.0,0
5488.25,1
5489.0,0
5489.25,1
5489.5,0
5503.25,1
5503.75,0
5505.25,1
5505.5,0
5505.75,1
5506.25,0
5506.5,1
5507.25,0
5507.5,1
5508.75,0
5509.5,1
5512.5,0
5575.0,1
5575.25,0
5577.0,1
5577.5,0
5577.75,1
5579.0,0
5579.25,1
5580.5,0
5580.75,1
5581.5,0
5582.0,1
5582.75,0
5583.0,1
5584.0,0
5584.25,1
5584.5,0
5584.75,1
5585.25,0
5585.5,1
5585.75,0
5599.75,1
5600.25,0
5600.5,1
5600.75,0
5601.0,1
5601.25,0
5601.5,1
5604.5,0
5604.75,1
5608.25,0
5608.5,1
5609.25,0
5609.5,1
5609.75,0
5622.5,1
5623.0,0
5625.25,1
5626.75,0
5627.0,1
5627.75,0
5628.0,1
5630.0,0
5630.25,1
5630.5,0
5630.75,1
5631.5,0
5631.75,1
5633.25,0
5633.5,1
5633.75,0
5649.0,1
5649.25,0
5649.5,1
5650.25,0
5650.5,1
5652.25,0
5652.75,1
5653.5,0
5654.25,1
5654.5,0
5654.75,1
5655.0,0
5655.25,1
5655.5,0
5655.75,1
5656.0,0
5656.25,1
5656.5,0
5656.75,1
5657.25,0
5670.5,1
5670.75,0
5671.0,1
5671.25,0
5673.25,1
5676.25,0
5676.5,1
5676.75,0
5677.0,1
5678.5,0
5678.75,1
5680.5,0
5680.75,1
5681.0,0
5744.5,1
5745.0,0
5745.25,1
5746.25,0
5746.5,1
5748.5,0
5748.75,1
5749.25,0
5749.5,1
5749.75,0
5750.5,1
5750.75,0
5751.0,1
5753.0,0
5753.25,1
5753.5,0
5767.75,1
5768.0,0
5768.5,1
5769.0,0
5769.25,1
5770.75,0
5771.0,1
5772.5,0
5773.0,1
5773.5,0
5774.0,1
5774.25,0
5774.75,1
5777.0,0
5780.25,1
5780.5,0
5791.0,1
5791.25,0
5791.75,1
5792.0,0
5793.5,1
5794.75,0
5795.0,1
5795.25,0
5795.5,1
5795.75,0
5796.25,1
5796.5,0
5796.75,1
5797.75,0
5798.0,1
5798.5,0
5798.75,1
5799.25,0
5799.5,1
5801.25,0
5817.25,1
5819.75,0
5820.0,1
5820.75,0
5821.0,1
5821.5,0
5821.75,1
5822.75,0
5823.0,1
5823.75,0
5824.0,1
5825.0,0
5825.5,1
5825.75,0
5829.0,1
5829.25,0
5829.75,1
5830.0,0
5838.0,1
5838.5,0
5841.0,1
5843.25,0
5843.5,1
5844.25,0
5844.5,1
5844.75,0
5845.0,1
5845.75,0
5846.0,1
5848.0,0
5848.25,1
5848.5,0
5848.75,1
5849.25,0
5909.75,1
5910.0,0
5910.5,1
5910.75,0
5913.0,1
5914.5,0
5915.0,1
5917.5,0
5918.0,1
5918.75,0
5919.0,1
5919.25,0
5919.5,1
5919.75,0
5920.0,1
5920.25,0
5920.5,1
5921.0,0
5957.75,1
5958.0,0
5960.75,1
5962.25,0
5962.5,1
5963.0,0
5963.25,1
5965.5,0
5966.0,1
5966.5,0
5967.0,1
5967.5,0
5967.75,1
5969.25,0
5969.75,1
5970.0,0
5974.0,1
5974.25,0
5983.25,1
5983.5,0
5984.0,1
5984.25,0
5984.5,1
5984.75,0
5985.25,1
5988.5,0
5989.0,1
5991.0,0
5991.25,1
5993.25,0
6009.0,1
6009.25,0
6009.5,1
6011.75,0
6012.0,1
6014.75,0
6015.0,1
6015.25,0
6015.5,1
6016.25,0
6016.5,1
6016.75,0
6017.0,1
6017.25,0
6019.75,1
6020.0,0
6078.25,1
6078.5,0
6081.25,1
6081.75,0
6082.0,1
6082.5,0
6082.75,1
6085.0,0
6085.5,1
6086.0,0
6086.25,1
6088.0,0
6088.25,1
6089.0,0
6089.5,1
6089.75,0
6103.0,1
6103.25,0
6103.75,1
6104.0,0
6105.0,1
6108.0,0
6108.25,1
6108.5,0
6108.75,1
6109.0,0
6109.5,1
6110.5,0
6110.75,1
6111.5,0
6111.75,1
6113.0,0
6128.75,1
6129.0,0
6129.75,1
6130.5,0
6131.0,1
6133.0,0
6133.25,1
6134.75,0
6135.0,1
6137.25,0
6137.75,1
6138.0,0
6142.0,1
6142.25,0
6152.25,1
6152.75,0
6153.75,1
6156.0,0
6156.25,1
6157.75,0
6158.0,1
6158.75,0
6159.0,1
6159.75,0
6160.0,1
6160.75,0
6161.0,1
6161.5,0
6173.5,1
6173.75,0
6176.25,1
6177.25,0
6177.5,1
6177.75,0
6178.0,1
6178.25,0
6178.75,1
6179.75,0
6180.0,1
6182.25,0
6182.5,1
6184.75,0
6185.0,1
6185.5,0
6247.0,1
6247.5,0
6248.75,1
6249.25,0
6249.5,1
6250.75,0
6251.0,1
6251.25,0
6251.5,1
6252.25,0
6252.5,1
6252.75,0
6253.75,1
6254.75,0
6255.0,1
6256.0,0
6256.5,1
6257.5,0
6260.75,1
6261.25,0
6270.25,1
6270.5,0
6272.25,1
6272.5,0
6273.0,1
6274.0,0
6274.25,1
6274.75,0
6275.0,1
6276.0,0
6276.25,1
6276.5,0
6277.0,1
6277.25,0
6277.5,1
6278.0,0
6278.25,1
6279.5,0
6279.75,1
6280.0,0
6280.25,1
6280.75,0
6286.25,1
6286.5,0
6297.25,1
6298.0,0
6298.25,1
6298.75,0
6299.0,1
6300.75,0
6301.25,1
6301.5,0
6302.75,1
6304.75,0
6305.0,1
6305.25,0
6305.5,1
6305.75,0
6321.0,1
6321.75,0
6322.0,1
6322.25,0
6322.5,1
6323.0,0
6323.25,1
6324.25,0
6324.5,1
6324.75,0
6325.0,1
6325.25,0
6325.5,1
6325.75,0
6326.0,1
6326.75,0
6327.0,1
6327.5,0
6327.75,1
6328.75,0
6329.0,1
6329.25,0
6332.5,1
6332.75,0
6345.0,1
6345.25,0
6345.5,1
6345.75,0
6346.0,1
6346.5,0
6346.75,1
6347.0,0
6347.25,1
6347.5,0
6347.75,1
6348.0,0
6348.25,1
6350.25,0
6350.5,1
6352.25,0
6352.5,1
6353.0,0
6414.75,1
6415.0,0
6416.0,1
6416.25,0
6416.75,1
6417.0,0
6417.25,1
6417.75,0
6418.0,1
6419.5,0
6419.75,1
6420.75,0
6421.0,1
6421.5,0
6421.75,1
6424.25,0
6424.5,1
6425.0,0
6425.25,1
6425.5,0
6439.5,1
6439.75,0
6440.5,1
6441.0,0
6441.25,1
6442.0,0
6442.25,1
6444.5,0
6444.75,1
6446.25,0
6446.5,1
6447.75,0
6448.0,1
6449.25,0
6449.5,1
6449.75,0
6452.5,1
6452.75,0
6463.75,1
6464.25,0
6464.75,1
6465.0,0
6465.5,1
6467.75,0
6468.0,1
6468.75,0
6469.0,1
6469.75,0
6470.25,1
6472.0,0
6472.25,1
6472.5,0
6472.75,1
6473.0,0
6473.5,1
6473.75,0
6478.0,1
6478.5,0
6486.75,1
6487.0,0
6489.0,1
6490.0,0
6490.5,1
6490.75,0
6491.25,1
6492.75,0
6493.0,1
6493.5,0
6494.0,1
6494.75,0
6495.0,1
6495.25,0
6495.75,1
6497.0,0
6511.5,1
6511.75,0
6513.0,1
6514.25,0
6514.75,1
6515.25,0
6515.5,1
6515.75,0
6516.0,1
6517.5,0
6517.75,1
6518.0,0
6518.5,1
6519.0,0
6519.25,1
6519.75,0
6520.0,1
6520.25,0
6520.5,1
6520.75,0
6521.75,1
6522.0,0
6524.75,1
6525.0,0
6583.0,1
6583.25,0
6584.75,1
6585.0,0
6585.25,1
6586.0,0
6586.25,1
6586.5,0
6587.0,1
6587.5,0
6587.75,1
6588.75,0
6589.0,1
6589.5,0
6589.75,1
6590.75,0
6591.0,1
6591.75,0
6592.25,1
6592.5,0
6592.75,1
6593.0,0
6596.5,1
6596.75,0
6598.5,1
6598.75,0
6608.5,1
6608.75,0
6609.0,1
6609.75,0
6610.0,1
6610.75,0
6611.0,1
6611.75,0
6612.25,1
6613.0,0
6613.5,1
6614.0,0
6614.25,1
6614.5,0
6614.75,1
6615.25,0
6615.5,1
6616.75,0
6617.25,1
6617.5,0
6620.25,1
6620.75,0
6631.5,1
6632.0,0
6632.25,1
6632.75,0
6633.25,1
6634.25,0
6634.5,1
6636.25,0
6636.5,1
6637.25,0
6637.75,1
6638.75,0
6639.0,1
6639.25,0
6639.5,1
6641.5,0
6644.75,1
6645.0,0
6656.5,1
6656.75,0
6657.5,1
6657.75,0
6658.0,1
6658.25,0
6658.5,1
6658.75,0
6659.0,1
6660.0,0
6660.25,1
6660.5,0
6660.75,1
6661.25,0
6661.5,1
6662.5,0
6662.75,1
6663.75,0
6664.0,1
6665.25,0
6669.25,1
6669.5,0
6679.0,1
6679.25,0
6679.5,1
6679.75,0
6681.0,1
6681.5,0
6681.75,1
6682.0,0
6682.5,1
6683.0,0
6683.25,1
6683.5,0
6684.0,1
6684.25,0
6684.5,1
6684.75,0
6685.5,1
6685.75,0
6686.0,1
6687.0,0
6687.25,1
6687.5,0
6687.75,1
6689.0,0
6752.75,1
6753.0,0
6753.5,1
6755.0,0
6755.25,1
6756.0,0
6756.25,1
6757.5,0
6757.75,1
6759.75,0
6760.5,1
6760.75,0
6764.25,1
6764.5,0
6765.0,1
6765.25,0
6766.0,1
6766.25,0
6798.0,1
6798.25,0
6800.75,1
6801.5,0
6802.25,1
6804.25,0
6804.5,1
6805.0,0
6805.25,1
6805.75,0
6806.0,1
6809.0,0
6811.25,1
6811.5,0
6813.25,1
6813.5,0
6823.0,1
6823.25,0
6825.0,1
6825.25,0
6825.75,1
6826.0,0
6826.25,1
6828.75,0
6829.0,1
6830.75,0
6831.0,1
6832.0,0
6832.5,1
6833.25,0
6848.75,1
6849.0,0
6849.25,1
6850.5,0
6850.75,1
6851.75,0
6852.0,1
6852.25,0
6852.5,1
6853.5,0
6853.75,1
6854.25,0
6854.5,1
6854.75,0
6855.0,1
6856.5,0
6856.75,1
6857.0,0
6861.25,1
6861.5,0
6921.25,1
6921.5,0
6921.75,1
6922.75,0
6923.0,1
6923.5,0
6923.75,1
6925.5,0
6926.25,1
6926.5,0
6926.75,1
6927.0,0
6927.75,1
6928.0,0
6928.25,1
6929.0,0
6929.25,1
6929.5,0
6932.5,1
6932.75,0
6944.75,1
6947.5,0
6947.75,1
6949.0,0
6949.5,1
6951.5,0
6951.75,1
6952.0,0
6952.25,1
6952.5,0
6953.0,1
6953.25,0
6966.5,1
6966.75,0
6969.0,1
6969.25,0
6969.5,1
6970.0,0
6970.5,1
6971.75,0
6972.75,1
6973.25,0
6973.5,1
6975.75,0
6976.25,1
6977.0,0
6980.25,1
6980.5,0
6990.25,1
6990.75,0
6991.25,1
6991.5,0
6992.0,1
6992.25,0
6992.5,1
6997.25,0
6997.5,1
6999.0,0
6999.25,1
6999.5,0
7000.0,1
7001.0,0
7001.5,1
7001.75,0
7014.5,1
7015.0,0
7015.75,1
7016.0,0
7017.75,1
7019.25,0
7019.75,1
7020.25,0
7020.75,1
7023.0,0
7023.25,1
7025.25,0
7086.5,1
7086.75,0
7088.75,1
7089.0,0
7089.25,1
7089.75,0
7090.0,1
7090.5,0
7090.75,1
7093.0,0
7093.25,1
7095.75,0
7096.0,1
7096.5,0
7097.0,1
7097.25,0
7113.25,1
7113.5,0
7113.75,1
7114.25,0
7114.5,1
7114.75,0
7115.0,1
7116.0,0
7116.5,1
7117.0,0
7117.25,1
7118.5,0
7119.0,1
7119.25,0
7119.5,1
7120.75,0
7121.25,1
7121.75,0
7124.25,1
7124.5,0
7125.5,1
7125.75,0
7137.25,1
7138.75,0
7139.0,1
7139.75,0
7140.0,1
7141.5,0
7141.75,1
7142.5,0
7142.75,1
7143.5,0
7143.75,1
7144.5,0
7144.75,1
7145.25,0
7159.25,1
7159.5,0
7161.25,1
7161.5,0
7162.25,1
7163.0,0
7163.25,1
7164.0,0
7164.25,1
7166.25,0
7166.5,1
7167.25,0
7167.5,1
7168.0,0
7168.25,1
7169.0,0
7173.25,1
7173.5,0
7183.5,1
7183.75,0
7185.0,1
7185.25,0
7185.75,1
7187.0,0
7187.25,1
7187.75,0
7188.0,1
7189.0,0
7189.25,1
7192.25,0
7192.5,1
7193.25,0
7193.5,1
7193.75,0
7197.5,1
7197.75,0
7255.25,1
7255.5,0
7256.25,1
7256.5,0
7257.25,1
7257.5,0
7257.75,1
7258.25,0
7258.5,1
7261.5,0
7262.5,1
7263.0,0
7263.5,1
7263.75,0
7264.25,1
7264.75,0
7279.0,1
7279.25,0
7280.5,1
7280.75,0
7281.25,1
7281.75,0
7282.5,1
7283.25,0
7283.5,1
7283.75,0
7284.0,1
7284.25,0
7284.5,1
7284.75,0
7285.0,1
7285.75,0
7286.25,1
7287.0,0
7287.25,1
7287.5,0
7288.25,1
7289.25,0
7293.25,1
7293.5,0
7301.75,1
7302.0,0
7302.75,1
7303.0,0
7303.5,1
7303.75,0
7304.25,1
7304.5,0
7305.0,1
7305.25,0
7305.5,1
7305.75,0
7306.75,1
7307.75,0
7308.25,1
7310.25,0
7310.5,1
7311.25,0
7311.5,1
7313.0,0
7313.25,1
7313.5,0
7327.0,1
7327.75,0
7328.25,1
7328.5,0
7328.75,1
7329.0,0
7329.25,1
7329.5,0
7329.75,1
7330.25,0
7330.5,1
7331.75,0
7332.25,1
7332.5,0
7332.75,1
7333.25,0
7333.75,1
7336.0,0
7336.25,1
7337.0,0
7337.25,1
7337.5,0
7339.75,1
7340.0,0
7350.5,1
7350.75,0
7353.25,1
7355.5,0
7356.0,1
7357.25,0
7357.75,1
7361.5,0
7364.5,1
7364.75,0
7423.25,1
7423.5,0
7424.75,1
7425.0,0
7425.5,1
7427.0,0
7427.5,1
7428.0,0
7428.5,1
7428.75,0
7429.0,1
7429.75,0
7430.25,1
7431.25,0
7431.75,1
7433.0,0
7449.25,1
7451.75,0
7452.25,1
7452.5,0
7453.0,1
7455.25,0
7455.5,1
7457.5,0
7470.0,1
7470.25,0
7470.5,1
7470.75,0
7472.75,1
7473.75,0
7474.0,1
7474.75,0
7475.25,1
7475.5,0
7475.75,1
7477.75,0
7478.0,1
7480.5,0
7496.75,1
7497.0,0
7497.25,1
7498.0,0
7498.25,1
7501.25,0
7501.75,1
7502.0,0
7502.25,1
7502.75,0
7503.25,1
7505.0,0
7509.0,1
7509.25,0
7517.75,1
7518.0,0
7518.25,1
7518.5,0
7519.25,1
7519.5,0
7520.75,1
7521.0,0
7521.25,1
7521.5,0
7521.75,1
7523.75,0
7524.0,1
7524.25,0
7524.5,1
7527.25,0
7527.5,1
7527.75,0
7528.0,1
7528.25,0
7528.5,1
7529.5,0
7533.0,1
7533.25,0
7592.25,1
7594.25,0
7594.5,1
7595.5,0
7596.25,1
7597.75,0
7598.0,1
7599.0,0
7599.25,1
7599.5,0
7600.0,1
7600.25,0
7600.5,1
7600.75,0
7601.0,1
7601.25,0
7601.75,1
7602.0,0
7606.5,1
7606.75,0
7616.0,1
7616.25,0
7616.75,1
7617.0,0
7617.25,1
7617.5,0
7617.75,1
7618.25,0
7618.5,1
7619.0,0
7619.25,1
7620.75,0
7621.25,1
7622.25,0
7622.5,1
7625.25,0
7627.25,1
7627.5,0
7629.75,1
7630.0,0
7641.0,1
7641.25,0
7641.5,1
7642.0,0
7642.25,1
7643.75,0
7644.75,1
7647.25,0
7647.5,1
7648.75,0
7649.25,1
7649.5,0
7665.25,1
7665.5,0
7665.75,1
7667.25,0
7667.5,1
7669.0,0
7669.5,1
7670.0,0
7670.25,1
7670.5,0
7670.75,1
7671.5,0
7671.75,1
7673.0,0
7678.5,1
7678.75,0
7688.5,1
7688.75,0
7689.0,1
7689.25,0
7689.5,1
7689.75,0
7690.25,1
7691.0,0
7691.25,1
7691.75,0
7692.25,1
7693.25,0
7693.5,1
7695.0,0
7695.25,1
7697.25,0
7697.75,1
7698.0,0
7700.75,1
7701.0,0
7759.5,1
7760.0,0
7761.0,1
7761.5,0
7761.75,1
7763.5,0
7763.75,1
7765.25,0
7765.5,1
7766.0,0
7766.25,1
7768.5,0
7769.0,1
7769.5,0
7785.0,1
7786.0,0
7787.0,1
7788.5,0
7788.75,1
7790.5,0
7790.75,1
7791.0,0
7791.25,1
7792.75,0
7793.5,1
7793.75,0
7807.0,1
7807.25,0
7808.75,1
7809.25,0
7809.5,1
7810.75,0
7811.0,1
7812.0,0
7812.25,1
7812.5,0
7812.75,1
7813.25,0
7813.5,1
7814.25,0
7814.5,1
7816.75,0
7817.0,1
7817.25,0
7832.75,1
7833.0,0
7833.5,1
7833.75,0
7834.25,1
7839.25,0
7839.5,1
7839.75,0
7840.0,1
7840.75,0
7841.0,1
7841.25,0
7928.5,1
7929.0,0
7929.75,1
7930.75,0
7931.25,1
7931.5,0
7931.75,1
7932.75,0
7933.0,1
7933.25,0
7933.5,1
7935.25,0
7935.5,1
7937.25,0
7951.75,1
7952.0,0
7952.25,1
7952.5,0
7952.75,1
7954.0,0
7954.25,1
7957.0,0
7957.5,1
7958.5,0
7958.75,1
7960.0,0
7960.5,1
7961.25,0
7961.5,1
7961.75,0
7977.0,1
7977.25,0
7977.5,1
7979.25,0
7979.75,1
7980.25,0
7980.5,1
7980.75,0
7981.0,1
7981.75,0
7982.25,1
7982.5,0
7982.75,1
7983.0,0
7983.25,1
7985.25,0
7998.75,1
7999.0,0
8001.0,1
8001.25,0
8001.5,1
8001.75,0
8002.0,1
8003.75,0
8004.0,1
8006.5,0
8007.0,1
8007.75,0
8008.0,1
8008.75,0
8009.0,1
8009.25,0
8025.0,1
8026.25,0
8026.5,1
8028.0,0
8028.25,1
8029.5,0
8029.75,1
8030.0,0
8030.25,1
8030.5,0
8031.0,1
8032.5,0
8033.0,1
8033.25,0
8096.75,1
8097.25,0
8097.75,1
8098.25,0
8098.5,1
8099.25,0
8099.5,1
8101.25,0
8101.5,1
8102.75,0
8103.0,1
8105.25,0
8105.5,1
8105.75,0
8108.75,1
8109.0,0
8121.5,1
8126.25,0
8126.75,1
8128.25,0
8129.0,1
8129.75,0
8134.5,1
8134.75,0
8145.0,1
8148.5,0
8148.75,1
8149.0,0
8149.25,1
8150.0,0
8150.25,1
8150.75,0
8151.0,1
8151.25,0
8151.5,1
8152.5,0
8152.75,1
8153.5,0
8154.0,1
8154.25,0
8157.25,1
8157.5,0
8168.75,1
8169.25,0
8169.5,1
8170.0,0
8170.25,1
8170.75,0
8171.0,1
8171.25,0
8171.5,1
8172.25,0
8172.5,1
8173.0,0
8173.25,1
8174.0,0
8174.25,1
8175.0,0
8175.5,1
8177.25,0
8177.5,1
8177.75,0
8190.25,1
8190.5,0
8192.25,1
8193.0,0
8193.25,1
8193.75,0
8194.0,1
8194.5,0
8194.75,1
8195.0,0
8195.25,1
8196.0,0
8196.5,1
8197.25,0
8197.5,1
8198.0,0
8198.25,1
8198.5,0
8198.75,1
8199.5,0
8199.75,1
8201.0,0
8257.0,1
8257.25,0
8261.25,1
8261.5,0
8263.25,1
8264.0,0
8264.25,1
8264.75,0
8265.25,1
8265.75,0
8266.25,1
8267.0,0
8267.25,1
8267.5,0
8267.75,1
8269.75,0
8270.0,1
8273.25,0
8286.25,1
8286.5,0
8288.25,1
8288.5,0
8288.75,1
8292.5,0
8293.0,1
8294.25,0
8294.75,1
8296.75,0
8301.0,1
8301.25,0
8302.5,1
8302.75,0
8311.5,1
8312.0,0
8312.75,1
8313.0,0
8313.25,1
8316.0,0
8316.25,1
8316.75,0
8317.0,1
8317.5,0
8318.0,1
8319.0,0
8319.25,1
8320.0,0
8320.5,1
8321.0,0
8321.5,1
8321.75,0
8334.75,1
8335.0,0
8335.75,1
8336.5,0
8336.75,1
8337.0,0
8337.75,1
8338.5,0
8338.75,1
8339.75,0
8340.0,1
8342.0,0
8342.25,1
8344.5,0
8344.75,1
8345.0,0
8350.5,1
8350.75,0
8359.75,1
8360.0,0
8360.5,1
8360.75,0
8361.25,1
8361.75,0
8362.0,1
8363.0,0
8363.5,1
8364.25,0
8364.5,1
8365.0,0
8365.25,1
8366.5,0
8367.0,1
8369.25,0
8430.25,1
8430.5,0
8432.5,1
8432.75,0
8433.0,1
8433.25,0
8433.5,1
8434.0,0
8434.5,1
8434.75,0
8435.0,1
8436.25,0
8436.5,1
8437.25,0
8437.75,1
8438.0,0
8438.25,1
8439.5,0
8439.75,1
8440.0,0
8440.25,1
8441.5,0
8445.75,1
8446.0,0
8457.5,1
8457.75,0
8458.25,1
8460.25,0
8460.5,1
8461.75,0
8462.25,1
8463.75,0
8464.0,1
8464.25,0
8464.75,1
8465.0,0
8477.0,1
8477.25,0
8477.75,1
8478.0,0
8481.0,1
8484.25,0
8484.5,1
8487.75,0
8488.0,1
8489.25,0
8492.25,1
8492.5,0
8504.5,1
8504.75,0
8505.25,1
8506.0,0
8506.25,1
8509.75,0
8510.0,1
8511.25,0
8511.75,1
8512.25,0
8512.5,1
8513.5,0
8526.75,1
8527.25,0
8527.5,1
8527.75,0
8528.25,1
8528.5,0
8529.5,1
8529.75,0
8530.0,1
8530.75,0
8531.75,1
8533.25,0
8533.5,1
8534.25,0
8534.75,1
8535.0,0
8535.25,1
8536.0,0
8536.25,1
8536.5,0
8537.25,1
8537.5,0
8622.25,1
8622.5,0
8623.25,1
8623.5,0
8623.75,1
8624.5,0
8625.5,1
8627.25,0
8627.5,1
8627.75,0
8628.0,1
8628.25,0
8628.5,1
8628.75,0
8629.0,1
8629.25,0
8629.5,1
8631.25,0
8631.5,1
8632.75,0
8633.0,1
8633.5,0
8646.5,1
8646.75,0
8647.75,1
8648.0,0
8649.25,1
8652.25,0
8652.5,1
8654.5,0
8654.75,1
8655.75,0
8656.25,1
8656.75,0
8657.0,1
8657.25,0
8661.5,1
8661.75,0
8669.75,1
8670.0,0
8671.5,1
8671.75,0
8672.0,1
8672.75,0
8673.0,1
8673.25,0
8673.5,1
8674.0,0
8674.25,1
8674.5,0
8675.0,1
8676.75,0
8677.0,1
8677.25,0
8677.75,1
8678.0,0
8678.25,1
8678.75,0
8679.0,1
8679.25,0
8679.75,1
8681.5,0
8685.25,1
8685.5,0
8695.5,1
8695.75,0
8696.5,1
8697.5,0
8697.75,1
8699.25,0
8699.5,1
8699.75,0
8701.25,1
8701.75,0
8702.0,1
8702.25,0
8702.5,1
8702.75,0
8703.0,1
8704.0,0
8704.75,1
8705.5,0
8708.5,1
8708.75,0
