#1


float Room-101 (4269,2)
0.0,0
30.5,1
30.75,0
32.25,1
32.5,0
32.75,1
33.25,0
33.5,1
34.0,0
34.25,1
35.5,0
36.0,1
36.25,0
36.5,1
36.75,0
37.0,1
38.0,0
38.25,1
38.5,0
38.75,1
41.0,0
41.5,1
41.75,0
45.0,1
45.25,0
54.75,1
55.0,0
57.0,1
57.5,0
57.75,1
58.5,0
58.75,1
59.5,0
59.75,1
60.0,0
60.25,1
60.5,0
60.75,1
61.75,0
62.0,1
63.5,0
63.75,1
65.0,0
69.75,1
70.0,0
80.5,1
80.75,0
81.0,1
81.5,0
81.75,1
83.0,0
83.25,1
84.25,0
84.5,1
85.25,0
86.0,1
89.0,0
89.25,1
89.5,0
89.75,1
90.0,0
105.0,1
109.25,0
109.5,1
110.5,0
111.0,1
113.0,0
126.5,1
126.75,0
129.25,1
130.5,0
130.75,1
132.5,0
132.75,1
133.0,0
133.25,1
134.0,0
134.25,1
135.0,0
135.5,1
137.0,0
198.25,1
198.5,0
198.75,1
199.0,0
201.0,1
202.0,0
202.25,1
203.5,0
203.75,1
204.0,0
204.25,1
205.0,0
205.25,1
205.5,0
205.75,1
206.75,0
207.0,1
207.25,0
207.5,1
207.75,0
208.0,1
209.0,0
211.75,1
212.0,0
222.5,1
222.75,0
223.25,1
223.5,0
224.5,1
224.75,0
225.0,1
225.5,0
225.75,1
227.25,0
227.5,1
228.0,0
228.25,1
229.25,0
230.0,1
231.75,0
232.0,1
233.0,0
233.25,1
233.5,0
248.75,1
249.25,0
249.75,1
250.0,0
250.25,1
250.5,0
250.75,1
251.0,0
251.25,1
252.25,0
252.5,1
253.0,0
253.25,1
255.0,0
255.25,1
256.25,0
256.5,1
256.75,0
272.75,1
273.0,0
273.25,1
274.0,0
274.25,1
274.5,0
274.75,1
275.25,0
275.5,1
278.0,0
278.25,1
278.5,0
278.75,1
280.0,0
280.25,1
281.0,0
296.25,1
296.5,0
296.75,1
297.25,0
297.75,1
298.0,0
298.5,1
298.75,0
299.25,1
300.0,0
300.25,1
300.5,0
300.75,1
302.0,0
302.25,1
304.5,0
305.75,1
306.0,0
307.25,1
307.5,0
307.75,1
308.25,0
369.0,1
369.5,0
369.75,1
370.75,0
371.0,1
371.25,0
371.5,1
372.25,0
372.75,1
374.0,0
374.25,1
374.5,0
375.0,1
375.25,0
375.5,1
376.75,0
377.5,1
377.75,0
393.5,1
394.0,0
394.25,1
394.5,0
394.75,1
397.0,0
397.25,1
398.25,0
398.5,1
398.75,0
399.0,1
399.5,0
399.75,1
400.5,0
400.75,1
401.0,0
401.25,1
401.5,0
438.25,1
439.0,0
440.0,1
440.5,0
440.75,1
442.5,0
442.75,1
445.5,0
446.0,1
448.5,0
448.75,1
449.25,0
461.75,1
462.0,0
462.5,1
462.75,0
466.0,1
466.5,0
466.75,1
469.0,0
469.25,1
469.5,0
470.0,1
471.5,0
471.75,1
472.25,0
472.75,1
473.0,0
535.25,1
535.5,0
537.0,1
538.5,0
538.75,1
541.0,0
541.25,1
542.25,0
542.5,1
542.75,0
543.0,1
545.25,0
549.5,1
549.75,0
557.25,1
557.5,0
557.75,1
558.25,0
558.5,1
559.0,0
560.75,1
561.0,0
561.5,1
561.75,0
562.0,1
564.25,0
564.5,1
564.75,0
565.0,1
565.5,0
565.75,1
566.0,0
566.25,1
569.0,0
569.25,1
569.5,0
573.5,1
573.75,0
584.75,1
585.0,0
585.25,1
587.0,0
587.25,1
588.5,0
589.0,1
589.75,0
590.0,1
590.5,0
590.75,1
592.0,0
592.75,1
593.0,0
593.5,1
593.75,0
608.25,1
608.5,0
609.0,1
611.5,0
612.25,1
613.0,0
613.5,1
614.25,0
614.75,1
617.25,0
620.0,1
620.25,0
620.75,1
621.0,0
621.25,1
621.5,0
630.5,1
630.75,0
633.25,1
633.5,0
634.0,1
637.0,0
637.5,1
639.0,0
639.25,1
641.0,0
641.5,1
641.75,0
645.5,1
645.75,0
702.75,1
703.0,0
703.25,1
703.5,0
704.75,1
706.0,0
706.5,1
706.75,0
707.0,1
707.5,0
707.75,1
708.0,0
708.25,1
708.75,0
709.0,1
709.25,0
709.5,1
710.0,0
710.25,1
710.5,0
710.75,1
712.0,0
712.25,1
712.5,0
728.5,1
730.0,0
730.25,1
731.75,0
732.0,1
732.25,0
732.5,1
733.0,0
733.25,1
734.0,0
735.0,1
737.25,0
741.5,1
741.75,0
751.5,1
751.75,0
753.25,1
754.75,0
755.0,1
755.25,0
755.5,1
756.5,0
757.25,1
760.75,0
777.0,1
780.5,0
780.75,1
782.75,0
783.25,1
784.0,0
784.25,1
785.0,0
799.0,1
799.5,0
801.0,1
801.25,0
801.75,1
802.5,0
803.0,1
803.75,0
804.0,1
804.5,0
804.75,1
805.0,0
805.25,1
805.75,0
806.25,1
808.5,0
809.0,1
809.25,0
809.75,1
810.0,0
872.5,1
872.75,0
873.0,1
873.25,0
873.5,1
873.75,0
874.25,1
874.5,0
875.0,1
875.75,0
876.0,1
877.0,0
877.25,1
877.5,0
877.75,1
880.75,0
886.5,1
886.75,0
896.5,1
896.75,0
897.25,1
898.0,0
898.25,1
899.25,0
899.5,1
900.25,0
900.5,1
901.0,0
901.25,1
901.75,0
902.0,1
902.25,0
902.5,1
903.25,0
904.0,1
904.25,0
904.5,1
905.25,0
918.0,1
918.25,0
919.25,1
919.75,0
920.5,1
921.25,0
921.75,1
924.25,0
925.25,1
925.75,0
926.25,1
927.0,0
927.25,1
927.5,0
927.75,1
929.0,0
929.25,1
929.5,0
945.5,1
946.25,0
946.5,1
947.0,0
947.25,1
947.5,0
948.0,1
949.25,0
949.5,1
951.0,0
951.25,1
953.25,0
953.5,1
954.0,0
956.75,1
957.0,0
968.75,1
972.5,0
972.75,1
973.5,0
973.75,1
974.5,0
974.75,1
976.5,0
981.0,1
981.25,0
1038.25,1
1038.5,0
1039.25,1
1039.5,0
1040.5,1
1040.75,0
1041.75,1
1042.25,0
1042.5,1
1043.0,0
1043.25,1
1044.0,0
1044.25,1
1044.75,0
1045.0,1
1045.5,0
1045.75,1
1046.0,0
1046.25,1
1047.25,0
1047.5,1
1048.25,0
1048.5,1
1049.0,0
1049.75,1
1050.0,0
1062.5,1
1062.75,0
1064.0,1
1064.25,0
1064.5,1
1064.75,0
1065.0,1
1066.0,0
1066.25,1
1066.5,0
1066.75,1
1067.25,0
1067.75,1
1069.25,0
1069.5,1
1070.0,0
1070.5,1
1071.75,0
1072.0,1
1072.5,0
1072.75,1
1073.0,0
1073.25,1
1073.5,0
1111.0,1
1111.25,0
1112.75,1
1114.25,0
1114.75,1
1115.0,0
1115.25,1
1117.0,0
1117.25,1
1118.0,0
1118.25,1
1118.75,0
1119.0,1
1120.75,0
1133.75,1
1134.0,0
1135.0,1
1135.25,0
1135.5,1
1135.75,0
1136.5,1
1136.75,0
1137.0,1
1137.75,0
1138.25,1
1139.0,0
1139.75,1
1145.0,0
1208.25,1
1208.75,0
1209.25,1
1214.25,0
1214.5,1
1216.25,0
1216.5,1
1217.25,0
1217.5,1
1217.75,0
1219.25,1
1219.5,0
1231.25,1
1231.75,0
1232.0,1
1232.5,0
1232.75,1
1233.0,0
1233.25,1
1234.25,0
1234.5,1
1235.75,0
1236.0,1
1237.0,0
1237.25,1
1238.5,0
1238.75,1
1239.75,0
1240.25,1
1241.25,0
1254.0,1
1254.25,0
1255.5,1
1255.75,0
1256.25,1
1256.5,0
1257.0,1
1257.5,0
1257.75,1
1259.0,0
1259.25,1
1261.5,0
1261.75,1
1263.0,0
1263.5,1
1265.0,0
1274.5,1
1274.75,0
1279.0,1
1279.5,0
1280.5,1
1280.75,0
1281.0,1
1282.0,0
1282.25,1
1282.75,0
1283.0,1
1283.5,0
1283.75,1
1284.0,0
1284.5,1
1285.75,0
1286.0,1
1286.5,0
1286.75,1
1287.25,0
1287.75,1
1288.5,0
1288.75,1
1289.0,0
1302.0,1
1302.25,0
1303.75,1
1304.0,0
1304.75,1
1305.0,0
1305.5,1
1311.25,0
1311.5,1
1313.5,0
1375.0,1
1375.25,0
1376.75,1
1377.25,0
1377.75,1
1378.0,0
1378.25,1
1380.0,0
1380.5,1
1384.25,0
1384.5,1
1384.75,0
1385.0,1
1385.25,0
1388.0,1
1388.25,0
1389.0,1
1389.25,0
1400.25,1
1400.5,0
1401.0,1
1401.5,0
1401.75,1
1402.5,0
1402.75,1
1403.5,0
1403.75,1
1405.75,0
1406.25,1
1406.5,0
1407.0,1
1409.25,0
1422.5,1
1423.25,0
1424.75,1
1426.5,0
1426.75,1
1428.0,0
1428.25,1
1428.5,0
1428.75,1
1429.0,0
1429.25,1
1429.5,0
1429.75,1
1430.0,0
1430.5,1
1433.0,0
1446.0,1
1446.25,0
1447.25,1
1447.5,0
1448.75,1
1449.5,0
1450.25,1
1451.0,0
1451.5,1
1452.25,0
1452.5,1
1452.75,0
1453.25,1
1454.5,0
1454.75,1
1455.0,0
1455.5,1
1457.0,0
1457.5,1
1457.75,0
1470.5,1
1470.75,0
1472.5,1
1472.75,0
1473.0,1
1473.75,0
1474.0,1
1476.0,0
1476.25,1
1477.0,0
1477.25,1
1479.5,0
1479.75,1
1480.75,0
1481.0,1
1481.75,0
1544.75,1
1545.0,0
1545.25,1
1547.5,0
1548.0,1
1549.5,0
1549.75,1
1550.75,0
1551.0,1
1551.75,0
1552.0,1
1553.25,0
1566.75,1
1567.25,0
1567.5,1
1567.75,0
1568.0,1
1568.25,0
1568.75,1
1569.25,0
1569.5,1
1570.25,0
1570.75,1
1571.0,0
1571.75,1
1574.75,0
1575.0,1
1575.75,0
1576.0,1
1576.75,0
1577.0,1
1577.25,0
1593.0,1
1596.0,0
1596.25,1
1597.5,0
1597.75,1
1600.5,0
1600.75,1
1601.25,0
1615.0,1
1615.25,0
1616.75,1
1617.0,0
1617.25,1
1618.75,0
1619.0,1
1619.5,0
1620.0,1
1620.5,0
1621.5,1
1623.25,0
1623.5,1
1625.0,0
1639.25,1
1639.5,0
1640.25,1
1640.5,0
1640.75,1
1642.25,0
1642.5,1
1643.25,0
1643.5,1
1643.75,0
1644.0,1
1644.25,0
1644.5,1
1644.75,0
1645.0,1
1648.0,0
1648.25,1
1648.75,0
1649.0,1
1649.5,0
1710.25,1
1710.5,0
1712.5,1
1712.75,0
1713.0,1
1713.25,0
1713.75,1
1718.75,0
1720.0,1
1721.0,0
1723.25,1
1723.5,0
1726.25,1
1726.5,0
1736.75,1
1737.0,0
1737.25,1
1738.0,0
1738.25,1
1739.0,0
1739.25,1
1741.0,0
1741.25,1
1743.0,0
1743.5,1
1743.75,0
1744.0,1
1745.25,0
1748.5,1
1748.75,0
1760.75,1
1761.5,0
1761.75,1
1762.25,0
1762.5,1
1765.0,0
1765.25,1
1766.25,0
1766.5,1
1767.5,0
1767.75,1
1768.25,0
1768.5,1
1769.25,0
1770.25,1
1770.5,0
1783.25,1
1783.5,0
1784.5,1
1784.75,0
1785.5,1
1785.75,0
1786.0,1
1787.5,0
1787.75,1
1789.25,0
1789.5,1
1791.0,0
1791.25,1
1791.5,0
1791.75,1
1792.75,0
1793.25,1
1793.75,0
1806.5,1
1806.75,0
1807.25,1
1807.5,0
1808.5,1
1812.75,0
1813.0,1
1814.25,0
1814.5,1
1815.5,0
1816.0,1
1817.0,0
1821.0,1
1821.25,0
1878.25,1
1878.5,0
1880.75,1
1881.0,0
1881.25,1
1882.5,0
1882.75,1
1884.25,0
1884.5,1
1885.0,0
1885.25,1
1886.0,0
1886.75,1
1888.75,0
1903.0,1
1903.25,0
1905.25,1
1906.75,0
1907.0,1
1907.5,0
1907.75,1
1908.25,0
1908.5,1
1908.75,0
1909.0,1
1910.0,0
1910.75,1
1911.0,0
1911.25,1
1911.5,0
1912.75,1
1913.0,0
1913.5,1
1913.75,0
1916.5,1
1916.75,0
1925.5,1
1926.0,0
1927.5,1
1927.75,0
1928.75,1
1929.0,0
1929.25,1
1930.5,0
1931.25,1
1936.25,0
1936.5,1
1936.75,0
1950.5,1
1950.75,0
1953.5,1
1954.5,0
1954.75,1
1956.0,0
1957.0,1
1957.75,0
1958.0,1
1959.5,0
1959.75,1
1960.25,0
1961.0,1
1961.25,0
1964.25,1
1964.5,0
1974.25,1
1974.5,0
1975.25,1
1975.5,0
1977.0,1
1977.5,0
1977.75,1
1978.5,0
1978.75,1
1980.25,0
1980.75,1
1981.25,0
1981.5,1
1982.25,0
1982.5,1
1985.0,0
1985.25,1
1985.75,0
1989.5,1
1989.75,0
2048.25,1
2048.75,0
2049.0,1
2050.25,0
2050.5,1
2051.25,0
2051.5,1
2052.25,0
2052.75,1
2053.25,0
2053.5,1
2054.5,0
2054.75,1
2056.25,0
2056.5,1
2056.75,0
2057.0,1
2057.25,0
2072.5,1
2072.75,0
2073.25,1
2073.5,0
2073.75,1
2076.0,0
2076.5,1
2076.75,0
2077.0,1
2077.25,0
2077.5,1
2078.0,0
2078.5,1
2079.25,0
2079.5,1
2080.0,0
2080.25,1
2080.75,0
2081.0,1
2081.25,0
2084.25,1
2084.5,0
2096.5,1
2097.0,0
2097.25,1
2097.75,0
2098.0,1
2100.25,0
2101.25,1
2102.5,0
2102.75,1
2104.0,0
2104.25,1
2105.25,0
2121.0,1
2123.5,0
2124.0,1
2124.75,0
2125.0,1
2126.5,0
2127.0,1
2129.25,0
2144.25,1
2144.75,0
2145.5,1
2145.75,0
2146.0,1
2146.25,0
2146.5,1
2148.75,0
2149.0,1
2150.0,0
2150.25,1
2152.5,0
2152.75,1
2153.25,0
2156.0,1
2156.5,0
2216.75,1
2218.5,0
2218.75,1
2219.0,0
2219.5,1
2220.0,0
2220.75,1
2222.0,0
2222.5,1
2223.75,0
2224.75,1
2225.0,0
2238.25,1
2238.5,0
2239.5,1
2239.75,0
2240.75,1
2241.0,0
2241.5,1
2247.0,0
2247.25,1
2247.5,0
2247.75,1
2249.5,0
2265.0,1
2265.75,0
2266.0,1
2266.5,0
2266.75,1
2267.75,0
2268.0,1
2268.25,0
2268.5,1
2269.0,0
2269.25,1
2270.75,0
2271.0,1
2271.25,0
2271.5,1
2272.25,0
2272.5,1
2273.25,0
2277.25,1
2277.5,0
2286.0,1
2286.25,0
2287.25,1
2287.5,0
2289.0,1
2290.25,0
2290.75,1
2291.75,0
2292.0,1
2293.0,0
2293.25,1
2293.5,0
2293.75,1
2294.25,0
2294.75,1
2295.0,0
2295.25,1
2295.5,0
2295.75,1
2297.0,0
2300.5,1
2301.0,0
2311.75,1
2312.5,0
2312.75,1
2313.0,0
2313.25,1
2315.5,0
2315.75,1
2317.25,0
2317.75,1
2318.5,0
2318.75,1
2321.25,0
2321.5,1
2322.0,0
2325.0,1
2325.25,0
2382.25,1
2382.5,0
2382.75,1
2383.0,0
2384.75,1
2385.5,0
2385.75,1
2386.0,0
2386.5,1
2386.75,0
2387.0,1
2387.25,0
2387.5,1
2388.5,0
2388.75,1
2389.0,0
2389.25,1
2390.25,0
2390.5,1
2390.75,0
2391.25,1
2391.75,0
2392.0,1
2393.25,0
2397.0,1
2397.25,0
2398.0,1
2398.25,0
2406.25,1
2406.5,0
2407.0,1
2407.25,0
2407.75,1
2408.0,0
2408.5,1
2409.25,0
2409.5,1
2412.5,0
2413.0,1
2415.0,0
2415.25,1
2417.75,0
2432.5,1
2432.75,0
2433.25,1
2436.5,0
2436.75,1
2437.0,0
2437.25,1
2440.25,0
2440.75,1
2441.0,0
2454.5,1
2454.75,0
2455.5,1
2455.75,0
2456.25,1
2456.5,0
2457.0,1
2457.75,0
2458.0,1
2459.25,0
2460.0,1
2461.0,0
2461.25,1
2463.25,0
2463.5,1
2464.0,0
2464.5,1
2465.25,0
2478.0,1
2478.25,0
2479.5,1
2480.0,0
2481.0,1
2482.0,0
2482.25,1
2483.25,0
2483.5,1
2484.5,0
2484.75,1
2486.25,0
2486.5,1
2488.25,0
2488.5,1
2488.75,0
2489.25,1
2489.5,0
2491.75,1
2492.0,0
2492.5,1
2492.75,0
2552.5,1
2553.0,0
2553.75,1
2554.5,0
2555.0,1
2556.0,0
2556.25,1
2556.75,0
2557.25,1
2557.5,0
2558.0,1
2559.25,0
2559.5,1
2560.25,0
2561.0,1
2561.25,0
2577.0,1
2577.25,0
2577.5,1
2578.75,0
2579.25,1
2580.25,0
2581.25,1
2582.75,0
2583.5,1
2584.5,0
2584.75,1
2585.0,0
2585.5,1
2586.0,0
2598.5,1
2598.75,0
2600.5,1
2601.0,0
2601.25,1
2602.5,0
2602.75,1
2603.25,0
2603.5,1
2604.25,0
2604.5,1
2605.0,0
2605.5,1
2605.75,0
2606.0,1
2606.25,0
2606.5,1
2606.75,0
2607.0,1
2607.25,0
2607.5,1
2609.25,0
2625.25,1
2625.5,0
2625.75,1
2626.25,0
2626.5,1
2626.75,0
2627.0,1
2628.75,0
2630.0,1
2630.5,0
2630.75,1
2631.5,0
2631.75,1
2632.5,0
2632.75,1
2633.5,0
2646.0,1
2646.5,0
2647.75,1
2648.0,0
2648.5,1
2648.75,0
2649.0,1
2650.0,0
2650.25,1
2650.5,0
2650.75,1
2652.0,0
2652.25,1
2652.5,0
2653.0,1
2655.0,0
2655.25,1
2657.0,0
2657.5,1
2657.75,0
2720.75,1
2721.25,0
2721.5,1
2723.5,0
2723.75,1
2724.0,0
2724.75,1
2725.25,0
2726.0,1
2726.25,0
2726.5,1
2727.0,0
2727.25,1
2728.0,0
2728.25,1
2728.75,0
2729.0,1
2729.25,0
2733.75,1
2734.0,0
2745.25,1
2746.25,0
2746.75,1
2747.0,0
2747.25,1
2751.25,0
2751.5,1
2753.5,0
2758.0,1
2758.25,0
2766.25,1
2766.5,0
2767.75,1
2768.0,0
2768.25,1
2768.5,0
2768.75,1
2769.0,0
2769.25,1
2773.25,0
2773.5,1
2774.0,0
2774.25,1
2776.25,0
2776.75,1
2777.0,0
2777.25,1
2777.5,0
2790.0,1
2790.25,0
2791.75,1
2792.0,0
2792.75,1
2793.0,0
2793.25,1
2794.0,0
2794.75,1
2795.75,0
2796.0,1
2796.25,0
2796.5,1
2797.0,0
2797.25,1
2798.0,0
2798.25,1
2798.75,0
2799.0,1
2800.25,0
2800.5,1
2801.5,0
2801.75,1
2802.0,0
2815.5,1
2815.75,0
2816.0,1
2816.25,0
2816.5,1
2816.75,0
2817.5,1
2820.5,0
2821.0,1
2821.25,0
2821.5,1
2822.25,0
2822.75,1
2823.75,0
2824.0,1
2824.75,0
2825.0,1
2825.5,0
2828.5,1
2828.75,0
2886.75,1
2887.0,0
2889.0,1
2889.5,0
2889.75,1
2890.0,0
2890.25,1
2890.75,0
2891.25,1
2893.75,0
2894.0,1
2894.75,0
2895.0,1
2895.5,0
2895.75,1
2896.0,0
2896.25,1
2897.5,0
2910.0,1
2910.25,0
2912.0,1
2912.5,0
2912.75,1
2913.25,0
2913.5,1
2913.75,0
2914.0,1
2918.0,0
2918.25,1
2918.5,0
2918.75,1
2920.25,0
2920.5,1
2921.0,0
2924.5,1
2924.75,0
2925.0,1
2925.25,0
2926.5,1
2926.75,0
2934.75,1
2935.75,0
2936.75,1
2938.25,0
2938.5,1
2940.5,0
2940.75,1
2943.0,0
2943.25,1
2944.25,0
2944.5,1
2945.25,0
2959.0,1
2959.25,0
2960.0,1
2960.25,0
2961.0,1
2961.75,0
2962.0,1
2962.25,0
2962.5,1
2964.0,0
2964.5,1
2965.75,0
2966.0,1
2966.5,0
2966.75,1
2967.25,0
2967.5,1
2968.5,0
2968.75,1
2969.0,0
2969.25,1
2969.5,0
2969.75,1
2970.0,0
2972.5,1
2972.75,0
2982.75,1
2983.25,0
2984.5,1
2985.0,0
2985.25,1
2989.25,0
2989.5,1
2990.25,0
2990.5,1
2990.75,0
2991.0,1
2992.25,0
2992.5,1
2993.25,0
2993.5,1
2993.75,0
2996.75,1
2997.0,0
2998.25,1
2998.5,0
3054.75,1
3055.0,0
3057.75,1
3059.75,0
3060.0,1
3062.0,0
3062.5,1
3063.75,0
3064.0,1
3064.25,0
3064.5,1
3064.75,0
3065.0,1
3065.25,0
3081.25,1
3081.5,0
3081.75,1
3082.5,0
3082.75,1
3083.25,0
3083.5,1
3084.0,0
3084.25,1
3085.0,0
3085.25,1
3087.25,0
3087.5,1
3088.0,0
3088.5,1
3089.0,0
3089.25,1
3089.75,0
3104.5,1
3104.75,0
3105.5,1
3106.0,0
3106.25,1
3108.75,0
3109.0,1
3109.5,0
3109.75,1
3110.25,0
3110.5,1
3111.0,0
3111.25,1
3113.0,0
3113.25,1
3113.5,0
3128.25,1
3128.75,0
3129.25,1
3132.0,0
3132.25,1
3132.75,0
3133.0,1
3133.25,0
3133.5,1
3137.25,0
3137.5,1
3137.75,0
3141.5,1
3141.75,0
3150.25,1
3150.5,0
3151.75,1
3152.0,0
3152.25,1
3152.5,0
3153.0,1
3153.75,0
3154.25,1
3155.25,0
3155.5,1
3157.0,0
3157.25,1
3160.0,0
3160.25,1
3160.75,0
3161.0,1
3161.25,0
3225.25,1
3227.0,0
3227.25,1
3227.5,0
3227.75,1
3228.0,0
3228.75,1
3229.0,0
3229.75,1
3230.0,0
3230.75,1
3232.25,0
3232.5,1
3232.75,0
3246.75,1
3247.0,0
3248.5,1
3248.75,0
3249.0,1
3249.25,0
3249.5,1
3249.75,0
3250.0,1
3254.0,0
3254.25,1
3256.75,0
3257.0,1
3257.25,0
3272.0,1
3272.25,0
3273.0,1
3273.75,0
3274.0,1
3275.75,0
3276.25,1
3276.75,0
3277.0,1
3277.25,0
3277.75,1
3281.0,0
3281.5,1
3281.75,0
3287.0,1
3287.25,0
3294.75,1
3295.25,0
3297.25,1
3297.75,0
3298.0,1
3299.5,0
3299.75,1
3301.75,0
3302.0,1
3303.0,0
3303.25,1
3303.75,0
3304.0,1
3305.0,0
3318.5,1
3318.75,0
3319.5,1
3319.75,0
3320.25,1
3320.5,0
3321.0,1
3324.25,0
3324.5,1
3325.5,0
3325.75,1
3326.75,0
3327.25,1
3328.5,0
3328.75,1
3329.0,0
3333.25,1
3333.5,0
3391.5,1
3391.75,0
3392.5,1
3393.25,0
3393.5,1
3394.0,0
3394.25,1
3394.5,0
3394.75,1
3396.75,0
3397.0,1
3397.25,0
3397.5,1
3398.25,0
3398.5,1
3399.0,0
3399.25,1
3401.5,0
3414.25,1
3414.5,0
3415.5,1
3415.75,0
3417.5,1
3419.75,0
3420.5,1
3420.75,0
3421.25,1
3421.5,0
3421.75,1
3422.0,0
3422.25,1
3423.0,0
3423.5,1
3424.25,0
3424.75,1
3425.5,0
3438.25,1
3438.5,0
3440.5,1
3440.75,0
3441.0,1
3441.25,0
3441.5,1
3443.25,0
3443.5,1
3443.75,0
3444.0,1
3444.5,0
3444.75,1
3445.5,0
3445.75,1
3447.0,0
3447.75,1
3448.75,0
3453.0,1
3453.25,0
3465.0,1
3465.75,0
3466.0,1
3467.5,0
3467.75,1
3468.0,0
3468.25,1
3469.75,0
3470.0,1
3470.25,0
3470.5,1
3473.5,0
3477.75,1
3478.0,0
3478.75,1
3479.0,0
3488.75,1
3492.25,0
3492.75,1
3494.0,0
3494.25,1
3495.0,0
3495.25,1
3496.25,0
3496.5,1
3497.0,0
3497.25,1
3497.5,0
3559.0,1
3559.25,0
3560.25,1
3560.5,0
3560.75,1
3562.75,0
3563.75,1
3565.0,0
3565.25,1
3568.0,0
3568.25,1
3569.25,0
3606.5,1
3606.75,0
3607.0,1
3607.25,0
3608.75,1
3609.5,0
3610.0,1
3611.75,0
3612.0,1
3612.5,0
3613.25,1
3614.25,0
3614.5,1
3615.0,0
3615.25,1
3616.0,0
3616.25,1
3616.5,0
3616.75,1
3617.0,0
3632.75,1
3633.25,0
3633.5,1
3634.0,0
3634.25,1
3635.5,0
3635.75,1
3636.5,0
3637.25,1
3638.0,0
3638.25,1
3638.5,0
3638.75,1
3639.0,0
3639.25,1
3639.5,0
3640.0,1
3641.25,0
3655.0,1
3655.25,0
3656.5,1
3656.75,0
3657.0,1
3657.25,0
3657.5,1
3659.25,0
3659.5,1
3660.5,0
3660.75,1
3661.25,0
3661.75,1
3662.5,0
3662.75,1
3664.75,0
3665.25,1
3665.5,0
3669.25,1
3669.5,0
3727.75,1
3728.0,0
3729.0,1
3729.5,0
3730.0,1
3730.5,0
3730.75,1
3731.0,0
3731.25,1
3733.0,0
3733.25,1
3734.0,0
3734.25,1
3736.75,0
3741.5,1
3742.0,0
3752.5,1
3752.75,0
3753.0,1
3754.5,0
3754.75,1
3756.25,0
3756.5,1
3757.5,0
3757.75,1
3759.0,0
3759.25,1
3759.5,0
3759.75,1
3760.75,0
3761.0,1
3761.5,0
3761.75,1
3762.0,0
3764.25,1
3764.5,0
3776.25,1
3777.75,0
3778.0,1
3779.0,0
3779.25,1
3779.75,0
3780.25,1
3780.75,0
3781.0,1
3781.5,0
3781.75,1
3782.75,0
3783.0,1
3785.0,0
3785.25,1
3785.75,0
3798.75,1
3799.0,0
3800.25,1
3800.5,0
3800.75,1
3801.0,0
3801.25,1
3802.0,0
3802.25,1
3802.5,0
3802.75,1
3805.0,0
3805.25,1
3806.5,0
3806.75,1
3807.0,0
3807.25,1
3809.25,0
3813.5,1
3813.75,0
3824.5,1
3825.75,0
3826.0,1
3829.75,0
3830.0,1
3831.25,0
3832.0,1
3832.75,0
3836.5,1
3836.75,0
3895.75,1
3896.25,0
3897.25,1
3900.0,0
3900.5,1
3901.0,0
3901.25,1
3902.0,0
3902.25,1
3902.75,0
3903.0,1
3903.75,0
3904.0,1
3904.75,0
3909.25,1
3909.5,0
3920.75,1
3921.0,0
3921.25,1
3922.25,0
3922.5,1
3923.0,0
3923.25,1
3923.75,0
3924.0,1
3924.5,0
3924.75,1
3925.5,0
3925.75,1
3926.0,0
3926.25,1
3926.5,0
3926.75,1
3928.0,0
3928.75,1
3929.0,0
3929.25,1
3929.5,0
3933.5,1
3933.75,0
3945.0,1
3945.5,0
3945.75,1
3948.5,0
3949.0,1
3949.5,0
3949.75,1
3951.0,0
3951.25,1
3951.5,0
3951.75,1
3953.25,0
3959.0,1
3959.25,0
3965.75,1
3966.0,0
3967.25,1
3967.5,0
3970.0,1
3971.5,0
3972.25,1
3973.0,0
3973.25,1
3973.75,0
3974.0,1
3975.0,0
3975.25,1
3976.0,0
3976.5,1
3977.0,0
3977.5,1
3977.75,0
3990.25,1
3990.5,0
3992.75,1
3993.0,0
3993.25,1
3994.25,0
3994.75,1
3995.0,0
3995.25,1
3995.5,0
3995.75,1
3997.25,0
3997.75,1
3998.0,0
3998.5,1
3999.0,0
3999.25,1
4000.5,0
4000.75,1
4001.0,0
4062.5,1
4062.75,0
4064.5,1
4064.75,0
4065.25,1
4065.75,0
4066.0,1
4066.75,0
4067.0,1
4068.0,0
4068.5,1
4069.0,0
4069.25,1
4070.25,0
4070.5,1
4072.5,0
4073.0,1
4073.25,0
4086.75,1
4087.0,0
4088.5,1
4088.75,0
4089.0,1
4092.25,0
4092.5,1
4092.75,0
4093.0,1
4094.25,0
4094.75,1
4095.75,0
4096.0,1
4097.0,0
4099.75,1
4100.0,0
4112.25,1
4112.5,0
4113.0,1
4114.25,0
4114.5,1
4115.25,0
4115.75,1
4116.5,0
4116.75,1
4117.0,0
4117.25,1
4119.0,0
4119.25,1
4120.75,0
4121.5,1
4121.75,0
4124.0,1
4124.25,0
4135.0,1
4135.25,0
4135.75,1
4136.0,0
4136.75,1
4137.0,0
4137.25,1
4137.5,0
4138.0,1
4139.75,0
4140.0,1
4140.25,0
4140.5,1
4140.75,0
4141.0,1
4142.75,0
4143.0,1
4143.5,0
4143.75,1
4144.0,0
4144.25,1
4144.75,0
4149.0,1
4149.25,0
4157.5,1
4157.75,0
4158.25,1
4158.5,0
4160.75,1
4161.5,0
4161.75,1
4162.75,0
4163.0,1
4165.25,0
4165.5,1
4168.25,0
4168.5,1
4168.75,0
4230.75,1
4231.0,0
4232.0,1
4232.25,0
4232.5,1
4232.75,0
4233.25,1
4235.0,0
4235.25,1
4237.5,0
4237.75,1
4238.25,0
4238.5,1
4240.25,0
4240.5,1
4240.75,0
4241.5,1
4241.75,0
4244.75,1
4245.0,0
4257.25,1
4258.0,0
4258.25,1
4258.75,0
4259.0,1
4259.25,0
4259.5,1
4259.75,0
4260.0,1
4261.0,0
4261.5,1
4262.0,0
4262.5,1
4263.25,0
4263.75,1
4264.25,0
4264.5,1
4265.0,0
4268.25,1
4268.75,0
4280.5,1
4280.75,0
4281.0,1
4281.75,0
4282.0,1
4283.25,0
4283.5,1
4284.25,0
4284.5,1
4285.0,0
4285.25,1
4285.75,0
4286.0,1
4287.25,0
4287.5,1
4289.0,0
4302.5,1
4302.75,0
4304.0,1
4304.25,0
4304.5,1
4307.5,0
4307.75,1
4308.25,0
4308.5,1
4308.75,0
4309.0,1
4310.25,0
4310.5,1
4312.0,0
4312.25,1
4313.0,0
4313.25,1
4313.5,0
4317.0,1
4317.5,0
4326.5,1
4326.75,0
4328.5,1
4328.75,0
4329.0,1
4329.25,0
4329.75,1
4330.75,0
4331.0,1
4331.75,0
4332.5,1
4333.25,0
4333.5,1
4335.25,0
4335.75,1
4336.5,0
4336.75,1
4337.25,0
4340.5,1
4340.75,0
4341.5,1
4341.75,0
4342.5,1
4342.75,0
4401.0,1
4404.0,0
4404.25,1
4404.75,0
4405.25,1
4407.75,0
4408.0,1
4408.25,0
4408.5,1
4408.75,0
4409.0,1
4409.5,0
4446.75,1
4447.0,0
4448.0,1
4448.25,0
4449.0,1
4450.5,0
4450.75,1
4451.5,0
4451.75,1
4452.0,0
4452.25,1
4452.5,0
4453.25,1
4454.5,0
4454.75,1
4455.0,0
4455.25,1
4456.25,0
4456.5,1
4457.0,0
4457.25,1
4457.5,0
4471.5,1
4472.0,0
4473.25,1
4473.5,0
4473.75,1
4474.25,0
4475.0,1
4476.25,0
4476.5,1
4477.5,0
4477.75,1
4478.0,0
4478.25,1
4478.75,0
4479.0,1
4479.75,0
4480.0,1
4481.0,0
4481.5,1
4481.75,0
4484.5,1
4484.75,0
4495.5,1
4496.5,0
4497.25,1
4497.75,0
4498.0,1
4501.0,0
4501.25,1
4502.0,0
4502.25,1
4503.25,0
4503.5,1
4503.75,0
4504.0,1
4504.25,0
4504.75,1
4505.0,0
4505.25,1
4505.5,0
4567.75,1
4568.0,0
4569.25,1
4570.5,0
4570.75,1
4571.5,0
4571.75,1
4572.5,0
4572.75,1
4573.0,0
4573.25,1
4575.0,0
4575.25,1
4577.25,0
4580.5,1
4580.75,0
4590.0,1
4590.25,0
4590.75,1
4591.0,0
4592.75,1
4593.5,0
4593.75,1
4595.5,0
4596.0,1
4596.25,0
4596.5,1
4597.5,0
4598.0,1
4601.25,0
4602.0,1
4602.25,0
4605.75,1
4606.0,0
4616.5,1
4616.75,0
4617.0,1
4617.75,0
4618.25,1
4620.5,0
4620.75,1
4621.0,0
4621.25,1
4621.75,0
4622.25,1
4624.0,0
4624.25,1
4625.0,0
4638.0,1
4638.5,0
4640.0,1
4640.5,0
4640.75,1
4641.25,0
4641.5,1
4642.0,0
4642.25,1
4642.75,0
4643.0,1
4644.5,0
4644.75,1
4645.5,0
4645.75,1
4649.0,0
4662.75,1
4663.0,0
4663.5,1
4663.75,0
4664.0,1
4664.25,0
4664.75,1
4666.0,0
4666.25,1
4666.5,0
4667.0,1
4668.25,0
4668.5,1
4670.25,0
4670.5,1
4671.5,0
4671.75,1
4672.25,0
4672.5,1
4672.75,0
4673.0,1
4673.25,0
4677.25,1
4677.5,0
4737.25,1
4738.0,0
4738.25,1
4739.5,0
4739.75,1
4741.25,0
4741.5,1
4741.75,0
4742.25,1
4743.0,0
4743.25,1
4743.75,0
4744.0,1
4745.25,0
4748.0,1
4748.25,0
4760.5,1
4760.75,0
4761.25,1
4761.5,0
4761.75,1
4762.75,0
4763.0,1
4763.5,0
4763.75,1
4764.0,0
4764.75,1
4765.75,0
4766.0,1
4766.25,0
4766.5,1
4767.5,0
4768.5,1
4769.5,0
4771.5,1
4771.75,0
4782.25,1
4782.5,0
4785.0,1
4785.25,0
4785.5,1
4788.5,0
4788.75,1
4789.75,0
4790.0,1
4791.25,0
4791.5,1
4792.25,0
4792.5,1
4793.0,0
4808.25,1
4808.75,0
4809.0,1
4810.0,0
4810.5,1
4811.0,0
4811.25,1
4811.75,0
4812.25,1
4813.25,0
4813.5,1
4813.75,0
4814.0,1
4815.0,0
4815.25,1
4816.5,0
4816.75,1
4817.0,0
4831.25,1
4831.5,0
4833.5,1
4835.25,0
4835.5,1
4836.25,0
4836.5,1
4837.0,0
4837.25,1
4837.75,0
4838.0,1
4839.25,0
4839.75,1
4841.0,0
4902.75,1
4903.0,0
4904.75,1
4905.0,0
4905.25,1
4907.25,0
4907.5,1
4910.25,0
4911.0,1
4913.0,0
4913.25,1
4913.75,0
4928.75,1
4929.0,0
4929.75,1
4930.25,0
4930.75,1
4931.0,0
4931.25,1
4932.0,0
4932.25,1
4932.5,0
4933.0,1
4937.0,0
4953.25,1
4953.5,0
4953.75,1
4954.25,0
4954.5,1
4955.25,0
4956.0,1
4956.25,0
4956.5,1
4957.75,0
4958.0,1
4961.5,0
4965.0,1
4965.25,0
4976.0,1
4976.25,0
4977.0,1
4977.25,0
4977.5,1
4977.75,0
4978.0,1
4979.5,0
4979.75,1
4980.5,0
4981.0,1
4981.5,0
4981.75,1
4982.25,0
4982.5,1
4982.75,0
4983.0,1
4983.5,0
4983.75,1
4985.0,0
4985.25,1
4985.5,0
5000.0,1
5000.25,0
5000.5,1
5001.25,0
5001.75,1
5002.25,0
5002.5,1
5009.25,0
5070.75,1
5071.0,0
5071.5,1
5071.75,0
5072.25,1
5072.5,0
5072.75,1
5073.25,0
5073.5,1
5074.5,0
5074.75,1
5075.0,0
5076.0,1
5076.25,0
5076.5,1
5076.75,0
5077.25,1
5077.75,0
5078.0,1
5079.25,0
5079.75,1
5081.25,0
5094.5,1
5094.75,0
5095.0,1
5095.25,0
5097.0,1
5097.25,0
5097.5,1
5099.5,0
5099.75,1
5100.5,0
5100.75,1
5101.0,0
5101.25,1
5101.5,0
5101.75,1
5104.25,0
5104.5,1
5104.75,0
5118.0,1
5118.25,0
5120.0,1
5120.25,0
5121.25,1
5122.0,0
5122.25,1
5123.25,0
5123.5,1
5123.75,0
5124.5,1
5125.75,0
5126.0,1
5127.75,0
5128.0,1
5129.0,0
5129.25,1
5129.5,0
5143.0,1
5143.25,0
5145.0,1
5147.0,0
5147.25,1
5148.0,0
5148.25,1
5149.5,0
5149.75,1
5150.25,0
5150.5,1
5151.75,0
5152.0,1
5152.5,0
5152.75,1
5153.5,0
5167.75,1
5168.0,0
5169.5,1
5171.75,0
5172.0,1
5173.5,0
5173.75,1
5174.0,0
5174.25,1
5176.25,0
5176.5,1
5176.75,0
5177.0,1
5177.25,0
5238.25,1
5238.5,0
5240.0,1
5240.25,0
5241.25,1
5241.5,0
5241.75,1
5242.75,0
5243.0,1
5244.75,0
5245.0,1
5246.0,0
5246.5,1
5247.75,0
5248.25,1
5249.0,0
5249.25,1
5249.5,0
5264.75,1
5265.5,0
5266.0,1
5266.5,0
5266.75,1
5267.75,0
5268.0,1
5268.25,0
5268.5,1
5268.75,0
5269.25,1
5272.0,0
5272.5,1
5272.75,0
5273.0,1
5273.25,0
5273.75,1
5274.0,0
5275.75,1
5276.0,0
5277.0,1
5277.25,0
5286.75,1
5287.0,0
5287.25,1
5287.5,0
5288.75,1
5292.25,0
5292.5,1
5293.5,0
5293.75,1
5294.75,0
5295.25,1
5296.0,0
5296.25,1
5297.75,0
5300.5,1
5300.75,0
5301.0,1
5301.25,0
5310.25,1
5310.5,0
5310.75,1
5311.0,0
5312.75,1
5313.25,0
5313.5,1
5315.25,0
5315.5,1
5316.5,0
5317.0,1
5317.5,0
5317.75,1
5318.75,0
5319.0,1
5320.0,0
5320.25,1
5320.75,0
5321.0,1
5321.25,0
5321.5,1
5321.75,0
5336.5,1
5338.5,0
5338.75,1
5339.25,0
5339.75,1
5340.5,0
5340.75,1
5341.5,0
5341.75,1
5342.0,0
5342.25,1
5342.75,0
5343.0,1
5345.25,0
5409.25,1
5411.5,0
5411.75,1
5413.0,0
5413.25,1
5413.75,0
5414.75,1
5416.25,0
5416.5,1
5417.25,0
5429.75,1
5430.0,0
5430.5,1
5430.75,0
5431.25,1
5431.5,0
5432.25,1
5432.5,0
5433.25,1
5433.75,0
5434.0,1
5434.25,0
5434.5,1
5436.25,0
5436.5,1
5437.0,0
5437.25,1
5438.5,0
5438.75,1
5441.75,0
5454.25,1
5454.5,0
5455.75,1
5456.0,0
5456.5,1
5457.0,0
5457.75,1
5458.25,0
5458.5,1
5459.25,0
5460.0,1
5460.5,0
5461.0,1
5461.25,0
5461.5,1
5463.0,0
5463.25,1
5464.0,0
5464.25,1
5465.25,0
5479.25,1
5479.5,0
5481.0,1
5481.25,0
5481.5,1
5482.25,0
5482.5,1
5482.75,0
5483.0,1
5483.5,0
5483.75,1
5485.5,0
5486.0,1
5486.25,0
5486.5,1
5487.25,0
5487.5,1
5488.75,0
5489.0,1
5489.25,0
5502.75,1
5503.25,0
5503.5,1
5504.0,0
5504.75,1
5505.25,0
5506.25,1
5507.0,0
5507.25,1
5510.0,0
5510.25,1
5511.0,0
5511.25,1
5513.0,0
5513.5,1
5513.75,0
5516.5,1
5516.75,0
5577.0,1
5577.75,0
5578.0,1
5578.25,0
5578.5,1
5579.0,0
5579.25,1
5581.5,0
5582.25,1
5583.25,0
5583.5,1
5584.0,0
5584.25,1
5585.25,0
5588.75,1
5589.0,0
5599.75,1
5600.0,0
5600.75,1
5601.0,0
5601.25,1
5601.5,0
5601.75,1
5604.0,0
5604.5,1
5605.25,0
5605.75,1
5606.5,0
5606.75,1
5608.5,0
5608.75,1
5609.5,0
5612.75,1
5613.0,0
5624.0,1
5624.25,0
5625.0,1
5626.75,0
5627.25,1
5627.5,0
5627.75,1
5628.0,0
5628.25,1
5628.75,0
5629.0,1
5631.0,0
5631.25,1
5631.75,0
5632.25,1
5632.5,0
5648.25,1
5648.5,0
5649.0,1
5649.25,0
5649.75,1
5651.25,0
5651.5,1
5651.75,0
5652.0,1
5653.0,0
5653.25,1
5653.75,0
5654.0,1
5655.5,0
5655.75,1
5657.0,0
5657.25,1
5657.5,0
5660.0,1
5660.25,0
5670.0,1
5670.25,0
5671.0,1
5671.25,0
5673.5,1
5673.75,0
5674.0,1
5675.0,0
5675.25,1
5675.75,0
5676.0,1
5676.25,0
5676.5,1
5677.0,0
5677.25,1
5678.25,0
5678.5,1
5680.0,0
5680.25,1
5681.0,0
5684.25,1
5684.5,0
5742.75,1
5743.0,0
5743.25,1
5743.5,0
5744.5,1
5744.75,0
5745.0,1
5745.5,0
5745.75,1
5746.75,0
5747.0,1
5749.5,0
5749.75,1
5750.5,0
5750.75,1
5752.75,0
5753.0,1
5753.5,0
5769.0,1
5770.25,0
5770.75,1
5773.25,0
5773.5,1
5774.0,0
5774.25,1
5774.75,0
5775.0,1
5775.25,0
5775.5,1
5776.0,0
5776.25,1
5776.5,0
5776.75,1
5777.75,0
5793.25,1
5794.25,0
5794.5,1
5796.5,0
5796.75,1
5799.75,0
5800.0,1
5800.25,0
5800.5,1
5800.75,0
5815.0,1
5815.25,0
5817.0,1
5818.25,0
5818.75,1
5820.0,0
5820.5,1
5821.25,0
5821.5,1
5821.75,0
5822.25,1
5823.25,0
5824.0,1
5825.25,0
5838.75,1
5839.0,0
5841.5,1
5842.25,0
5843.0,1
5844.75,0
5845.25,1
5846.25,0
5846.5,1
5846.75,0
5847.0,1
5847.25,0
5847.5,1
5847.75,0
5848.0,1
5849.0,0
5849.75,1
5850.0,0
5909.0,1
5909.5,0
5910.5,1
5910.75,0
5911.0,1
5911.25,0
5911.75,1
5912.0,0
5913.0,1
5913.5,0
5913.75,1
5916.25,0
5916.5,1
5917.0,0
5917.25,1
5919.5,0
5920.0,1
5921.0,0
5957.75,1
5958.0,0
5958.25,1
5958.5,0
5959.75,1
5960.0,0
5960.5,1
5962.0,0
5962.5,1
5962.75,0
5963.0,1
5964.5,0
5964.75,1
5965.75,0
5966.0,1
5966.25,0
5966.75,1
5967.25,0
5967.5,1
5968.5,0
5969.0,1
5969.25,0
5984.0,1
5984.25,0
5985.25,1
5985.5,0
5985.75,1
5986.25,0
5986.5,1
5987.0,0
5987.25,1
5987.75,0
5988.0,1
5989.5,0
5989.75,1
5990.0,0
5990.25,1
5990.75,0
5991.25,1
5992.5,0
6006.75,1
6007.0,0
6009.0,1
6010.0,0
6010.25,1
6011.5,0
6011.75,1
6013.0,0
6013.25,1
6013.5,0
6013.75,1
6014.25,0
6014.75,1
6016.0,0
6016.25,1
6016.5,0
6016.75,1
6017.0,0
6020.75,1
6021.0,0
6081.5,1
6084.75,0
6085.0,1
6085.25,0
6085.5,1
6086.0,0
6086.25,1
6089.0,0
6089.25,1
6089.5,0
6089.75,1
6090.0,0
6094.0,1
6094.25,0
6104.0,1
6104.75,0
6105.5,1
6105.75,0
6106.0,1
6108.75,0
6109.0,1
6109.25,0
6109.5,1
6109.75,0
6110.0,1
6110.25,0
6110.5,1
6112.75,0
6129.0,1
6129.25,0
6129.5,1
6130.0,0
6130.25,1
6131.0,0
6131.25,1
6131.75,0
6132.0,1
6132.25,0
6132.5,1
6133.0,0
6133.5,1
6135.75,0
6136.0,1
6136.75,0
6141.25,1
6141.5,0
6150.5,1
6150.75,0
6151.5,1
6152.25,0
6153.0,1
6155.25,0
6155.5,1
6157.0,0
6157.25,1
6158.0,0
6158.25,1
6159.25,0
6159.5,1
6159.75,0
6160.0,1
6160.75,0
6161.75,1
6162.0,0
6174.5,1
6174.75,0
6177.0,1
6178.75,0
6179.0,1
6179.5,0
6179.75,1
6180.0,0
6180.5,1
6182.0,0
6182.25,1
6183.25,0
6183.5,1
6184.75,0
6246.75,1
6247.0,0
6249.0,1
6249.5,0
6249.75,1
6250.0,0
6250.25,1
6250.75,0
6251.0,1
6251.75,0
6252.0,1
6253.25,0
6253.5,1
6253.75,0
6254.25,1
6255.5,0
6255.75,1
6256.5,0
6257.0,1
6257.25,0
6257.5,1
6257.75,0
6273.75,1
6275.5,0
6276.0,1
6276.25,0
6276.5,1
6277.75,0
6278.0,1
6280.5,0
6280.75,1
6281.25,0
6297.25,1
6301.75,0
6302.25,1
6303.5,0
6303.75,1
6304.0,0
6304.25,1
6305.0,0
6308.5,1
6308.75,0
6318.5,1
6318.75,0
6321.25,1
6323.75,0
6324.0,1
6324.25,0
6324.5,1
6324.75,0
6325.0,1
6325.5,0
6325.75,1
6328.5,0
6328.75,1
6329.0,0
6343.25,1
6343.5,0
6344.0,1
6344.5,0
6344.75,1
6345.5,0
6346.0,1
6347.5,0
6347.75,1
6348.5,0
6348.75,1
6349.75,0
6350.0,1
6350.5,0
6350.75,1
6351.75,0
6352.75,1
6353.0,0
6353.25,1
6353.5,0
6416.75,1
6417.0,0
6417.25,1
6417.75,0
6418.0,1
6418.5,0
6418.75,1
6419.75,0
6420.0,1
6420.5,0
6420.75,1
6421.75,0
6422.0,1
6423.25,0
6423.5,1
6425.5,0
6429.0,1
6429.25,0
6440.75,1
6441.0,0
6441.25,1
6441.75,0
6442.0,1
6442.75,0
6443.0,1
6443.25,0
6443.5,1
6444.25,0
6444.5,1
6448.0,0
6448.5,1
6449.0,0
6449.25,1
6449.5,0
6452.75,1
6453.0,0
6464.0,1
6464.5,0
6464.75,1
6465.0,0
6465.25,1
6465.5,0
6465.75,1
6466.5,0
6466.75,1
6468.25,0
6468.75,1
6469.0,0
6469.5,1
6469.75,0
6470.0,1
6470.5,0
6470.75,1
6472.5,0
6472.75,1
6473.0,0
6485.5,1
6485.75,0
6488.5,1
6489.0,0
6489.25,1
6490.25,0
6490.75,1
6491.5,0
6492.0,1
6492.5,0
6492.75,1
6493.0,0
6493.25,1
6495.25,0
6495.5,1
6496.25,0
6496.75,1
6497.25,0
6497.75,1
6498.0,0
6500.75,1
6501.0,0
6502.5,1
6502.75,0
6512.0,1
6512.25,0
6512.5,1
6516.75,0
6517.0,1
6517.75,0
6518.0,1
6518.25,0
6518.5,1
6519.25,0
6519.75,1
6520.25,0
6520.5,1
6521.0,0
6584.25,1
6584.5,0
6585.0,1
6585.25,0
6585.5,1
6587.0,0
6587.25,1
6588.5,0
6589.0,1
6590.0,0
6590.25,1
6591.0,0
6591.25,1
6592.25,0
6592.5,1
6592.75,0
6593.0,1
6593.25,0
6596.5,1
6596.75,0
6609.25,1
6610.0,0
6610.25,1
6610.5,0
6610.75,1
6611.0,0
6611.25,1
6612.0,0
6612.25,1
6613.5,0
6614.25,1
6615.5,0
6615.75,1
6616.0,0
6616.25,1
6616.5,0
6617.0,1
6617.25,0
6617.5,1
6617.75,0
6631.0,1
6631.25,0
6633.5,1
6635.0,0
6635.25,1
6635.5,0
6635.75,1
6637.0,0
6637.25,1
6639.0,0
6639.25,1
6640.75,0
6641.0,1
6641.25,0
6656.25,1
6656.5,0
6657.0,1
6659.5,0
6660.25,1
6660.5,0
6660.75,1
6661.0,0
6661.25,1
6661.5,0
6661.75,1
6662.25,0
6662.5,1
6663.25,0
6664.0,1
6665.0,0
6679.5,1
6679.75,0
6680.5,1
6681.0,0
6681.25,1
6682.5,0
6683.0,1
6687.25,0
6687.75,1
6688.25,0
6688.5,1
6688.75,0
6751.25,1
6751.5,0
6753.25,1
6754.25,0
6754.5,1
6755.75,0
6756.0,1
6757.0,0
6757.5,1
6760.0,0
6760.25,1
6761.25,0
6763.75,1
6764.0,0
6798.0,1
6798.25,0
6798.5,1
6798.75,0
6799.0,1
6799.25,0
6800.75,1
6801.75,0
6802.0,1
6803.0,0
6803.25,1
6803.75,0
6804.5,1
6804.75,0
6805.0,1
6806.0,0
6806.25,1
6807.75,0
6808.0,1
6809.25,0
6823.25,1
6823.5,0
6824.75,1
6825.0,0
6825.5,1
6827.5,0
6827.75,1
6828.0,0
6828.25,1
6828.75,0
6829.0,1
6829.25,0
6829.75,1
6830.0,0
6830.25,1
6830.5,0
6830.75,1
6831.75,0
6832.0,1
6832.25,0
6832.75,1
6833.25,0
6836.5,1
6836.75,0
6845.75,1
6846.0,0
6848.25,1
6848.5,0
6849.0,1
6851.5,0
6851.75,1
6853.0,0
6853.25,1
6854.75,0
6855.5,1
6856.75,0
6857.0,1
6857.5,0
6919.0,1
6919.5,0
6920.25,1
6920.5,0
6920.75,1
6921.0,0
6921.75,1
6922.25,0
6922.5,1
6923.0,0
6923.25,1
6923.75,0
6924.0,1
6924.5,0
6924.75,1
6925.0,0
6925.25,1
6925.5,0
6926.25,1
6927.25,0
6927.5,1
6928.0,0
6928.75,1
6929.0,0
6929.25,1
6929.5,0
6942.0,1
6942.25,0
6943.5,1
6943.75,0
6945.25,1
6945.75,0
6946.25,1
6946.5,0
6946.75,1
6947.25,0
6947.75,1
6951.0,0
6951.25,1
6952.0,0
6952.5,1
6953.0,0
6957.75,1
6958.0,0
6967.5,1
6968.0,0
6969.25,1
6969.75,0
6970.0,1
6973.0,0
6973.25,1
6973.75,0
6974.25,1
6974.5,0
6974.75,1
6975.75,0
6976.0,1
6976.75,0
6990.0,1
6990.25,0
6992.0,1
6992.25,0
6993.75,1
6995.0,0
6995.25,1
6996.25,0
6996.5,1
6998.0,0
6998.25,1
7000.75,0
7001.0,1
7001.25,0
7005.5,1
7005.75,0
7014.75,1
7015.0,0
7016.5,1
7016.75,0
7017.0,1
7017.75,0
7018.0,1
7018.5,0
7019.0,1
7020.25,0
7020.5,1
7020.75,0
7021.0,1
7022.25,0
7022.5,1
7023.75,0
7024.0,1
7024.5,0
7024.75,1
7025.25,0
7029.0,1
7029.25,0
7086.75,1
7087.0,0
7089.0,1
7090.0,0
7090.25,1
7091.25,0
7091.5,1
7092.25,0
7092.5,1
7092.75,0
7093.0,1
7093.5,0
7093.75,1
7094.25,0
7094.5,1
7094.75,0
7095.0,1
7096.5,0
7096.75,1
7097.5,0
7112.75,1
7113.0,0
7113.25,1
7114.0,0
7114.25,1
7116.0,0
7116.25,1
7117.0,0
7117.25,1
7118.0,0
7118.25,1
7119.25,0
7120.0,1
7121.0,0
7125.75,1
7126.0,0
7136.25,1
7137.25,0
7138.0,1
7139.0,0
7139.25,1
7141.25,0
7141.5,1
7144.5,0
7144.75,1
7145.25,0
7161.25,1
7162.25,0
7162.5,1
7163.75,0
7164.25,1
7165.75,0
7166.25,1
7167.5,0
7167.75,1
7169.25,0
7173.0,1
7173.25,0
7181.75,1
7182.0,0
7182.5,1
7182.75,0
7183.25,1
7183.5,0
7183.75,1
7184.0,0
7184.25,1
7184.5,0
7185.0,1
7185.25,0
7185.75,1
7186.5,0
7186.75,1
7189.0,0
7189.25,1
7189.75,0
7190.0,1
7192.75,0
7197.25,1
7197.5,0
7257.25,1
7261.25,0
7261.5,1
7261.75,0
7262.0,1
7265.0,0
7278.0,1
7278.25,0
7278.75,1
7279.0,0
7279.25,1
7279.75,0
7280.25,1
7280.5,0
7280.75,1
7284.0,0
7284.25,1
7287.75,0
7288.0,1
7288.75,0
7303.0,1
7303.25,0
7303.5,1
7303.75,0
7304.75,1
7305.0,0
7305.75,1
7307.75,0
7308.25,1
7310.25,0
7310.5,1
7310.75,0
7311.0,1
7311.25,0
7311.5,1
7312.0,0
7312.25,1
7312.5,0
7312.75,1
7313.25,0
7328.75,1
7329.75,0
7330.0,1
7330.25,0
7330.5,1
7331.75,0
7332.0,1
7332.75,0
7333.0,1
7335.25,0
7335.75,1
7336.25,0
7336.5,1
7336.75,0
7352.25,1
7352.5,0
7353.75,1
7354.25,0
7355.0,1
7355.75,0
7356.0,1
7357.75,0
7358.0,1
7358.5,0
7358.75,1
7360.25,0
7360.5,1
7361.5,0
7425.75,1
7426.5,0
7426.75,1
7427.75,0
7428.25,1
7429.0,0
7429.25,1
7429.5,0
7429.75,1
7430.25,0
7430.5,1
7431.0,0
7431.25,1
7431.75,0
7432.0,1
7432.75,0
7433.0,1
7433.25,0
7448.75,1
7449.0,0
7449.25,1
7449.5,0
7449.75,1
7450.75,0
7451.0,1
7452.5,0
7453.0,1
7453.25,0
7453.5,1
7454.0,0
7454.5,1
7454.75,0
7455.0,1
7455.75,0
7456.75,1
7457.25,0
7460.5,1
7460.75,0
7473.25,1
7474.75,0
7475.0,1
7475.75,0
7476.0,1
7477.25,0
7477.5,1
7479.75,0
7480.0,1
7480.75,0
7481.0,1
7481.25,0
7486.0,1
7486.25,0
7494.0,1
7494.5,0
7497.25,1
7498.25,0
7498.5,1
7499.0,0
7499.25,1
7499.75,0
7500.0,1
7500.25,0
7500.5,1
7502.75,0
7503.25,1
7504.5,0
7504.75,1
7505.0,0
7510.0,1
7510.25,0
7517.75,1
7518.0,0
7520.25,1
7520.5,0
7521.0,1
7521.25,0
7521.5,1
7522.25,0
7522.5,1
7525.5,0
7525.75,1
7526.75,0
7527.0,1
7527.5,0
7527.75,1
7528.75,0
7529.0,1
7529.25,0
7592.75,1
7593.0,0
7593.25,1
7595.75,0
7596.0,1
7598.75,0
7599.25,1
7599.5,0
7599.75,1
7600.5,0
7600.75,1
7601.5,0
7617.0,1
7620.0,0
7620.25,1
7620.5,0
7620.75,1
7621.75,0
7622.25,1
7622.5,0
7622.75,1
7624.0,0
7624.25,1
7624.5,0
7624.75,1
7625.25,0
7641.0,1
7642.75,0
7643.0,1
7643.75,0
7644.0,1
7645.75,0
7646.0,1
7646.5,0
7646.75,1
7647.25,0
7648.0,1
7648.5,0
7648.75,1
7649.0,0
7661.5,1
7661.75,0
7664.25,1
7664.5,0
7665.0,1
7665.25,0
7665.5,1
7668.75,0
7669.0,1
7669.5,0
7670.0,1
7671.25,0
7671.5,1
7672.0,0
7672.25,1
7672.5,0
7673.5,1
7673.75,0
7677.5,1
7677.75,0
7688.75,1
7689.25,0
7689.75,1
7690.25,0
7690.5,1
7692.0,0
7692.5,1
7697.5,0
7759.0,1
7759.25,0
7759.5,1
7759.75,0
7761.0,1
7761.25,0
7761.5,1
7763.25,0
7763.5,1
7764.75,0
7765.0,1
7766.5,0
7766.75,1
7768.5,0
7768.75,1
7769.25,0
7772.75,1
7773.0,0
7785.0,1
7785.75,0
7786.0,1
7789.25,0
7789.5,1
7790.25,0
7790.5,1
7792.0,0
7792.25,1
7793.25,0
7793.5,1
7793.75,0
7806.25,1
7806.5,0
7806.75,1
7807.0,0
7808.5,1
7808.75,0
7809.0,1
7809.75,0
7810.0,1
7810.5,0
7810.75,1
7811.25,0
7811.75,1
7812.0,0
7812.25,1
7813.5,0
7813.75,1
7814.25,0
7814.5,1
7817.25,0
7832.0,1
7832.25,0
7833.0,1
7833.25,0
7834.0,1
7834.25,0
7834.5,1
7835.0,0
7835.25,1
7837.25,0
7837.5,1
7838.25,0
7838.5,1
7839.5,0
7839.75,1
7840.75,0
7841.0,1
7841.25,0
7927.5,1
7927.75,0
7929.0,1
7929.25,0
7929.75,1
7931.0,0
7931.5,1
7933.0,0
7933.25,1
7933.75,0
7934.0,1
7935.25,0
7935.5,1
7936.0,0
7936.25,1
7936.75,0
7937.25,1
7937.5,0
7952.5,1
7953.25,0
7954.0,1
7955.25,0
7956.0,1
7958.0,0
7958.25,1
7960.75,0
7961.0,1
7961.25,0
7964.75,1
7965.0,0
7976.75,1
7977.75,0
7978.25,1
7978.5,0
7978.75,1
7980.0,0
7980.25,1
7980.75,0
7981.0,1
7981.75,0
7982.0,1
7982.25,0
7982.5,1
7983.0,0
7983.25,1
7983.5,0
7983.75,1
7984.75,0
7985.0,1
7985.25,0
7988.25,1
7988.5,0
7998.25,1
7998.5,0
8001.25,1
8004.0,0
8004.25,1
8005.0,0
8005.5,1
8006.5,0
8007.0,1
8008.25,0
8025.5,1
8026.75,0
8027.0,1
8027.25,0
8027.75,1
8029.0,0
8029.25,1
8030.5,0
8030.75,1
8031.75,0
8032.0,1
8032.25,0
8032.5,1
8033.0,0
8033.5,1
8033.75,0
8037.25,1
8037.5,0
8094.5,1
8094.75,0
8096.25,1
8096.5,0
8096.75,1
8099.25,0
8099.5,1
8100.5,0
8100.75,1
8101.25,0
8101.5,1
8102.0,0
8102.25,1
8102.5,0
8102.75,1
8105.25,0
8105.5,1
8105.75,0
8117.75,1
8118.25,0
8120.75,1
8121.0,0
8121.25,1
8122.25,0
8122.5,1
8123.0,0
8123.25,1
8124.25,0
8124.5,1
8124.75,0
8125.0,1
8125.75,0
8126.0,1
8126.75,0
8127.0,1
8128.25,0
8129.0,1
8129.25,0
8134.5,1
8134.75,0
8143.25,1
8143.5,0
8144.0,1
8144.25,0
8144.5,1
8145.0,0
8145.25,1
8146.5,0
8146.75,1
8148.5,0
8149.25,1
8152.0,0
8152.25,1
8153.75,0
8157.5,1
8157.75,0
8166.5,1
8166.75,0
8168.5,1
8168.75,0
8169.5,1
8171.0,0
8171.25,1
8172.0,0
8172.25,1
8172.5,0
8172.75,1
8173.5,0
8174.25,1
8174.75,0
8175.0,1
8175.5,0
8175.75,1
8177.0,0
8192.75,1
8193.25,0
8193.5,1
8194.0,0
8194.25,1
8194.5,0
8194.75,1
8196.25,0
8196.5,1
8198.0,0
8198.25,1
8198.5,0
8198.75,1
8200.25,0
8200.5,1
8201.0,0
8263.5,1
8263.75,0
8265.0,1
8266.75,0
8267.0,1
8269.0,0
8269.25,1
8271.5,0
8271.75,1
8272.75,0
8273.0,1
8273.5,0
8285.75,1
8286.25,0
8288.75,1
8289.5,0
8289.75,1
8291.5,0
8292.0,1
8292.75,0
8293.0,1
8293.25,0
8293.5,1
8294.75,0
8295.0,1
8297.5,0
8300.75,1
8301.0,0
8310.25,1
8310.5,0
8310.75,1
8311.0,0
8311.25,1
8311.75,0
8312.5,1
8312.75,0
8313.0,1
8313.75,0
8314.0,1
8317.75,0
8318.25,1
8321.0,0
8321.5,1
8321.75,0
8335.75,1
8336.0,0
8336.5,1
8336.75,0
8337.25,1
8338.25,0
8338.5,1
8340.5,0
8340.75,1
8341.0,0
8341.25,1
8341.5,0
8341.75,1
8343.25,0
8343.75,1
8345.0,0
8360.25,1
8361.0,0
8361.5,1
8362.25,0
8362.5,1
8362.75,0
8363.0,1
8363.5,0
8363.75,1
8364.0,0
8364.25,1
8365.5,0
8365.75,1
8366.25,0
8367.0,1
8368.0,0
8368.25,1
8368.5,0
8368.75,1
8369.5,0
8432.5,1
8433.0,0
8433.25,1
8433.5,0
8433.75,1
8435.75,0
8436.25,1
8436.5,0
8437.0,1
8437.25,0
8437.5,1
8437.75,0
8438.0,1
8438.25,0
8438.5,1
8439.0,0
8439.25,1
8440.75,0
8457.0,1
8457.5,0
8457.75,1
8458.0,0
8458.5,1
8461.5,0
8462.0,1
8462.25,0
8463.0,1
8464.75,0
8465.0,1
8465.25,0
8468.75,1
8469.0,0
8477.75,1
8478.0,0
8480.75,1
8481.0,0
8481.25,1
8483.5,0
8483.75,1
8489.0,0
8489.25,1
8489.5,0
8503.5,1
8503.75,0
8504.75,1
8505.0,0
8505.5,1
8505.75,0
8506.0,1
8506.5,0
8506.75,1
8507.25,0
8507.75,1
8508.0,0
8508.25,1
8509.0,0
8509.25,1
8510.0,0
8510.25,1
8512.25,0
8512.5,1
8513.0,0
8525.75,1
8526.0,0
8526.5,1
8526.75,0
8528.5,1
8528.75,0
8529.0,1
8530.25,0
8530.5,1
8532.0,0
8532.5,1
8533.0,0
8533.5,1
8534.25,0
8534.5,1
8537.5,0
8542.0,1
8542.25,0
8623.5,1
8623.75,0
8624.0,1
8624.25,0
8625.0,1
8625.5,0
8625.75,1
8626.0,0
8626.25,1
8628.25,0
8628.5,1
8628.75,0
8629.0,1
8629.25,0
8629.5,1
8631.75,0
8632.0,1
8633.0,0
8633.25,1
8633.5,0
8636.25,1
8636.5,0
8646.25,1
8646.5,0
8648.5,1
8648.75,0
8649.0,1
8650.75,0
8651.0,1
8651.25,0
8651.5,1
8652.0,0
8652.25,1
8652.5,0
8652.75,1
8653.75,0
8654.0,1
8656.75,0
8662.0,1
8662.25,0
8670.0,1
8670.25,0
8672.75,1
8675.75,0
8676.25,1
8677.75,0
8678.0,1
8679.5,0
8679.75,1
8680.0,0
8680.25,1
8681.0,0
8693.25,1
8693.5,0
8695.25,1
8695.5,0
8696.5,1
8696.75,0
8697.5,1
8697.75,0
8698.0,1
8700.0,0
8700.25,1
8701.0,0
8701.25,1
8702.5,0
8703.0,1
8703.5,0
8703.75,1
8704.75,0
8705.0,1
8705.25,0
8708.0,1
8708.25,0
