#1


float Room-201 (4353,2)
0.0,0
31.5,1
32.0,0
32.25,1
32.5,0
33.5,1
34.75,0
35.0,1
36.75,0
37.0,1
37.25,0
37.5,1
38.0,0
38.25,1
40.75,0
41.0,1
41.25,0
41.5,1
41.75,0
57.75,1
58.25,0
58.5,1
60.0,0
60.5,1
60.75,0
61.0,1
63.25,0
63.5,1
63.75,0
64.25,1
65.0,0
77.75,1
78.0,0
79.0,1
79.5,0
80.5,1
81.0,0
81.25,1
82.5,0
82.75,1
88.0,0
88.25,1
89.5,0
104.75,1
108.75,0
109.5,1
112.75,0
113.25,1
113.75,0
114.0,1
114.25,0
125.75,1
126.0,0
128.25,1
128.75,0
129.5,1
129.75,0
130.0,1
131.0,0
131.25,1
132.25,0
132.5,1
132.75,0
133.25,1
136.25,0
136.5,1
137.25,0
141.5,1
142.0,0
200.75,1
201.0,0
201.25,1
202.25,0
202.5,1
204.25,0
204.5,1
205.25,0
205.5,1
205.75,0
206.25,1
209.0,0
213.75,1
214.0,0
221.75,1
222.0,0
223.0,1
223.25,0
224.0,1
224.25,0
225.0,1
225.5,0
226.5,1
228.0,0
228.25,1
228.75,0
229.25,1
229.5,0
229.75,1
230.0,0
230.25,1
230.5,0
231.0,1
231.5,0
231.75,1
233.5,0
247.5,1
247.75,0
248.75,1
249.0,0
249.25,1
250.5,0
250.75,1
251.25,0
251.75,1
253.25,0
253.5,1
255.25,0
255.75,1
256.5,0
256.75,1
257.25,0
260.5,1
260.75,0
269.5,1
269.75,0
270.5,1
271.0,0
271.25,1
271.75,0
272.75,1
273.0,0
273.5,1
274.75,0
275.0,1
276.75,0
277.0,1
277.25,0
277.75,1
278.0,0
278.25,1
279.0,0
279.25,1
280.25,0
280.5,1
280.75,0
297.25,1
298.25,0
298.5,1
299.75,0
300.0,1
301.25,0
301.75,1
303.0,0
303.25,1
304.5,0
306.0,1
306.25,0
307.5,1
307.75,0
368.75,1
369.25,0
369.5,1
371.75,0
372.0,1
372.25,0
372.5,1
373.5,0
374.0,1
374.75,0
375.25,1
376.0,0
376.25,1
376.5,0
376.75,1
377.0,0
390.5,1
390.75,0
392.5,1
393.75,0
394.0,1
395.0,0
395.5,1
396.25,0
396.5,1
397.0,0
397.25,1
398.0,0
398.25,1
399.75,0
400.0,1
400.5,0
400.75,1
401.0,0
401.25,1
401.5,0
401.75,1
402.0,0
404.25,1
404.5,0
441.0,1
442.75,0
443.0,1
444.0,0
444.25,1
446.5,0
446.75,1
448.0,0
448.25,1
448.75,0
449.0,1
449.25,0
465.25,1
465.5,0
465.75,1
468.5,0
469.0,1
471.75,0
472.0,1
472.5,0
472.75,1
473.0,0
477.25,1
477.5,0
533.5,1
533.75,0
535.5,1
535.75,0
537.75,1
538.25,0
538.5,1
539.25,0
539.5,1
540.25,0
540.5,1
541.25,0
542.0,1
542.5,0
542.75,1
543.25,0
543.5,1
544.75,0
545.5,1
545.75,0
550.0,1
550.25,0
560.75,1
561.0,0
561.25,1
561.5,0
561.75,1
562.75,0
563.25,1
563.75,0
564.0,1
564.5,0
564.75,1
565.0,0
565.5,1
567.0,0
567.5,1
568.0,0
568.25,1
569.5,0
584.5,1
584.75,0
585.25,1
585.75,0
586.0,1
586.75,0
587.25,1
587.75,0
588.5,1
588.75,0
589.0,1
589.25,0
589.5,1
591.75,0
592.0,1
592.75,0
593.0,1
593.25,0
597.25,1
597.5,0
598.25,1
598.5,0
609.0,1
609.25,0
609.75,1
610.0,0
610.25,1
610.5,0
611.0,1
611.5,0
611.75,1
612.5,0
612.75,1
615.0,0
615.25,1
615.5,0
615.75,1
616.0,0
616.25,1
617.25,0
620.5,1
620.75,0
633.0,1
634.25,0
635.5,1
635.75,0
636.0,1
636.75,0
637.0,1
639.75,0
640.0,1
640.5,0
640.75,1
641.25,0
704.5,1
705.0,0
705.5,1
707.0,0
707.25,1
708.5,0
709.0,1
709.25,0
709.5,1
712.0,0
712.5,1
713.0,0
726.5,1
727.0,0
728.0,1
728.25,0
728.75,1
729.0,0
729.25,1
729.75,0
730.0,1
730.5,0
731.0,1
732.25,0
732.5,1
733.5,0
733.75,1
734.0,0
734.25,1
734.5,0
734.75,1
735.5,0
735.75,1
736.25,0
737.0,1
737.25,0
750.5,1
750.75,0
752.75,1
755.75,0
756.0,1
756.75,0
757.25,1
760.0,0
760.25,1
761.5,0
775.5,1
775.75,0
777.25,1
777.75,0
778.0,1
778.75,0
779.0,1
779.25,0
779.5,1
780.5,0
780.75,1
781.5,0
781.75,1
782.5,0
782.75,1
783.25,0
783.75,1
784.5,0
784.75,1
785.0,0
785.25,1
785.5,0
789.0,1
789.75,0
798.0,1
798.25,0
798.75,1
799.0,0
800.25,1
800.5,0
801.0,1
801.25,0
801.5,1
802.5,0
802.75,1
803.5,0
803.75,1
804.25,0
804.75,1
805.75,0
806.25,1
807.0,0
807.25,1
807.5,0
807.75,1
809.0,0
870.5,1
871.25,0
872.75,1
874.5,0
874.75,1
875.25,0
875.5,1
877.0,0
877.25,1
877.5,0
878.0,1
878.5,0
878.75,1
879.0,0
879.5,1
880.25,0
881.0,1
881.5,0
881.75,1
882.0,0
895.75,1
896.0,0
897.0,1
897.25,0
897.5,1
897.75,0
898.0,1
898.5,0
898.75,1
900.0,0
900.25,1
900.75,0
901.25,1
901.75,0
902.0,1
903.25,0
903.5,1
903.75,0
904.0,1
904.75,0
919.25,1
919.75,0
920.75,1
921.0,0
921.5,1
924.75,0
925.0,1
925.25,0
925.75,1
926.75,0
927.0,1
927.75,0
928.5,1
929.0,0
929.25,1
929.5,0
932.5,1
932.75,0
933.0,1
933.25,0
943.5,1
943.75,0
944.25,1
944.5,0
944.75,1
945.0,0
945.75,1
946.0,0
946.25,1
946.75,0
947.0,1
947.75,0
948.5,1
949.25,0
949.5,1
949.75,0
950.0,1
950.75,0
951.0,1
952.0,0
952.25,1
952.5,0
952.75,1
953.25,0
955.25,1
955.5,0
966.25,1
966.75,0
969.0,1
970.0,0
970.25,1
971.5,0
971.75,1
973.0,0
973.25,1
975.0,0
975.5,1
976.5,0
977.0,1
977.5,0
1040.25,1
1040.5,0
1041.5,1
1043.0,0
1043.25,1
1044.25,0
1044.5,1
1045.25,0
1045.5,1
1045.75,0
1046.0,1
1047.0,0
1047.5,1
1049.0,0
1049.25,1
1049.5,0
1052.75,1
1053.0,0
1053.5,1
1053.75,0
1062.25,1
1062.5,0
1064.75,1
1065.5,0
1065.75,1
1066.25,0
1066.5,1
1068.0,0
1068.5,1
1072.25,0
1072.75,1
1073.25,0
1110.0,1
1110.25,0
1111.25,1
1111.5,0
1112.5,1
1113.0,0
1113.25,1
1115.75,0
1116.5,1
1117.5,0
1117.75,1
1119.0,0
1119.5,1
1120.0,0
1120.25,1
1121.0,0
1121.5,1
1121.75,0
1125.25,1
1125.75,0
1127.0,1
1127.25,0
1134.25,1
1134.5,0
1134.75,1
1135.0,0
1136.25,1
1136.5,0
1136.75,1
1137.5,0
1137.75,1
1139.0,0
1139.5,1
1141.0,0
1141.75,1
1142.5,0
1143.0,1
1143.25,0
1143.5,1
1144.25,0
1144.5,1
1145.25,0
1145.5,1
1145.75,0
1149.5,1
1150.0,0
1206.0,1
1206.25,0
1208.5,1
1208.75,0
1209.0,1
1209.25,0
1209.5,1
1210.5,0
1210.75,1
1213.0,0
1213.25,1
1214.0,0
1214.25,1
1214.5,0
1214.75,1
1216.75,0
1217.0,1
1217.25,0
1219.5,1
1219.75,0
1220.25,1
1220.5,0
1231.25,1
1231.5,0
1232.25,1
1232.75,0
1233.0,1
1233.25,0
1233.5,1
1233.75,0
1234.0,1
1234.25,0
1234.5,1
1235.5,0
1235.75,1
1237.5,0
1238.25,1
1239.0,0
1239.25,1
1240.5,0
1256.0,1
1256.25,0
1256.5,1
1256.75,0
1257.0,1
1258.75,0
1259.0,1
1259.75,0
1260.0,1
1260.25,0
1260.5,1
1261.0,0
1261.5,1
1262.75,0
1263.0,1
1264.0,0
1264.25,1
1264.5,0
1278.75,1
1279.0,0
1279.75,1
1280.0,0
1281.0,1
1281.5,0
1281.75,1
1284.75,0
1285.25,1
1285.75,0
1286.25,1
1287.5,0
1287.75,1
1288.75,0
1291.5,1
1291.75,0
1304.75,1
1308.25,0
1308.5,1
1310.0,0
1310.25,1
1312.0,0
1312.5,1
1313.0,0
1313.5,1
1313.75,0
1316.75,1
1317.0,0
1376.75,1
1377.0,0
1377.25,1
1377.75,0
1378.0,1
1379.5,0
1379.75,1
1381.25,0
1382.0,1
1383.5,0
1383.75,1
1384.5,0
1384.75,1
1385.0,0
1389.25,1
1389.5,0
1390.25,1
1390.5,0
1398.5,1
1398.75,0
1400.75,1
1401.0,0
1401.25,1
1401.5,0
1402.25,1
1402.75,0
1403.0,1
1404.0,0
1404.25,1
1405.25,0
1406.0,1
1406.5,0
1406.75,1
1407.75,0
1408.0,1
1408.75,0
1409.25,1
1409.5,0
1412.75,1
1413.0,0
1422.0,1
1422.25,0
1422.75,1
1423.0,0
1423.25,1
1423.5,0
1424.75,1
1426.75,0
1427.0,1
1427.5,0
1427.75,1
1428.0,0
1428.25,1
1428.75,0
1429.0,1
1431.75,0
1432.0,1
1432.25,0
1432.5,1
1432.75,0
1446.5,1
1447.0,0
1447.5,1
1447.75,0
1448.5,1
1449.25,0
1449.5,1
1450.25,0
1450.75,1
1451.25,0
1451.5,1
1452.0,0
1452.25,1
1453.0,0
1453.25,1
1454.5,0
1454.75,1
1455.0,0
1455.25,1
1455.5,0
1455.75,1
1456.0,0
1456.25,1
1456.75,0
1457.0,1
1457.75,0
1461.5,1
1461.75,0
1469.5,1
1469.75,0
1472.5,1
1472.75,0
1473.5,1
1474.0,0
1474.5,1
1475.75,0
1476.0,1
1480.25,0
1480.5,1
1481.25,0
1543.75,1
1544.0,0
1544.75,1
1546.75,0
1547.0,1
1547.5,0
1547.75,1
1548.0,0
1548.25,1
1548.75,0
1549.25,1
1550.0,0
1550.25,1
1552.75,0
1553.25,1
1553.5,0
1559.25,1
1559.5,0
1566.75,1
1567.0,0
1569.0,1
1569.75,0
1570.0,1
1570.75,0
1571.0,1
1572.0,0
1572.25,1
1573.75,0
1574.0,1
1574.75,0
1575.0,1
1575.25,0
1575.75,1
1577.5,0
1592.75,1
1593.5,0
1593.75,1
1595.25,0
1595.5,1
1598.0,0
1598.25,1
1599.0,0
1599.25,1
1600.25,0
1600.5,1
1601.0,0
1614.0,1
1614.25,0
1615.0,1
1615.25,0
1615.75,1
1616.0,0
1617.0,1
1617.25,0
1617.5,1
1617.75,0
1618.0,1
1621.25,0
1621.5,1
1622.0,0
1622.25,1
1622.75,0
1623.0,1
1624.0,0
1624.25,1
1624.5,0
1624.75,1
1625.25,0
1628.25,1
1628.5,0
1639.0,1
1639.25,0
1639.75,1
1640.0,0
1641.25,1
1642.75,0
1643.0,1
1643.25,0
1643.5,1
1643.75,0
1644.0,1
1645.5,0
1646.0,1
1647.0,0
1647.25,1
1648.5,0
1712.75,1
1713.0,0
1713.5,1
1714.25,0
1714.5,1
1715.75,0
1716.25,1
1718.0,0
1718.25,1
1718.75,0
1719.0,1
1719.25,0
1719.5,1
1720.75,0
1721.5,1
1721.75,0
1723.75,1
1724.0,0
1733.75,1
1734.0,0
1734.5,1
1735.0,0
1736.5,1
1736.75,0
1737.5,1
1738.0,0
1738.25,1
1738.5,0
1738.75,1
1739.5,0
1739.75,1
1741.5,0
1742.0,1
1743.0,0
1743.25,1
1744.0,0
1744.25,1
1745.75,0
1761.0,1
1761.25,0
1762.0,1
1763.75,0
1764.0,1
1765.25,0
1765.75,1
1766.75,0
1767.0,1
1769.25,0
1782.75,1
1783.0,0
1783.5,1
1784.0,0
1784.5,1
1784.75,0
1785.0,1
1785.25,0
1785.5,1
1785.75,0
1786.0,1
1787.25,0
1787.5,1
1787.75,0
1788.0,1
1788.5,0
1788.75,1
1789.5,0
1789.75,1
1790.0,0
1790.25,1
1790.75,0
1791.0,1
1792.25,0
1792.5,1
1793.0,0
1793.5,1
1793.75,0
1797.0,1
1797.25,0
1808.5,1
1810.5,0
1810.75,1
1811.25,0
1811.75,1
1813.75,0
1814.0,1
1814.5,0
1814.75,1
1815.5,0
1815.75,1
1817.25,0
1879.75,1
1880.0,0
1880.25,1
1880.5,0
1881.25,1
1882.25,0
1882.5,1
1882.75,0
1883.0,1
1883.25,0
1883.75,1
1884.25,0
1884.5,1
1886.0,0
1886.25,1
1888.25,0
1889.0,1
1889.25,0
1893.25,1
1893.5,0
1894.75,1
1895.0,0
1904.75,1
1905.0,0
1905.25,1
1906.5,0
1907.0,1
1907.25,0
1907.5,1
1908.0,0
1908.75,1
1910.25,0
1910.5,1
1911.25,0
1911.5,1
1912.25,0
1912.5,1
1913.5,0
1926.0,1
1926.25,0
1927.5,1
1927.75,0
1929.25,1
1930.25,0
1930.5,1
1932.25,0
1932.5,1
1933.0,0
1933.25,1
1934.25,0
1934.75,1
1937.0,0
1937.25,1
1937.5,0
1939.75,1
1940.0,0
1951.5,1
1951.75,0
1952.5,1
1954.5,0
1954.75,1
1955.25,0
1955.5,1
1956.5,0
1956.75,1
1959.75,0
1960.25,1
1961.5,0
1975.0,1
1975.75,0
1977.0,1
1978.25,0
1978.5,1
1979.0,0
1979.25,1
1980.0,0
1980.25,1
1983.0,0
1983.25,1
1984.25,0
1984.5,1
1985.5,0
1988.75,1
1989.0,0
1989.25,1
1989.5,0
2046.25,1
2046.5,0
2048.25,1
2048.5,0
2049.25,1
2053.5,0
2053.75,1
2054.0,0
2054.25,1
2055.75,0
2056.0,1
2056.25,0
2056.5,1
2056.75,0
2057.0,1
2057.25,0
2060.0,1
2060.25,0
2073.0,1
2076.25,0
2076.5,1
2077.25,0
2077.75,1
2080.0,0
2080.25,1
2081.25,0
2095.0,1
2095.25,0
2096.5,1
2096.75,0
2097.25,1
2097.5,0
2097.75,1
2098.5,0
2098.75,1
2103.0,0
2103.5,1
2103.75,0
2104.0,1
2104.75,0
2105.0,1
2105.25,0
2108.75,1
2109.0,0
2118.5,1
2118.75,0
2122.25,1
2124.5,0
2125.5,1
2126.5,0
2126.75,1
2127.0,0
2127.25,1
2128.75,0
2129.0,1
2129.25,0
2133.5,1
2133.75,0
2142.5,1
2142.75,0
2143.5,1
2143.75,0
2144.5,1
2144.75,0
2145.25,1
2145.75,0
2146.0,1
2146.25,0
2146.5,1
2147.5,0
2147.75,1
2148.0,0
2148.25,1
2148.75,0
2149.0,1
2149.25,0
2149.75,1
2150.5,0
2150.75,1
2151.0,0
2151.25,1
2152.0,0
2152.25,1
2152.5,0
2152.75,1
2153.25,0
2156.75,1
2157.0,0
2214.25,1
2214.5,0
2215.75,1
2216.0,0
2216.75,1
2217.25,0
2218.0,1
2218.75,0
2219.0,1
2220.0,0
2220.25,1
2220.5,0
2221.0,1
2221.5,0
2221.75,1
2223.5,0
2223.75,1
2225.25,0
2226.75,1
2227.0,0
2228.75,1
2229.0,0
2240.0,1
2240.25,0
2240.75,1
2241.5,0
2241.75,1
2242.75,0
2243.0,1
2249.5,0
2265.25,1
2266.0,0
2266.25,1
2266.5,0
2266.75,1
2267.0,0
2267.5,1
2267.75,0
2268.0,1
2269.75,0
2270.0,1
2270.25,0
2270.5,1
2272.25,0
2272.5,1
2272.75,0
2285.75,1
2286.0,0
2288.75,1
2289.25,0
2289.75,1
2292.0,0
2292.25,1
2293.0,0
2293.25,1
2293.75,0
2294.0,1
2294.25,0
2294.5,1
2294.75,0
2295.5,1
2295.75,0
2296.0,1
2296.25,0
2296.5,1
2297.0,0
2302.0,1
2302.25,0
2311.25,1
2311.5,0
2312.25,1
2312.75,0
2313.0,1
2313.25,0
2313.5,1
2315.0,0
2315.25,1
2315.75,0
2316.0,1
2316.5,0
2316.75,1
2317.0,0
2317.25,1
2320.25,0
2320.5,1
2320.75,0
2321.0,1
2321.25,0
2382.25,1
2382.5,0
2384.75,1
2385.0,0
2385.25,1
2386.0,0
2386.25,1
2386.5,0
2387.0,1
2387.25,0
2387.5,1
2388.25,0
2388.5,1
2389.0,0
2389.25,1
2390.0,0
2390.25,1
2390.75,0
2391.0,1
2391.5,0
2391.75,1
2393.25,0
2396.5,1
2396.75,0
2405.5,1
2405.75,0
2406.5,1
2407.0,0
2408.0,1
2408.25,0
2409.5,1
2412.5,0
2412.75,1
2413.0,0
2413.25,1
2413.5,0
2413.75,1
2415.25,0
2415.5,1
2416.0,0
2416.25,1
2416.75,0
2417.0,1
2417.25,0
2417.5,1
2417.75,0
2419.75,1
2420.0,0
2421.75,1
2422.0,0
2430.5,1
2430.75,0
2431.5,1
2431.75,0
2432.25,1
2432.75,0
2433.0,1
2433.5,0
2433.75,1
2436.25,0
2436.5,1
2437.0,0
2437.5,1
2438.75,0
2439.75,1
2441.25,0
2456.5,1
2457.0,0
2457.5,1
2458.0,0
2458.25,1
2460.0,0
2460.25,1
2460.75,0
2461.0,1
2464.25,0
2464.5,1
2465.0,0
2465.25,1
2465.5,0
2468.75,1
2469.0,0
2479.25,1
2479.5,0
2480.5,1
2481.25,0
2481.5,1
2482.0,0
2482.25,1
2484.25,0
2484.5,1
2485.0,0
2485.25,1
2487.0,0
2487.25,1
2488.0,0
2488.25,1
2489.25,0
2550.0,1
2550.25,0
2552.25,1
2552.5,0
2552.75,1
2553.0,0
2553.25,1
2553.5,0
2554.0,1
2558.75,0
2559.0,1
2560.0,0
2560.25,1
2560.75,0
2564.5,1
2564.75,0
2574.0,1
2574.25,0
2574.5,1
2574.75,0
2577.25,1
2577.75,0
2578.0,1
2578.5,0
2578.75,1
2579.75,0
2580.25,1
2580.5,0
2580.75,1
2581.25,0
2581.5,1
2582.0,0
2582.25,1
2584.0,0
2584.25,1
2585.0,0
2598.25,1
2598.5,0
2598.75,1
2599.25,0
2601.0,1
2601.5,0
2601.75,1
2605.25,0
2605.5,1
2605.75,0
2606.25,1
2606.5,0
2606.75,1
2607.75,0
2608.0,1
2608.5,0
2608.75,1
2609.25,0
2622.5,1
2622.75,0
2623.25,1
2623.75,0
2624.0,1
2624.25,0
2625.0,1
2625.5,0
2626.0,1
2627.75,0
2628.5,1
2628.75,0
2629.0,1
2630.75,0
2631.0,1
2632.0,0
2632.25,1
2633.25,0
2638.0,1
2638.25,0
2646.0,1
2646.25,0
2648.0,1
2648.25,0
2648.5,1
2649.0,0
2649.25,1
2651.0,0
2651.25,1
2651.75,0
2652.25,1
2654.5,0
2655.0,1
2656.75,0
2657.0,1
2657.25,0
2661.5,1
2661.75,0
2718.0,1
2718.25,0
2720.0,1
2720.25,0
2720.5,1
2720.75,0
2721.25,1
2724.0,0
2724.25,1
2725.75,0
2726.5,1
2727.0,0
2727.25,1
2729.0,0
2729.25,1
2729.5,0
2743.0,1
2743.25,0
2744.25,1
2744.5,0
2745.0,1
2745.25,0
2745.5,1
2745.75,0
2746.25,1
2746.5,0
2746.75,1
2747.5,0
2748.0,1
2748.25,0
2748.5,1
2749.0,0
2749.25,1
2749.5,0
2749.75,1
2751.5,0
2751.75,1
2752.75,0
2753.0,1
2753.25,0
2759.0,1
2759.25,0
2765.75,1
2766.0,0
2766.25,1
2766.5,0
2769.25,1
2771.25,0
2771.5,1
2773.0,0
2773.25,1
2775.0,0
2775.5,1
2777.0,0
2777.25,1
2777.5,0
2792.75,1
2793.0,0
2793.25,1
2793.75,0
2794.0,1
2794.25,0
2794.5,1
2796.5,0
2796.75,1
2797.25,0
2797.5,1
2799.25,0
2799.75,1
2801.0,0
2805.75,1
2806.0,0
2816.25,1
2816.5,0
2817.5,1
2818.0,0
2818.25,1
2819.75,0
2820.0,1
2820.25,0
2820.5,1
2820.75,0
2821.0,1
2821.5,0
2822.25,1
2823.75,0
2824.0,1
2825.25,0
2887.75,1
2888.0,0
2889.25,1
2889.75,0
2890.0,1
2892.0,0
2892.25,1
2893.25,0
2893.5,1
2893.75,0
2894.25,1
2897.25,0
2912.25,1
2912.5,0
2912.75,1
2913.25,0
2913.5,1
2914.5,0
2915.0,1
2915.75,0
2916.0,1
2916.75,0
2917.0,1
2917.25,0
2917.5,1
2917.75,0
2918.5,1
2920.25,0
2920.5,1
2921.0,0
2924.0,1
2924.25,0
2925.0,1
2925.25,0
2935.25,1
2936.0,0
2937.25,1
2938.0,0
2938.5,1
2938.75,0
2939.0,1
2939.5,0
2939.75,1
2941.0,0
2941.25,1
2942.0,0
2942.25,1
2945.25,0
2958.25,1
2958.75,0
2960.75,1
2961.25,0
2961.75,1
2962.0,0
2962.25,1
2965.5,0
2965.75,1
2966.75,0
2967.0,1
2968.75,0
2974.0,1
2974.25,0
2982.5,1
2982.75,0
2984.75,1
2985.0,0
2985.5,1
2986.75,0
2987.0,1
2988.75,0
2989.25,1
2992.0,0
2992.25,1
2993.0,0
2993.25,1
2993.5,0
2996.25,1
2996.75,0
3056.25,1
3056.5,0
3056.75,1
3057.25,0
3057.5,1
3058.0,0
3058.25,1
3058.5,0
3058.75,1
3059.0,0
3059.25,1
3060.0,0
3060.75,1
3061.25,0
3061.5,1
3062.25,0
3062.75,1
3063.25,0
3063.75,1
3064.75,0
3065.25,1
3065.75,0
3071.0,1
3071.25,0
3081.0,1
3084.5,0
3084.75,1
3085.25,0
3085.5,1
3087.75,0
3088.75,1
3089.25,0
3089.5,1
3089.75,0
3091.75,1
3092.0,0
3092.75,1
3093.0,0
3094.0,1
3094.25,0
3102.75,1
3103.0,0
3103.25,1
3103.5,0
3105.5,1
3105.75,0
3106.0,1
3112.75,0
3116.5,1
3116.75,0
3117.25,1
3117.5,0
3126.75,1
3127.0,0
3127.25,1
3127.5,0
3128.25,1
3129.0,0
3129.25,1
3131.5,0
3131.75,1
3132.75,0
3133.0,1
3133.75,0
3134.0,1
3134.75,0
3135.0,1
3136.75,0
3137.0,1
3137.25,0
3140.0,1
3140.25,0
3153.0,1
3153.25,0
3153.5,1
3154.0,0
3154.25,1
3155.25,0
3155.5,1
3155.75,0
3156.0,1
3156.25,0
3156.5,1
3158.0,0
3158.25,1
3160.25,0
3160.5,1
3161.0,0
3225.0,1
3227.75,0
3228.5,1
3229.5,0
3229.75,1
3230.25,0
3230.5,1
3230.75,0
3231.0,1
3231.75,0
3232.0,1
3232.75,0
3233.0,1
3233.25,0
3237.0,1
3237.25,0
3247.0,1
3247.5,0
3248.75,1
3249.0,0
3249.25,1
3249.75,0
3250.0,1
3250.5,0
3251.25,1
3253.25,0
3253.75,1
3257.0,0
3261.0,1
3261.25,0
3261.5,1
3261.75,0
3271.0,1
3271.25,0
3273.0,1
3273.25,0
3273.5,1
3274.5,0
3274.75,1
3275.25,0
3275.5,1
3275.75,0
3276.0,1
3277.25,0
3277.75,1
3278.0,0
3278.25,1
3280.0,0
3280.5,1
3280.75,0
3281.0,1
3281.25,0
3286.0,1
3286.25,0
3297.0,1
3297.75,0
3298.0,1
3298.5,0
3298.75,1
3300.5,0
3300.75,1
3301.25,0
3301.5,1
3304.25,0
3304.5,1
3304.75,0
3305.25,1
3305.75,0
3309.0,1
3309.25,0
3317.75,1
3318.0,0
3318.25,1
3318.5,0
3320.0,1
3320.25,0
3321.0,1
3321.5,0
3321.75,1
3323.5,0
3323.75,1
3324.25,0
3324.75,1
3326.0,0
3326.25,1
3327.0,0
3327.25,1
3327.5,0
3327.75,1
3328.5,0
3328.75,1
3329.0,0
3391.5,1
3391.75,0
3392.75,1
3394.5,0
3394.75,1
3395.25,0
3395.5,1
3396.25,0
3396.75,1
3397.25,0
3397.5,1
3398.0,0
3398.25,1
3398.5,0
3399.0,1
3400.5,0
3401.75,1
3402.0,0
3415.25,1
3415.5,0
3415.75,1
3416.0,0
3417.0,1
3417.25,0
3417.5,1
3419.25,0
3419.5,1
3421.25,0
3421.75,1
3423.0,0
3423.25,1
3424.25,0
3424.5,1
3425.25,0
3441.0,1
3441.25,0
3441.5,1
3442.5,0
3443.0,1
3444.0,0
3444.25,1
3444.75,0
3445.0,1
3445.75,0
3446.75,1
3447.5,0
3447.75,1
3448.0,0
3448.25,1
3448.75,0
3449.25,1
3449.5,0
3462.25,1
3462.5,0
3462.75,1
3463.0,0
3465.75,1
3467.0,0
3467.25,1
3467.5,0
3468.0,1
3468.25,0
3468.75,1
3469.75,0
3470.0,1
3471.25,0
3471.5,1
3472.0,0
3472.25,1
3472.75,0
3473.25,1
3473.5,0
3487.25,1
3487.75,0
3489.0,1
3490.75,0
3491.0,1
3493.0,0
3493.25,1
3494.5,0
3495.25,1
3496.0,0
3497.25,1
3497.5,0
3498.0,1
3498.25,0
3501.25,1
3501.5,0
3558.25,1
3558.5,0
3560.75,1
3562.25,0
3562.5,1
3564.0,0
3564.5,1
3567.25,0
3568.5,1
3569.0,0
3569.25,1
3569.75,0
3609.25,1
3610.5,0
3610.75,1
3612.0,0
3612.25,1
3614.25,0
3614.75,1
3615.5,0
3615.75,1
3616.0,0
3616.25,1
3616.75,0
3620.0,1
3620.25,0
3622.25,1
3622.5,0
3630.75,1
3631.0,0
3633.0,1
3633.25,0
3633.5,1
3633.75,0
3634.0,1
3636.0,0
3636.25,1
3638.25,0
3638.5,1
3638.75,0
3639.25,1
3640.5,0
3657.0,1
3657.5,0
3657.75,1
3658.25,0
3658.5,1
3659.25,0
3659.5,1
3661.5,0
3662.0,1
3663.75,0
3664.0,1
3664.25,0
3664.5,1
3665.0,0
3665.75,1
3666.0,0
3669.0,1
3669.25,0
3726.25,1
3726.5,0
3728.0,1
3728.25,0
3728.75,1
3729.0,0
3729.25,1
3732.5,0
3732.75,1
3733.25,0
3733.75,1
3734.75,0
3735.0,1
3737.25,0
3750.0,1
3750.25,0
3753.25,1
3754.5,0
3754.75,1
3755.5,0
3755.75,1
3757.25,0
3757.5,1
3759.25,0
3759.5,1
3760.5,0
3760.75,1
3761.5,0
3764.5,1
3764.75,0
3776.75,1
3777.0,0
3777.75,1
3778.25,0
3778.5,1
3779.0,0
3779.5,1
3780.5,0
3780.75,1
3781.25,0
3781.75,1
3782.25,0
3782.5,1
3783.25,0
3783.5,1
3784.0,0
3784.25,1
3784.75,0
3785.0,1
3785.5,0
3799.0,1
3799.5,0
3800.75,1
3801.25,0
3801.5,1
3802.0,0
3802.25,1
3802.75,0
3803.25,1
3805.0,0
3805.25,1
3805.75,0
3806.0,1
3806.75,0
3807.0,1
3809.25,0
3825.0,1
3825.25,0
3825.75,1
3826.0,0
3826.25,1
3829.5,0
3829.75,1
3830.0,0
3830.25,1
3831.0,0
3831.25,1
3831.5,0
3831.75,1
3833.0,0
3833.75,1
3834.0,0
3897.25,1
3900.5,0
3901.0,1
3901.25,0
3901.5,1
3902.25,0
3902.5,1
3903.0,0
3903.25,1
3903.75,0
3904.0,1
3905.0,0
3909.5,1
3909.75,0
3920.75,1
3921.0,0
3921.25,1
3921.75,0
3922.25,1
3924.0,0
3924.25,1
3924.5,0
3924.75,1
3925.0,0
3925.25,1
3926.0,0
3926.25,1
3928.25,0
3928.75,1
3929.0,0
3945.0,1
3946.25,0
3946.5,1
3947.25,0
3947.5,1
3949.75,0
3950.0,1
3950.5,0
3951.25,1
3951.5,0
3952.0,1
3952.5,0
3952.75,1
3953.5,0
3956.0,1
3956.25,0
3967.25,1
3967.75,0
3969.25,1
3971.75,0
3972.0,1
3972.75,0
3973.0,1
3973.5,0
3973.75,1
3974.0,0
3974.5,1
3974.75,0
3975.5,1
3975.75,0
3976.0,1
3976.5,0
3977.5,1
3977.75,0
3992.75,1
3993.0,0
3993.5,1
3994.75,0
3995.0,1
3999.75,0
4000.0,1
4000.25,0
4000.5,1
4001.25,0
4062.75,1
4063.0,0
4064.5,1
4064.75,0
4065.5,1
4066.0,0
4066.25,1
4066.5,0
4066.75,1
4067.25,0
4067.5,1
4068.25,0
4068.5,1
4069.0,0
4069.25,1
4070.0,0
4070.75,1
4071.5,0
4071.75,1
4072.75,0
4073.0,1
4073.25,0
4076.75,1
4077.0,0
4085.75,1
4086.0,0
4087.75,1
4088.0,0
4088.75,1
4089.0,0
4089.5,1
4089.75,0
4090.0,1
4090.25,0
4090.5,1
4092.0,0
4092.25,1
4093.5,0
4093.75,1
4094.0,0
4094.25,1
4097.0,0
4097.25,1
4097.5,0
4110.0,1
4110.25,0
4111.0,1
4111.5,0
4113.25,1
4113.75,0
4114.0,1
4115.0,0
4115.25,1
4116.25,0
4116.5,1
4118.25,0
4118.5,1
4119.25,0
4119.5,1
4121.25,0
4125.5,1
4125.75,0
4134.25,1
4135.0,0
4135.5,1
4135.75,0
4137.25,1
4139.0,0
4139.5,1
4140.0,0
4140.25,1
4141.0,0
4141.25,1
4142.25,0
4142.5,1
4145.0,0
4145.25,1
4145.5,0
4148.0,1
4148.25,0
4148.5,1
4148.75,0
4157.0,1
4157.25,0
4160.75,1
4161.0,0
4161.25,1
4161.5,0
4161.75,1
4162.25,0
4163.0,1
4165.5,0
4165.75,1
4166.75,0
4167.25,1
4168.5,0
4168.75,1
4169.25,0
4232.5,1
4232.75,0
4233.0,1
4233.25,0
4233.5,1
4234.0,0
4234.25,1
4236.5,0
4237.0,1
4237.25,0
4237.5,1
4237.75,0
4238.0,1
4238.5,0
4238.75,1
4239.5,0
4239.75,1
4240.75,0
4241.0,1
4241.5,0
4256.75,1
4257.0,0
4257.25,1
4259.25,0
4259.75,1
4261.25,0
4261.75,1
4262.0,0
4262.25,1
4262.75,0
4263.25,1
4264.25,0
4264.5,1
4265.25,0
4265.75,1
4266.0,0
4269.5,1
4269.75,0
4278.25,1
4278.5,0
4280.75,1
4281.25,0
4281.5,1
4283.75,0
4284.0,1
4284.25,0
4284.5,1
4287.25,0
4287.5,1
4288.0,0
4288.25,1
4288.75,0
4289.25,1
4289.5,0
4302.75,1
4303.25,0
4304.75,1
4307.25,0
4307.5,1
4308.5,0
4308.75,1
4311.0,0
4311.25,1
4312.5,0
4312.75,1
4313.25,0
4326.25,1
4326.5,0
4329.25,1
4330.0,0
4330.25,1
4331.25,0
4331.5,1
4331.75,0
4332.25,1
4332.75,0
4333.0,1
4333.5,0
4333.75,1
4335.75,0
4336.0,1
4337.0,0
4401.0,1
4404.0,0
4404.25,1
4406.25,0
4406.5,1
4407.0,0
4407.25,1
4409.0,0
4409.75,1
4410.0,0
4446.5,1
4446.75,0
4448.5,1
4448.75,0
4449.5,1
4449.75,0
4450.0,1
4450.25,0
4450.5,1
4451.25,0
4451.5,1
4452.5,0
4452.75,1
4453.0,0
4453.25,1
4453.75,0
4454.0,1
4455.0,0
4455.25,1
4456.75,0
4460.25,1
4460.75,0
4471.0,1
4471.25,0
4472.75,1
4473.0,0
4473.25,1
4476.75,0
4477.25,1
4477.75,0
4478.0,1
4479.5,0
4479.75,1
4481.5,0
4481.75,1
4482.0,0
4494.75,1
4495.0,0
4495.75,1
4496.0,0
4496.5,1
4498.0,0
4498.25,1
4498.5,0
4498.75,1
4499.5,0
4499.75,1
4500.25,0
4500.75,1
4501.0,0
4501.25,1
4502.0,0
4502.5,1
4504.0,0
4504.5,1
4505.5,0
4509.75,1
4510.0,0
4569.25,1
4570.75,0
4571.0,1
4571.25,0
4571.75,1
4573.75,0
4574.0,1
4574.25,0
4574.5,1
4575.75,0
4576.25,1
4576.5,0
4577.0,1
4577.25,0
4577.75,1
4578.0,0
4580.5,1
4580.75,0
4581.5,1
4581.75,0
4591.0,1
4591.25,0
4592.5,1
4593.0,0
4593.5,1
4593.75,0
4594.0,1
4597.75,0
4598.0,1
4598.25,0
4598.5,1
4599.5,0
4599.75,1
4601.0,0
4601.25,1
4601.5,0
4604.25,1
4604.5,0
4604.75,1
4605.0,0
4617.25,1
4617.5,0
4617.75,1
4618.0,0
4618.25,1
4618.5,0
4618.75,1
4619.75,0
4620.25,1
4622.0,0
4622.25,1
4625.25,0
4638.25,1
4638.5,0
4640.0,1
4640.25,0
4641.0,1
4641.5,0
4642.0,1
4645.75,0
4646.0,1
4646.5,0
4646.75,1
4647.0,0
4647.25,1
4648.75,0
4663.0,1
4663.25,0
4664.5,1
4664.75,0
4665.25,1
4666.5,0
4666.75,1
4672.25,0
4672.5,1
4672.75,0
4737.25,1
4738.75,0
4739.0,1
4739.25,0
4739.75,1
4740.0,0
4740.5,1
4742.0,0
4742.5,1
4745.25,0
4745.5,1
4745.75,0
4758.5,1
4758.75,0
4759.5,1
4759.75,0
4761.25,1
4763.0,0
4763.5,1
4765.0,0
4765.25,1
4765.75,0
4766.0,1
4767.5,0
4767.75,1
4768.25,0
4768.5,1
4768.75,0
4784.75,1
4786.25,0
4786.5,1
4786.75,0
4787.5,1
4789.0,0
4789.25,1
4791.75,0
4792.25,1
4792.75,0
4806.0,1
4806.25,0
4808.0,1
4808.25,0
4809.25,1
4810.0,0
4810.25,1
4812.5,0
4813.25,1
4813.75,0
4814.0,1
4815.0,0
4815.25,1
4815.75,0
4816.0,1
4816.25,0
4817.0,1
4817.25,0
4817.5,1
4817.75,0
4821.25,1
4821.5,0
4830.25,1
4830.5,0
4833.0,1
4833.5,0
4834.0,1
4834.25,0
4834.5,1
4836.0,0
4836.5,1
4836.75,0
4837.0,1
4837.75,0
4838.0,1
4838.75,0
4839.25,1
4839.5,0
4840.0,1
4841.0,0
4844.5,1
4844.75,0
4845.25,1
4845.5,0
4904.0,1
4904.75,0
4905.0,1
4905.25,0
4905.75,1
4906.5,0
4906.75,1
4907.75,0
4908.0,1
4909.25,0
4909.75,1
4910.0,0
4910.25,1
4911.0,0
4911.25,1
4912.75,0
4927.0,1
4927.25,0
4928.75,1
4929.25,0
4929.5,1
4929.75,0
4930.0,1
4931.0,0
4931.25,1
4931.5,0
4931.75,1
4932.25,0
4932.5,1
4932.75,0
4933.0,1
4935.0,0
4935.25,1
4936.0,0
4950.5,1
4950.75,0
4951.5,1
4951.75,0
4953.0,1
4954.25,0
4954.5,1
4954.75,0
4955.0,1
4955.25,0
4955.5,1
4959.0,0
4959.25,1
4960.5,0
4961.0,1
4961.25,0
4966.5,1
4966.75,0
4976.75,1
4979.5,0
4980.0,1
4981.25,0
4981.5,1
4982.5,0
4982.75,1
4985.0,0
4988.0,1
4988.25,0
5000.75,1
5001.0,0
5001.25,1
5004.75,0
5005.0,1
5006.25,0
5006.75,1
5009.0,0
5012.5,1
5012.75,0
5072.25,1
5072.5,0
5073.25,1
5074.25,0
5074.5,1
5077.25,0
5077.5,1
5078.25,0
5078.5,1
5079.0,0
5079.25,1
5080.25,0
5080.5,1
5080.75,0
5081.0,1
5081.25,0
5083.5,1
5083.75,0
5085.5,1
5085.75,0
5095.5,1
5095.75,0
5097.25,1
5098.5,0
5098.75,1
5099.5,0
5099.75,1
5100.75,0
5101.0,1
5101.5,0
5101.75,1
5104.0,0
5104.5,1
5105.25,0
5105.5,1
5105.75,0
5108.75,1
5109.0,0
5110.75,1
5111.0,0
5119.0,1
5119.25,0
5120.75,1
5121.0,0
5121.5,1
5123.0,0
5123.25,1
5125.25,0
5125.75,1
5126.0,0
5126.5,1
5128.25,0
5128.5,1
5129.25,0
5131.75,1
5132.25,0
5144.75,1
5145.5,0
5145.75,1
5146.25,0
5146.5,1
5147.25,0
5147.5,1
5148.0,0
5148.5,1
5152.75,0
5166.0,1
5166.25,0
5167.75,1
5168.0,0
5168.5,1
5169.75,0
5170.0,1
5171.0,0
5171.5,1
5172.75,0
5173.0,1
5173.5,0
5173.75,1
5174.0,0
5174.5,1
5176.0,0
5176.25,1
5177.0,0
5241.0,1
5241.75,0
5242.25,1
5245.0,0
5245.25,1
5246.5,0
5247.0,1
5248.5,0
5249.0,1
5249.25,0
5264.5,1
5264.75,0
5265.25,1
5265.5,0
5265.75,1
5266.25,0
5266.5,1
5267.0,0
5267.25,1
5267.75,0
5268.0,1
5269.25,0
5269.5,1
5270.75,0
5271.0,1
5271.25,0
5271.5,1
5273.0,0
5275.0,1
5275.25,0
5288.75,1
5289.5,0
5289.75,1
5291.25,0
5291.5,1
5292.25,0
5292.5,1
5293.25,0
5294.0,1
5294.25,0
5294.5,1
5295.5,0
5295.75,1
5297.5,0
5297.75,1
5298.0,0
5301.5,1
5301.75,0
5310.75,1
5311.0,0
5313.5,1
5316.0,0
5316.75,1
5320.25,0
5320.5,1
5321.5,0
5335.75,1
5336.25,0
5336.5,1
5338.75,0
5339.0,1
5341.0,0
5341.75,1
5342.0,0
5342.25,1
5342.5,0
5342.75,1
5344.0,0
5344.25,1
5345.0,0
5345.25,1
5345.5,0
5408.0,1
5408.25,0
5408.5,1
5408.75,0
5409.0,1
5409.75,0
5410.25,1
5412.5,0
5412.75,1
5413.0,0
5413.25,1
5413.5,0
5413.75,1
5414.5,0
5414.75,1
5415.0,0
5415.25,1
5417.25,0
5417.5,1
5417.75,0
5432.0,1
5432.25,0
5433.0,1
5434.0,0
5434.25,1
5434.5,0
5434.75,1
5436.0,0
5436.5,1
5437.0,0
5437.25,1
5438.0,0
5438.25,1
5438.75,0
5439.25,1
5439.5,0
5439.75,1
5441.0,0
5455.5,1
5456.0,0
5457.0,1
5458.25,0
5458.5,1
5459.0,0
5459.25,1
5460.25,0
5460.5,1
5463.25,0
5464.5,1
5465.25,0
5480.0,1
5480.25,0
5481.0,1
5481.5,0
5481.75,1
5483.5,0
5484.25,1
5484.5,0
5484.75,1
5485.0,0
5485.5,1
5485.75,0
5486.0,1
5487.0,0
5487.5,1
5488.0,0
5488.25,1
5489.0,0
5492.75,1
5493.0,0
5493.25,1
5493.5,0
5494.0,1
5494.25,0
5502.75,1
5503.0,0
5504.75,1
5505.0,0
5505.25,1
5507.5,0
5507.75,1
5509.0,0
5509.25,1
5509.5,0
5509.75,1
5510.0,0
5510.5,1
5512.5,0
5512.75,1
5513.25,0
5516.75,1
5517.0,0
5517.25,1
5517.5,0
5576.5,1
5577.0,0
5577.5,1
5578.5,0
5578.75,1
5579.0,0
5579.25,1
5580.25,0
5580.5,1
5580.75,0
5581.25,1
5582.25,0
5582.5,1
5583.0,0
5583.25,1
5584.25,0
5585.0,1
5585.5,0
5600.0,1
5600.75,0
5601.25,1
5604.5,0
5604.75,1
5605.25,0
5605.75,1
5606.5,0
5607.0,1
5607.25,0
5607.5,1
5609.0,0
5609.25,1
5609.5,0
5623.5,1
5623.75,0
5625.0,1
5625.25,0
5625.5,1
5626.25,0
5626.5,1
5627.0,0
5627.25,1
5628.0,0
5628.5,1
5629.25,0
5629.5,1
5630.5,0
5630.75,1
5632.25,0
5646.25,1
5646.5,0
5648.5,1
5652.0,0
5652.25,1
5654.0,0
5654.25,1
5655.0,0
5655.25,1
5658.0,0
5669.5,1
5669.75,0
5673.5,1
5674.0,0
5674.25,1
5676.0,0
5676.25,1
5677.25,0
5677.5,1
5678.0,0
5678.25,1
5678.5,0
5678.75,1
5679.5,0
5679.75,1
5680.0,0
5680.25,1
5681.75,0
5682.0,1
5682.25,0
5741.5,1
5742.0,0
5742.25,1
5742.5,0
5744.75,1
5745.25,0
5745.5,1
5748.5,0
5748.75,1
5751.0,0
5751.25,1
5751.5,0
5751.75,1
5753.25,0
5755.25,1
5755.5,0
5768.0,1
5768.25,0
5769.0,1
5769.75,0
5770.25,1
5770.5,0
5770.75,1
5771.25,0
5771.5,1
5772.0,0
5772.25,1
5774.0,0
5774.25,1
5775.75,0
5776.5,1
5777.0,0
5791.25,1
5791.5,0
5793.0,1
5793.25,0
5794.0,1
5794.5,0
5794.75,1
5795.5,0
5795.75,1
5796.5,0
5796.75,1
5797.25,0
5798.0,1
5798.75,0
5799.0,1
5799.5,0
5800.0,1
5800.25,0
5800.5,1
5800.75,0
5804.75,1
5805.0,0
5815.0,1
5815.25,0
5817.0,1
5817.25,0
5817.5,1
5819.75,0
5820.25,1
5822.0,0
5822.25,1
5822.75,0
5823.0,1
5823.25,0
5823.5,1
5823.75,0
5824.0,1
5824.5,0
5825.0,1
5825.25,0
5825.5,1
5825.75,0
5826.25,1
5826.5,0
5838.5,1
5839.0,0
5840.5,1
5841.75,0
5842.25,1
5844.25,0
5844.75,1
5845.25,0
5846.0,1
5846.5,0
5846.75,1
5847.0,0
5847.25,1
5849.0,0
5855.0,1
5855.25,0
5908.75,1
5909.0,0
5910.0,1
5910.5,0
5912.0,1
5912.5,0
5913.25,1
5913.75,0
5914.25,1
5915.0,0
5915.25,1
5916.25,0
5916.5,1
5916.75,0
5918.25,1
5920.0,0
5920.25,1
5921.25,0
5959.25,1
5959.5,0
5960.5,1
5960.75,0
5961.25,1
5962.0,0
5962.25,1
5963.75,0
5964.25,1
5965.0,0
5965.25,1
5965.75,0
5966.25,1
5966.5,0
5966.75,1
5968.0,0
5968.25,1
5968.75,0
5969.0,1
5969.5,0
5982.75,1
5983.5,0
5983.75,1
5984.0,0
5984.75,1
5985.25,0
5985.5,1
5986.5,0
5986.75,1
5988.5,0
5988.75,1
5990.25,0
5990.5,1
5991.5,0
5991.75,1
5992.75,0
5993.25,1
5993.5,0
6006.5,1
6006.75,0
6009.0,1
6010.75,0
6011.0,1
6012.0,0
6012.25,1
6013.75,0
6014.0,1
6014.25,0
6014.5,1
6015.0,0
6015.75,1
6017.0,0
6022.0,1
6022.25,0
6080.25,1
6081.0,0
6081.5,1
6082.5,0
6082.75,1
6083.25,0
6083.5,1
6084.25,0
6084.5,1
6085.5,0
6086.25,1
6089.25,0
6103.75,1
6104.25,0
6104.75,1
6105.0,0
6105.5,1
6107.0,0
6107.25,1
6107.5,0
6107.75,1
6109.5,0
6109.75,1
6110.25,0
6110.75,1
6111.25,0
6111.5,1
6112.5,0
6113.0,1
6113.25,0
6127.75,1
6128.0,0
6129.5,1
6130.5,0
6130.75,1
6131.5,0
6131.75,1
6132.75,0
6133.75,1
6134.0,0
6134.25,1
6134.5,0
6134.75,1
6135.5,0
6135.75,1
6137.25,0
6150.25,1
6150.5,0
6152.0,1
6152.25,0
6152.5,1
6153.25,0
6153.75,1
6155.5,0
6155.75,1
6157.5,0
6158.25,1
6158.75,0
6159.0,1
6161.25,0
6176.75,1
6178.0,0
6178.25,1
6179.5,0
6179.75,1
6180.25,0
6180.5,1
6180.75,0
6181.0,1
6181.5,0
6182.0,1
6184.75,0
6189.0,1
6189.25,0
6246.5,1
6247.0,0
6248.5,1
6248.75,0
6249.25,1
6249.75,0
6250.0,1
6252.25,0
6252.5,1
6252.75,0
6253.0,1
6253.25,0
6253.5,1
6253.75,0
6254.0,1
6254.25,0
6254.5,1
6256.75,0
6257.25,1
6257.5,0
6270.75,1
6271.0,0
6271.75,1
6272.0,0
6272.75,1
6273.5,0
6273.75,1
6275.25,0
6275.5,1
6276.75,0
6277.0,1
6277.5,0
6277.75,1
6279.0,0
6279.25,1
6280.0,0
6280.25,1
6281.5,0
6295.0,1
6295.25,0
6296.5,1
6296.75,0
6297.0,1
6297.5,0
6298.0,1
6298.25,0
6298.5,1
6299.5,0
6299.75,1
6300.0,0
6300.25,1
6301.75,0
6302.0,1
6304.25,0
6304.5,1
6305.25,0
6318.75,1
6319.25,0
6319.75,1
6320.0,0
6320.75,1
6322.0,0
6322.25,1
6322.75,0
6323.0,1
6326.0,0
6326.5,1
6328.0,0
6328.25,1
6328.5,0
6342.25,1
6342.5,0
6343.0,1
6343.25,0
6343.5,1
6343.75,0
6344.0,1
6344.25,0
6345.0,1
6345.5,0
6346.0,1
6347.0,0
6347.75,1
6348.0,0
6348.25,1
6348.75,0
6349.0,1
6349.25,0
6349.5,1
6352.75,0
6353.0,1
6353.25,0
6417.5,1
6419.5,0
6419.75,1
6420.0,0
6420.25,1
6422.25,0
6422.5,1
6422.75,0
6423.0,1
6424.25,0
6424.5,1
6425.5,0
6439.25,1
6439.5,0
6440.5,1
6440.75,0
6441.25,1
6441.5,0
6442.0,1
6442.25,0
6442.5,1
6444.25,0
6444.5,1
6446.0,0
6446.5,1
6447.0,0
6447.25,1
6448.0,0
6448.25,1
6449.5,0
6453.0,1
6453.25,0
6462.0,1
6462.25,0
6464.75,1
6465.0,0
6465.25,1
6466.0,0
6466.25,1
6467.0,0
6467.25,1
6468.5,0
6468.75,1
6469.75,0
6470.0,1
6471.0,0
6471.25,1
6471.5,0
6471.75,1
6473.0,0
6477.0,1
6477.25,0
6488.5,1
6488.75,0
6489.0,1
6489.25,0
6489.5,1
6490.0,0
6490.25,1
6493.75,0
6494.0,1
6495.5,0
6495.75,1
6496.5,0
6496.75,1
6497.0,0
6502.75,1
6503.0,0
6509.75,1
6510.0,0
6513.5,1
6514.5,0
6514.75,1
6515.0,0
6515.25,1
6517.5,0
6518.25,1
6518.75,0
6519.25,1
6521.0,0
6521.75,1
6522.0,0
6582.25,1
6582.5,0
6583.25,1
6583.5,0
6584.25,1
6584.5,0
6584.75,1
6585.25,0
6585.5,1
6586.25,0
6586.5,1
6586.75,0
6587.0,1
6587.25,0
6587.5,1
6587.75,0
6588.0,1
6588.5,0
6588.75,1
6591.25,0
6591.75,1
6592.0,0
6592.25,1
6593.25,0
6608.25,1
6608.5,0
6609.0,1
6609.25,0
6609.5,1
6609.75,0
6610.0,1
6610.5,0
6610.75,1
6611.0,0
6611.25,1
6611.75,0
6612.0,1
6616.5,0
6616.75,1
6617.25,0
6620.75,1
6621.0,0
6631.5,1
6631.75,0
6632.25,1
6632.5,0
6633.25,1
6634.25,0
6634.75,1
6635.25,0
6635.5,1
6637.25,0
6637.5,1
6638.75,0
6639.0,1
6639.25,0
6639.5,1
6641.5,0
6645.25,1
6645.5,0
6657.5,1
6658.75,0
6659.25,1
6659.5,0
6659.75,1
6660.75,0
6661.0,1
6661.25,0
6661.5,1
6661.75,0
6662.25,1
6662.5,0
6662.75,1
6665.25,0
6665.5,1
6665.75,0
6678.75,1
6679.5,0
6681.25,1
6682.25,0
6682.5,1
6684.5,0
6685.0,1
6686.0,0
6686.25,1
6687.5,0
6687.75,1
6688.5,0
6688.75,1
6689.25,0
6691.25,1
6691.5,0
6750.75,1
6751.0,0
6751.75,1
6752.0,0
6752.75,1
6753.0,0
6753.25,1
6753.75,0
6754.0,1
6754.25,0
6754.75,1
6757.0,0
6757.25,1
6758.0,0
6758.25,1
6761.25,0
6799.25,1
6799.5,0
6801.0,1
6802.5,0
6802.75,1
6804.0,0
6804.25,1
6805.0,0
6805.5,1
6806.25,0
6806.5,1
6807.0,0
6807.25,1
6809.0,0
6812.0,1
6812.25,0
6813.25,1
6813.5,0
6823.0,1
6823.25,0
6824.25,1
6824.5,0
6825.5,1
6826.25,0
6826.5,1
6827.5,0
6827.75,1
6828.0,0
6828.25,1
6828.5,0
6828.75,1
6829.5,0
6829.75,1
6830.0,0
6830.25,1
6830.5,0
6831.0,1
6833.5,0
6849.25,1
6849.5,0
6849.75,1
6850.25,0
6850.5,1
6852.0,0
6852.25,1
6852.75,0
6853.0,1
6855.0,0
6855.5,1
6856.25,0
6856.5,1
6857.0,0
6857.25,1
6857.5,0
6861.75,1
6862.0,0
6918.75,1
6919.0,0
6919.25,1
6919.5,0
6920.5,1
6921.0,0
6921.75,1
6923.0,0
6923.25,1
6925.0,0
6925.25,1
6925.5,0
6925.75,1
6927.75,0
6928.0,1
6929.25,0
6932.25,1
6932.5,0
6944.75,1
6945.0,0
6945.75,1
6946.75,0
6947.0,1
6947.5,0
6947.75,1
6949.5,0
6949.75,1
6950.25,0
6951.5,1
6953.0,0
6953.5,1
6953.75,0
6957.75,1
6958.0,0
6967.25,1
6967.5,0
6968.75,1
6970.75,0
6971.0,1
6973.0,0
6973.5,1
6973.75,0
6974.0,1
6974.5,0
6974.75,1
6976.25,0
6976.5,1
6977.0,0
6981.0,1
6981.25,0
6991.25,1
6991.5,0
6991.75,1
6992.0,0
6992.75,1
6993.0,0
6993.25,1
6994.25,0
6994.5,1
6994.75,0
6995.0,1
6997.75,0
6998.25,1
6998.75,0
6999.5,1
7000.75,0
7001.0,1
7001.25,0
7001.5,1
7001.75,0
7016.75,1
7017.75,0
7018.25,1
7018.5,0
7018.75,1
7019.0,0
7019.5,1
7019.75,0
7020.0,1
7021.0,0
7021.25,1
7021.5,0
7021.75,1
7025.25,0
7025.75,1
7026.0,0
7086.75,1
7087.0,0
7089.25,1
7089.75,0
7090.0,1
7093.75,0
7094.0,1
7094.5,0
7094.75,1
7095.25,0
7095.5,1
7096.0,0
7096.25,1
7097.0,0
7097.25,1
7097.5,0
7110.5,1
7110.75,0
7113.0,1
7113.5,0
7114.0,1
7115.25,0
7115.5,1
7117.5,0
7117.75,1
7118.25,0
7118.5,1
7118.75,0
7119.0,1
7121.25,0
7136.75,1
7137.25,0
7137.5,1
7139.5,0
7139.75,1
7140.25,0
7140.5,1
7141.0,0
7141.25,1
7142.75,0
7143.0,1
7144.5,0
7145.25,1
7145.5,0
7149.5,1
7149.75,0
7161.0,1
7162.5,0
7162.75,1
7163.0,0
7163.25,1
7163.75,0
7164.0,1
7167.0,0
7167.5,1
7167.75,0
7168.25,1
7168.5,0
7169.0,1
7169.25,0
7184.25,1
7184.5,0
7184.75,1
7185.0,0
7185.25,1
7185.5,0
7185.75,1
7187.25,0
7187.5,1
7188.75,0
7189.25,1
7189.75,0
7190.0,1
7190.25,0
7190.5,1
7192.0,0
7192.25,1
7192.75,0
7193.0,1
7193.25,0
7254.0,1
7254.25,0
7254.5,1
7254.75,0
7256.5,1
7257.0,0
7257.25,1
7257.5,0
7257.75,1
7259.5,0
7260.0,1
7261.5,0
7262.0,1
7262.25,0
7262.5,1
7262.75,0
7263.0,1
7263.25,0
7263.5,1
7264.75,0
7265.25,1
7265.75,0
7268.75,1
7269.0,0
7278.75,1
7279.0,0
7279.5,1
7279.75,0
7280.75,1
7281.0,0
7281.25,1
7284.0,0
7284.25,1
7285.0,0
7285.25,1
7287.75,0
7288.25,1
7288.5,0
7288.75,1
7289.0,0
7289.25,1
7289.5,0
7303.75,1
7304.0,0
7304.25,1
7305.0,0
7305.25,1
7305.5,0
7305.75,1
7306.0,0
7306.25,1
7307.5,0
7307.75,1
7308.25,0
7308.75,1
7309.25,0
7309.5,1
7310.25,0
7311.0,1
7311.5,0
7311.75,1
7312.5,0
7312.75,1
7313.5,0
7326.25,1
7326.75,0
7327.0,1
7327.25,0
7328.75,1
7331.75,0
7332.0,1
7333.75,0
7334.0,1
7334.25,0
7334.5,1
7335.0,0
7335.25,1
7335.5,0
7335.75,1
7336.0,0
7336.25,1
7337.0,0
7340.25,1
7340.5,0
7351.75,1
7352.0,0
7353.0,1
7353.25,0
7353.5,1
7356.5,0
7357.0,1
7358.5,0
7358.75,1
7359.25,0
7359.5,1
7361.25,0
7365.0,1
7365.25,0
7423.75,1
7424.25,0
7424.5,1
7424.75,0
7425.25,1
7425.75,0
7426.25,1
7429.25,0
7430.0,1
7431.25,0
7431.5,1
7432.5,0
7432.75,1
7433.5,0
7436.25,1
7436.75,0
7448.25,1
7448.5,0
7449.0,1
7452.25,0
7452.5,1
7453.25,0
7453.5,1
7454.25,0
7455.25,1
7457.0,0
7460.5,1
7460.75,0
7471.0,1
7471.75,0
7472.25,1
7472.5,0
7473.25,1
7474.75,0
7475.25,1
7475.5,0
7476.0,1
7476.75,0
7477.0,1
7478.5,0
7478.75,1
7480.0,0
7480.25,1
7481.25,0
7494.0,1
7494.25,0
7496.75,1
7497.5,0
7497.75,1
7498.0,0
7498.25,1
7498.75,0
7499.25,1
7499.75,0
7500.0,1
7501.0,0
7501.25,1
7501.5,0
7501.75,1
7502.25,0
7502.5,1
7503.25,0
7503.5,1
7503.75,0
7504.25,1
7504.75,0
7509.25,1
7509.5,0
7518.0,1
7518.25,0
7518.5,1
7518.75,0
7520.0,1
7520.25,0
7521.25,1
7521.75,0
7522.0,1
7522.25,0
7523.0,1
7524.5,0
7524.75,1
7525.0,0
7525.25,1
7529.0,0
7591.75,1
7592.0,0
7592.75,1
7593.25,0
7593.5,1
7595.5,0
7595.75,1
7596.5,0
7596.75,1
7598.25,0
7598.75,1
7599.75,0
7600.0,1
7600.25,0
7600.5,1
7601.25,0
7614.25,1
7614.5,0
7616.5,1
7616.75,0
7617.0,1
7617.75,0
7618.0,1
7620.0,0
7620.25,1
7620.5,0
7620.75,1
7621.0,0
7621.25,1
7622.25,0
7622.5,1
7623.5,0
7624.0,1
7625.0,0
7628.5,1
7629.0,0
7629.5,1
7629.75,0
7632.25,1
7632.5,0
7641.25,1
7641.75,0
7642.5,1
7643.75,0
7644.0,1
7644.5,0
7644.75,1
7646.25,0
7646.5,1
7647.0,0
7647.25,1
7647.75,0
7648.0,1
7648.75,0
7649.0,1
7649.25,0
7649.5,1
7649.75,0
7652.0,1
7652.25,0
7664.25,1
7664.5,0
7666.0,1
7667.5,0
7667.75,1
7668.5,0
7668.75,1
7670.25,0
7670.5,1
7673.75,0
7678.0,1
7678.25,0
7686.25,1
7686.5,0
7687.75,1
7688.0,0
7688.25,1
7688.5,0
7689.75,1
7692.25,0
7692.5,1
7693.25,0
7693.5,1
7694.5,0
7694.75,1
7695.5,0
7695.75,1
7696.25,0
7696.5,1
7696.75,0
7700.0,1
7700.25,0
7757.75,1
7758.0,0
7758.5,1
7758.75,0
7759.75,1
7760.0,0
7760.5,1
7760.75,0
7761.25,1
7761.5,0
7761.75,1
7764.25,0
7764.5,1
7764.75,0
7765.0,1
7766.0,0
7766.5,1
7767.75,0
7768.0,1
7768.5,0
7768.75,1
7769.0,0
7769.5,1
7769.75,0
7772.5,1
7772.75,0
7783.0,1
7783.5,0
7784.75,1
7785.0,0
7785.5,1
7788.5,0
7788.75,1
7791.0,0
7791.25,1
7791.5,0
7791.75,1
7792.25,0
7792.5,1
7792.75,0
7793.0,1
7793.5,0
7796.25,1
7796.5,0
7807.75,1
7808.0,0
7808.25,1
7808.5,0
7809.5,1
7809.75,0
7810.0,1
7812.75,0
7813.0,1
7815.5,0
7815.75,1
7816.0,0
7816.25,1
7816.5,0
7821.75,1
7822.0,0
7822.75,1
7823.0,0
7830.5,1
7830.75,0
7831.5,1
7831.75,0
7833.25,1
7833.75,0
7834.0,1
7834.25,0
7834.5,1
7836.0,0
7836.25,1
7840.75,0
7841.25,1
7841.5,0
7926.0,1
7926.25,0
7926.75,1
7927.0,0
7927.25,1
7927.75,0
7928.5,1
7928.75,0
7929.0,1
7929.5,0
7929.75,1
7930.25,0
7930.75,1
7931.25,0
7931.5,1
7932.75,0
7933.0,1
7933.75,0
7934.0,1
7934.25,0
7934.5,1
7936.5,0
7936.75,1
7937.0,0
7950.0,1
7950.25,0
7952.25,1
7953.0,0
7953.5,1
7954.0,0
7954.5,1
7956.25,0
7956.5,1
7958.25,0
7958.75,1
7961.25,0
7961.75,1
7962.0,0
7965.75,1
7966.0,0
7977.25,1
7978.0,0
7978.25,1
7978.75,0
7979.25,1
7980.75,0
7981.0,1
7981.75,0
7982.0,1
7985.0,0
7985.5,1
7985.75,0
7998.75,1
7999.0,0
8000.75,1
8001.0,0
8001.25,1
8004.0,0
8004.25,1
8005.0,0
8005.25,1
8007.0,0
8007.5,1
8008.25,0
8008.5,1
8009.0,0
8012.5,1
8012.75,0
8022.25,1
8022.5,0
8022.75,1
8023.0,0
8025.25,1
8026.0,0
8026.5,1
8026.75,0
8027.0,1
8027.75,0
8028.0,1
8028.5,0
8029.25,1
8033.75,0
8038.5,1
8038.75,0
8094.25,1
8094.5,0
8096.75,1
8097.0,0
8097.75,1
8099.75,0
8100.0,1
8101.0,0
8101.25,1
8101.5,0
8102.0,1
8103.0,0
8103.25,1
8105.0,0
8108.75,1
8109.0,0
8118.25,1
8118.5,0
8119.25,1
8119.5,0
8120.5,1
8121.75,0
8122.0,1
8123.75,0
8124.0,1
8124.25,0
8124.75,1
8125.25,0
8125.5,1
8126.5,0
8126.75,1
8128.0,0
8128.5,1
8128.75,0
8129.0,1
8129.25,0
8144.5,1
8144.75,0
8145.25,1
8145.5,0
8145.75,1
8146.0,0
8146.5,1
8149.0,0
8149.25,1
8149.75,0
8150.25,1
8150.75,0
8151.0,1
8151.25,0
8151.5,1
8152.25,0
8152.5,1
8153.5,0
8166.75,1
8167.0,0
8168.5,1
8168.75,0
8169.0,1
8170.75,0
8171.25,1
8173.25,0
8173.5,1
8173.75,0
8174.5,1
8175.5,0
8175.75,1
8176.0,0
8176.25,1
8176.75,0
8177.25,1
8177.5,0
8182.0,1
8182.25,0
8192.75,1
8195.25,0
8195.5,1
8197.25,0
8197.5,1
8200.75,0
8201.0,1
8201.25,0
8263.5,1
8263.75,0
8265.25,1
8268.0,0
8268.25,1
8269.0,0
8269.25,1
8270.25,0
8270.5,1
8271.0,0
8271.25,1
8273.0,0
8273.5,1
8273.75,0
8287.75,1
8288.25,0
8288.5,1
8292.5,0
8292.75,1
8294.25,0
8294.5,1
8294.75,0
8295.0,1
8295.75,0
8296.5,1
8297.0,0
8300.5,1
8300.75,0
8313.25,1
8316.0,0
8316.5,1
8317.5,0
8318.0,1
8318.5,0
8318.75,1
8319.0,0
8319.25,1
8320.75,0
8333.75,1
8334.0,0
8334.5,1
8334.75,0
8335.5,1
8335.75,0
8336.5,1
8338.0,0
8338.5,1
8340.25,0
8340.5,1
8341.0,0
8341.5,1
8341.75,0
8342.0,1
8344.5,0
8344.75,1
8345.25,0
8345.5,1
8345.75,0
8349.75,1
8350.0,0
8360.25,1
8360.5,0
8360.75,1
8361.0,0
8361.25,1
8362.5,0
8362.75,1
8363.5,0
8363.75,1
8365.0,0
8365.25,1
8365.5,0
8365.75,1
8369.0,0
8372.75,1
8373.25,0
8430.5,1
8430.75,0
8432.5,1
8433.0,0
8433.25,1
8433.75,0
8434.0,1
8434.25,0
8434.5,1
8435.0,0
8435.25,1
8438.25,0
8438.5,1
8441.0,0
8457.75,1
8458.0,0
8458.5,1
8459.0,0
8459.25,1
8460.0,0
8460.25,1
8460.75,0
8461.5,1
8461.75,0
8462.0,1
8463.0,0
8463.25,1
8464.0,0
8464.5,1
8465.25,0
8468.75,1
8469.0,0
8478.25,1
8478.5,0
8480.75,1
8481.25,0
8481.5,1
8483.5,0
8483.75,1
8485.25,0
8485.75,1
8489.0,0
8492.75,1
8493.0,0
8504.25,1
8504.5,0
8504.75,1
8505.0,0
8505.5,1
8506.5,0
8506.75,1
8507.0,0
8507.25,1
8509.25,0
8509.75,1
8510.25,0
8510.75,1
8512.75,0
8513.0,1
8513.25,0
8517.25,1
8517.5,0
8525.75,1
8526.0,0
8528.25,1
8529.0,0
8529.25,1
8530.25,0
8530.5,1
8530.75,0
8531.0,1
8532.25,0
8532.5,1
8532.75,0
8533.0,1
8533.75,0
8534.0,1
8535.0,0
8535.25,1
8535.5,0
8535.75,1
8536.25,0
8536.5,1
8536.75,0
8537.0,1
8537.25,0
8623.0,1
8623.25,0
8623.75,1
8624.0,0
8625.75,1
8628.0,0
8628.25,1
8628.75,0
8629.5,1
8630.25,0
8630.5,1
8631.25,0
8631.5,1
8632.5,0
8633.0,1
8633.5,0
8633.75,1
8634.0,0
8646.25,1
8646.5,0
8647.25,1
8647.5,0
8647.75,1
8648.0,0
8648.5,1
8648.75,0
8649.25,1
8650.0,0
8650.25,1
8650.5,0
8650.75,1
8651.25,0
8651.5,1
8652.0,0
8652.25,1
8652.5,0
8652.75,1
8653.5,0
8654.0,1
8654.25,0
8654.5,1
8655.5,0
8656.0,1
8656.75,0
8657.5,1
8657.75,0
8672.75,1
8673.0,0
8673.25,1
8674.0,0
8674.25,1
8676.25,0
8676.5,1
8677.0,0
8677.25,1
8679.0,0
8679.25,1
8680.25,0
8681.0,1
8681.25,0
8694.0,1
8694.25,0
8695.0,1
8695.25,0
8696.75,1
8697.0,0
8697.5,1
8700.0,0
8700.75,1
8701.25,0
8701.5,1
8703.25,0
8703.5,1
8704.5,0
8704.75,1
8705.0,0
