#1


float Room-341A (1119,2)
0.0,0
31.25,1
31.5,0
32.0,1
41.5,0
46.25,1
46.5,0
55.25,1
55.5,0
56.25,1
65.75,0
78.25,1
78.5,0
80.25,1
89.75,0
90.25,1
90.5,0
92.5,1
92.75,0
93.0,1
93.25,0
104.25,1
113.75,0
125.25,1
125.5,0
128.5,1
137.25,0
137.5,1
137.75,0
138.0,1
138.25,0
197.75,1
198.0,0
199.5,1
199.75,0
200.5,1
209.5,0
211.75,1
212.25,0
213.0,1
213.25,0
224.0,1
224.5,0
224.75,1
233.25,0
233.5,1
234.25,0
248.25,1
257.25,0
257.5,1
257.75,0
270.0,1
270.25,0
272.75,1
281.75,0
297.0,1
305.75,0
368.5,1
377.75,0
392.75,1
401.5,0
401.75,1
402.0,0
405.25,1
405.5,0
406.0,1
406.25,0
440.5,1
449.25,0
464.5,1
473.0,0
536.25,1
536.5,0
536.75,1
545.25,0
560.25,1
569.5,0
584.5,1
593.5,0
596.75,1
597.0,0
608.5,1
617.5,0
620.75,1
621.0,0
631.75,1
632.0,0
632.25,1
641.75,0
642.0,1
642.5,0
645.25,1
645.5,0
702.25,1
702.5,0
703.25,1
703.5,0
704.5,1
713.25,0
716.25,1
716.5,0
727.75,1
728.0,0
728.5,1
737.5,0
752.25,1
761.75,0
776.75,1
785.5,0
798.5,1
798.75,0
800.5,1
809.25,0
872.75,1
881.5,0
884.25,1
884.5,0
894.75,1
895.0,0
896.5,1
906.0,0
909.25,1
909.5,0
920.75,1
929.75,0
934.25,1
934.5,0
944.25,1
953.25,0
953.5,1
953.75,0
955.75,1
956.0,0
957.5,1
957.75,0
966.0,1
966.25,0
968.75,1
978.0,0
979.75,1
980.0,0
1040.25,1
1050.25,0
1053.0,1
1053.25,0
1064.5,1
1073.5,0
1112.5,1
1121.25,0
1121.5,1
1121.75,0
1136.25,1
1145.5,0
1208.5,1
1217.25,0
1217.5,1
1217.75,0
1219.25,1
1219.5,0
1220.75,1
1221.0,0
1230.0,1
1230.25,0
1231.75,1
1241.75,0
1244.75,1
1245.0,0
1246.25,1
1246.5,0
1256.25,1
1265.5,0
1280.25,1
1289.5,0
1294.0,1
1294.25,0
1304.75,1
1313.75,0
1317.75,1
1318.0,0
1376.25,1
1385.5,0
1388.75,1
1389.0,0
1389.75,1
1390.25,0
1400.0,1
1409.75,0
1423.25,1
1423.5,0
1424.5,1
1433.75,0
1434.0,1
1434.5,0
1437.25,1
1437.5,0
1447.0,1
1447.25,0
1448.0,1
1457.25,0
1472.25,1
1472.5,0
1472.75,1
1482.0,0
1544.25,1
1553.25,0
1553.5,1
1554.0,0
1558.75,1
1559.0,0
1568.5,1
1577.75,0
1592.25,1
1601.25,0
1604.25,1
1604.5,0
1606.5,1
1606.75,0
1616.5,1
1625.25,0
1628.25,1
1628.5,0
1639.0,1
1639.25,0
1640.0,1
1649.75,0
1712.25,1
1712.5,0
1712.75,1
1721.25,0
1736.75,1
1745.5,0
1760.25,1
1769.25,0
1769.5,1
1769.75,0
1784.5,1
1793.75,0
1808.25,1
1808.5,0
1809.0,1
1817.0,0
1817.25,1
1817.5,0
1880.0,1
1890.0,0
1893.25,1
1893.5,0
1904.0,1
1913.75,0
1928.25,1
1937.5,0
1940.75,1
1941.0,0
1952.5,1
1961.5,0
1976.0,1
1985.0,0
1985.25,1
1986.0,0
1989.75,1
1990.0,0
2048.5,1
2057.5,0
2061.25,1
2061.5,0
2072.75,1
2081.5,0
2094.25,1
2094.5,0
2095.75,1
2096.0,0
2096.75,1
2105.75,0
2119.75,1
2120.0,0
2120.5,1
2129.75,0
2143.0,1
2143.25,0
2144.25,1
2153.75,0
2216.25,1
2225.75,0
2239.25,1
2239.5,0
2240.25,1
2249.75,0
2264.25,1
2274.0,0
2287.75,1
2288.0,0
2288.25,1
2297.75,0
2312.0,1
2312.25,0
2312.75,1
2321.5,0
2382.5,1
2382.75,0
2384.5,1
2394.0,0
2398.25,1
2398.5,0
2406.5,1
2406.75,0
2408.25,1
2417.75,0
2420.5,1
2420.75,0
2432.25,1
2441.25,0
2456.25,1
2465.5,0
2470.0,1
2470.25,0
2480.0,1
2490.0,0
2492.75,1
2493.0,0
2552.5,1
2562.5,0
2565.5,1
2565.75,0
2574.75,1
2575.0,0
2576.25,1
2586.0,0
2600.0,1
2600.25,0
2600.75,1
2610.0,0
2613.0,1
2613.25,0
2624.25,1
2633.5,0
2648.5,1
2657.75,0
2658.0,1
2658.25,0
2720.25,1
2729.5,0
2744.25,1
2753.5,0
2756.25,1
2756.5,0
2757.75,1
2758.0,0
2768.75,1
2777.25,0
2777.75,1
2778.0,0
2781.5,1
2781.75,0
2792.5,1
2801.25,0
2814.5,1
2815.0,0
2816.5,1
2825.25,0
2888.25,1
2897.75,0
2900.5,1
2900.75,0
2901.25,1
2901.75,0
2910.5,1
2910.75,0
2912.5,1
2921.5,0
2922.0,1
2922.25,0
2926.25,1
2926.5,0
2933.5,1
2933.75,0
2936.5,1
2945.75,0
2960.5,1
2969.5,0
2973.25,1
2973.5,0
2973.75,1
2974.0,0
2982.0,1
2982.25,0
2984.75,1
2993.75,0
2998.0,1
2998.25,0
3056.25,1
3065.25,0
3066.0,1
3066.25,0
3070.75,1
3071.0,0
3071.75,1
3072.0,0
3080.5,1
3089.75,0
3092.5,1
3092.75,0
3104.75,1
3113.25,0
3116.5,1
3116.75,0
3118.5,1
3118.75,0
3128.0,1
3137.25,0
3152.25,1
3161.75,0
3222.5,1
3222.75,0
3224.5,1
3233.5,0
3248.25,1
3257.75,0
3272.5,1
3281.75,0
3284.25,1
3284.5,0
3296.5,1
3305.25,0
3320.25,1
3320.5,0
3320.75,1
3329.5,0
3333.0,1
3333.25,0
3390.75,1
3391.0,0
3392.5,1
3402.0,0
3414.25,1
3414.5,0
3416.0,1
3416.25,0
3416.75,1
3425.75,0
3438.25,1
3438.5,0
3440.5,1
3449.25,0
3449.5,1
3449.75,0
3462.5,1
3462.75,0
3464.5,1
3473.25,0
3474.0,1
3474.25,0
3477.5,1
3477.75,0
3487.5,1
3488.0,0
3488.5,1
3497.5,0
3500.0,1
3500.25,0
3501.75,1
3502.0,0
3559.5,1
3559.75,0
3560.5,1
3569.75,0
3608.5,1
3617.5,0
3632.5,1
3641.5,0
3656.0,1
3665.25,0
3665.5,1
3665.75,0
3666.0,1
3666.25,0
3668.75,1
3669.0,0
3726.75,1
3727.0,0
3729.0,1
3738.0,0
3740.75,1
3741.0,0
3752.5,1
3762.0,0
3765.0,1
3765.25,0
3774.25,1
3774.5,0
3776.5,1
3785.5,0
3800.25,1
3809.25,0
3822.5,1
3822.75,0
3824.25,1
3833.5,0
3836.75,1
3837.0,0
3838.25,1
3838.5,0
3895.5,1
3895.75,0
3896.5,1
3905.5,0
3905.75,1
3906.0,0
3920.25,1
3929.25,0
3944.25,1
3953.5,0
3965.5,1
3965.75,0
3968.5,1
3977.5,0
3977.75,1
3978.0,0
3981.75,1
3982.0,0
3990.25,1
3990.5,0
3992.5,1
4001.75,0
4062.25,1
4062.5,0
4064.75,1
4073.5,0
4076.5,1
4076.75,0
4078.25,1
4078.5,0
4088.75,1
4097.75,0
4101.75,1
4102.25,0
4103.0,1
4103.25,0
4112.5,1
4122.0,0
4124.75,1
4125.0,0
4136.5,1
4145.5,0
4157.75,1
4158.0,0
4160.25,1
4169.5,0
4170.0,1
4170.25,0
4173.25,1
4173.5,0
4232.0,1
4241.75,0
4242.25,1
4242.5,0
4256.75,1
4265.5,0
4269.0,1
4269.25,0
4278.0,1
4278.25,0
4280.25,1
4289.5,0
4293.75,1
4294.0,0
4301.75,1
4302.0,0
4303.75,1
4304.25,0
4304.5,1
4314.0,0
4317.75,1
4318.0,0
4328.0,1
4337.25,0
4337.5,1
4337.75,0
4400.25,1
4409.75,0
4448.5,1
4457.75,0
4471.25,1
4471.5,0
4472.5,1
4481.25,0
4481.5,1
4481.75,0
4494.25,1
4494.5,0
4496.5,1
4506.0,0
4508.75,1
4509.0,0
4568.75,1
4577.75,0
4591.75,1
4601.5,0
4616.75,1
4625.75,0
4640.0,1
4650.0,0
4664.25,1
4664.5,0
4664.75,1
4673.75,0
4677.75,1
4678.0,0
4736.5,1
4745.5,0
4760.25,1
4760.5,0
4760.75,1
4770.0,0
4782.5,1
4782.75,0
4784.5,1
4793.5,0
4807.5,1
4807.75,0
4808.25,1
4817.75,0
4821.75,1
4822.0,0
4832.0,1
4841.25,0
4903.5,1
4903.75,0
4904.5,1
4913.5,0
4928.5,1
4937.25,0
4941.5,1
4941.75,0
4952.25,1
4962.0,0
4976.25,1
4985.25,0
4985.5,1
4986.0,0
5000.25,1
5009.75,0
5014.5,1
5015.0,0
5071.75,1
5072.0,0
5072.25,1
5081.75,0
5096.25,1
5105.75,0
5109.5,1
5109.75,0
5120.5,1
5129.5,0
5143.75,1
5153.75,0
5168.0,1
5178.25,0
5181.5,1
5181.75,0
5240.0,1
5249.75,0
5264.25,1
5273.25,0
5276.0,1
5276.25,0
5287.25,1
5287.5,0
5288.5,1
5297.75,0
5300.75,1
5301.0,0
5301.5,1
5301.75,0
5311.75,1
5312.0,0
5312.5,1
5322.0,0
5335.25,1
5335.5,0
5336.75,1
5345.5,0
5408.25,1
5417.5,0
5433.0,1
5441.75,0
5445.75,1
5446.0,0
5454.75,1
5455.0,0
5456.5,1
5465.25,0
5480.75,1
5489.25,0
5489.5,1
5490.5,0
5492.25,1
5492.5,0
5504.5,1
5513.75,0
5575.25,1
5575.5,0
5575.75,1
5576.0,0
5576.25,1
5586.0,0
5589.0,1
5589.25,0
5598.5,1
5598.75,0
5600.25,1
5610.25,0
5613.5,1
5613.75,0
5614.0,1
5614.25,0
5622.0,1
5622.25,0
5624.25,1
5633.5,0
5637.5,1
5637.75,0
5647.5,1
5647.75,0
5648.25,1
5657.75,0
5672.75,1
5681.25,0
5744.0,1
5744.25,0
5744.75,1
5753.75,0
5754.5,1
5754.75,0
5755.75,1
5756.0,0
5758.0,1
5758.25,0
5767.75,1
5768.0,0
5768.5,1
5777.75,0
5781.5,1
5781.75,0
5792.5,1
5801.0,0
5801.25,1
5802.0,0
5806.5,1
5806.75,0
5816.75,1
5825.5,0
5833.75,1
5834.0,0
5835.0,1
5835.25,0
5840.75,1
5849.75,0
5909.25,1
5909.5,0
5912.25,1
5921.5,0
5958.75,1
5959.0,0
5960.75,1
5964.75,0
5965.0,1
5970.0,0
5974.5,1
5974.75,0
5983.5,1
5983.75,0
5984.0,1
5993.75,0
5996.25,1
5996.5,0
6007.0,1
6007.25,0
6007.5,1
6007.75,0
6008.75,1
6017.75,0
6019.5,1
6019.75,0
6078.75,1
6079.0,0
6081.0,1
6089.25,0
6089.5,1
6090.25,0
6104.75,1
6114.0,0
6128.75,1
6137.75,0
6151.0,1
6151.25,0
6152.25,1
6152.5,0
6152.75,1
6161.75,0
6176.0,1
6186.25,0
6248.5,1
6257.75,0
6260.25,1
6260.5,0
6272.5,1
6281.75,0
6296.5,1
6305.5,0
6318.25,1
6318.5,0
6320.25,1
6329.75,0
6332.75,1
6333.0,0
6333.25,1
6333.75,0
6344.5,1
6353.75,0
6416.25,1
6426.0,0
6440.5,1
6449.75,0
6452.0,1
6452.25,0
6453.0,1
6453.25,0
6464.0,1
6473.5,0
6476.25,1
6476.5,0
6488.5,1
6497.5,0
6512.5,1
6521.5,0
6525.5,1
6525.75,0
6583.0,1
6583.25,0
6584.25,1
6593.5,0
6596.5,1
6596.75,0
6608.75,1
6617.25,0
6631.0,1
6631.25,0
6632.25,1
6632.5,0
6632.75,1
6641.25,0
6645.5,1
6645.75,0
6656.25,1
6665.75,0
6680.5,1
6689.5,0
6690.75,1
6691.0,0
6692.25,1
6692.5,0
6752.0,1
6761.5,0
6799.0,1
6799.25,0
6800.25,1
6809.75,0
6824.0,1
6833.5,0
6848.5,1
6857.5,0
6861.25,1
6861.5,0
6917.5,1
6917.75,0
6920.5,1
6929.5,0
6944.5,1
6953.75,0
6957.75,1
6958.0,0
6958.25,1
6958.5,0
6968.5,1
6977.75,0
6981.0,1
6981.25,0
6992.25,1
7001.75,0
7005.75,1
7006.0,0
7013.25,1
7013.5,0
7016.0,1
7026.0,0
7088.5,1
7097.5,0
7100.0,1
7100.25,0
7111.75,1
7122.25,0
7136.75,1
7145.5,0
7158.5,1
7159.0,0
7159.5,1
7159.75,0
7160.5,1
7169.75,0
7184.25,1
7193.75,0
7195.5,1
7195.75,0
7255.0,1
7255.25,0
7256.5,1
7265.75,0
7278.5,1
7279.0,0
7280.5,1
7290.0,0
7294.0,1
7294.25,0
7302.75,1
7303.0,0
7304.5,1
7313.25,0
7313.5,1
7314.0,0
7317.25,1
7317.5,0
7327.5,1
7327.75,0
7328.25,1
7337.5,0
7340.0,1
7340.25,0
7341.0,1
7341.25,0
7341.5,1
7341.75,0
7349.75,1
7350.0,0
7352.75,1
7361.5,0
7365.5,1
7365.75,0
7424.0,1
7424.25,0
7424.75,1
7433.5,0
7445.0,1
7445.25,0
7448.75,1
7457.5,0
7472.5,1
7482.0,0
7493.75,1
7494.25,0
7496.5,1
7505.75,0
7517.75,1
7518.0,0
7520.5,1
7529.25,0
7592.0,1
7601.5,0
7604.75,1
7605.0,0
7616.0,1
7616.5,0
7616.75,1
7625.25,0
7629.75,1
7630.0,0
7638.0,1
7638.25,0
7638.5,1
7638.75,0
7640.5,1
7649.25,0
7649.5,1
7649.75,0
7652.25,1
7652.5,0
7664.5,1
7673.25,0
7676.5,1
7676.75,0
7677.0,1
7677.25,0
7687.5,1
7687.75,0
7688.5,1
7688.75,0
7689.0,1
7698.0,0
7760.5,1
7769.25,0
7784.5,1
7793.75,0
7807.25,1
7808.0,0
7808.25,1
7817.5,0
7833.0,1
7841.25,0
7844.5,1
7844.75,0
7845.25,1
7845.5,0
7928.75,1
7937.5,0
7937.75,1
7938.0,0
7940.25,1
7940.5,0
7951.75,1
7952.0,0
7952.5,1
7962.0,0
7965.5,1
7965.75,0
7974.5,1
7974.75,0
7976.5,1
7985.75,0
7988.25,1
7988.5,0
7989.0,1
7989.25,0
8000.25,1
8009.75,0
8022.5,1
8022.75,0
8024.5,1
8033.75,0
8036.5,1
8036.75,0
8094.25,1
8094.5,0
8096.5,1
8106.0,0
8120.5,1
8129.5,0
8132.5,1
8132.75,0
8141.75,1
8142.0,0
8144.25,1
8153.25,0
8158.25,1
8158.5,0
8168.5,1
8177.5,0
8189.5,1
8189.75,0
8192.75,1
8201.75,0
8264.5,1
8273.25,0
8273.5,1
8273.75,0
8277.0,1
8277.25,0
8288.25,1
8297.5,0
8297.75,1
8298.0,0
8312.75,1
8322.25,0
8325.0,1
8325.25,0
8335.0,1
8335.25,0
8336.0,1
8336.25,0
8336.5,1
8345.75,0
8358.25,1
8358.5,0
8360.25,1
8369.75,0
8370.0,1
8370.5,0
8432.25,1
8441.75,0
8456.5,1
8465.5,0
8477.0,1
8477.25,0
8480.5,1
8490.0,0
8504.5,1
8513.5,0
8528.75,1
8537.75,0
8624.25,1
8633.5,0
8636.5,1
8636.75,0
8637.0,1
8637.25,0
8648.5,1
8657.25,0
8672.0,1
8681.25,0
8683.5,1
8683.75,0
8684.0,1
8684.25,0
8694.75,1
8695.0,0
8696.5,1
8705.75,0
8706.0,1
8706.25,0
8708.25,1
8708.5,0
