#1


float Room-108 (4335,2)
0.0,0
32.75,1
33.25,0
33.5,1
34.5,0
34.75,1
36.75,0
37.25,1
38.25,0
38.75,1
41.0,0
41.25,1
41.5,0
46.0,1
46.25,0
57.25,1
58.5,0
58.75,1
60.5,0
60.75,1
62.25,0
62.5,1
62.75,0
63.25,1
63.5,0
64.0,1
65.0,0
65.25,1
65.75,0
80.5,1
80.75,0
81.0,1
83.5,0
83.75,1
84.75,0
85.25,1
86.25,0
86.5,1
87.5,0
87.75,1
88.5,0
88.75,1
89.0,0
93.25,1
93.5,0
104.75,1
106.25,0
106.5,1
106.75,0
107.0,1
107.5,0
107.75,1
108.0,0
108.25,1
110.25,0
110.5,1
112.0,0
112.25,1
112.75,0
113.0,1
113.5,0
125.5,1
125.75,0
129.25,1
132.25,0
132.5,1
133.75,0
134.25,1
136.5,0
136.75,1
137.5,0
198.5,1
198.75,0
201.25,1
206.25,0
206.75,1
207.25,0
207.5,1
209.0,0
224.75,1
225.0,0
225.5,1
225.75,0
226.0,1
227.75,0
228.0,1
229.0,0
229.25,1
229.5,0
229.75,1
230.0,0
230.25,1
230.5,0
231.0,1
232.25,0
232.5,1
233.0,0
233.25,1
233.5,0
236.25,1
236.5,0
237.0,1
237.25,0
247.25,1
247.5,0
249.0,1
250.0,0
250.25,1
251.25,0
251.5,1
252.0,0
252.25,1
253.0,0
253.25,1
255.25,0
255.5,1
256.75,0
271.75,1
272.0,0
272.75,1
273.5,0
273.75,1
274.75,0
275.0,1
275.75,0
276.0,1
279.25,0
279.75,1
280.5,0
280.75,1
281.25,0
295.0,1
295.25,0
295.5,1
295.75,0
297.0,1
297.5,0
297.75,1
300.75,0
301.0,1
301.25,0
301.5,1
301.75,0
302.0,1
302.75,0
303.0,1
305.0,0
308.25,1
308.5,0
369.25,1
370.25,0
370.5,1
371.75,0
372.0,1
375.75,0
376.0,1
377.0,0
377.25,1
377.5,0
392.25,1
392.5,0
393.0,1
393.25,0
393.75,1
394.75,0
395.0,1
396.25,0
396.5,1
401.5,0
438.5,1
438.75,0
439.5,1
439.75,0
441.5,1
441.75,0
442.0,1
444.5,0
444.75,1
447.0,0
447.25,1
448.0,0
448.25,1
448.5,0
448.75,1
449.0,0
464.75,1
465.5,0
465.75,1
466.0,0
466.75,1
467.25,0
467.5,1
468.0,0
468.5,1
470.0,0
470.25,1
471.0,0
471.5,1
472.5,0
473.25,1
473.5,0
535.0,1
535.25,0
536.0,1
536.25,0
537.0,1
537.25,0
537.5,1
538.25,0
538.75,1
539.0,0
539.25,1
542.25,0
542.5,1
543.0,0
543.25,1
544.75,0
561.0,1
564.5,0
564.75,1
565.5,0
565.75,1
566.0,0
566.5,1
567.75,0
568.0,1
569.25,0
573.5,1
573.75,0
584.75,1
585.0,0
585.25,1
588.0,0
588.25,1
589.25,0
589.5,1
590.25,0
591.75,1
592.25,0
593.0,1
593.25,0
609.0,1
609.75,0
610.0,1
610.25,0
610.75,1
612.0,0
612.25,1
612.5,0
612.75,1
613.5,0
613.75,1
614.25,0
614.5,1
615.5,0
616.0,1
616.25,0
616.5,1
617.25,0
629.75,1
630.0,0
630.75,1
631.0,0
631.25,1
632.0,0
633.0,1
634.5,0
635.0,1
635.25,0
635.5,1
639.25,0
639.5,1
640.75,0
644.75,1
645.0,0
702.5,1
702.75,0
703.25,1
703.5,0
703.75,1
704.0,0
705.5,1
707.0,0
707.25,1
707.5,0
708.0,1
708.75,0
709.0,1
709.25,0
709.75,1
712.5,0
713.0,1
713.25,0
713.75,1
714.0,0
728.25,1
728.5,0
729.0,1
729.25,0
729.5,1
729.75,0
730.0,1
733.5,0
733.75,1
734.25,0
734.5,1
736.5,0
737.0,1
737.25,0
740.5,1
740.75,0
741.0,1
741.5,0
752.5,1
752.75,0
753.5,1
755.25,0
755.5,1
757.75,0
758.25,1
760.0,0
760.25,1
760.75,0
761.25,1
761.5,0
761.75,1
762.0,0
774.0,1
774.25,0
774.75,1
775.0,0
776.25,1
776.5,0
777.25,1
780.0,0
780.25,1
781.25,0
781.5,1
784.5,0
785.25,1
785.75,0
787.75,1
788.0,0
799.25,1
799.5,0
800.75,1
801.0,0
801.75,1
802.0,0
802.25,1
803.0,0
803.25,1
803.75,0
804.0,1
804.75,0
805.0,1
805.5,0
805.75,1
806.0,0
806.25,1
806.75,0
807.0,1
808.25,0
808.5,1
809.0,0
812.5,1
812.75,0
813.0,1
813.25,0
871.25,1
871.5,0
873.5,1
873.75,0
874.0,1
876.75,0
877.0,1
880.25,0
880.5,1
880.75,0
885.25,1
885.5,0
886.0,1
886.25,0
894.0,1
895.25,0
895.75,1
896.0,0
896.75,1
897.0,0
897.25,1
900.0,0
900.25,1
902.25,0
903.0,1
905.0,0
905.25,1
905.5,0
917.25,1
917.5,0
919.25,1
919.5,0
920.75,1
921.25,0
921.5,1
922.5,0
922.75,1
924.5,0
924.75,1
925.5,0
925.75,1
927.25,0
927.5,1
929.25,0
933.25,1
933.5,0
944.5,1
944.75,0
945.0,1
947.5,0
947.75,1
948.5,0
948.75,1
949.25,0
949.5,1
951.0,0
951.25,1
952.25,0
965.75,1
966.25,0
970.0,1
971.0,0
971.25,1
971.75,0
972.25,1
972.5,0
972.75,1
974.0,0
974.5,1
976.0,0
976.5,1
977.5,0
1039.0,1
1039.25,0
1040.25,1
1040.75,0
1041.25,1
1043.75,0
1044.0,1
1044.25,0
1044.5,1
1045.0,0
1045.75,1
1046.25,0
1046.5,1
1047.0,0
1047.25,1
1048.0,0
1048.25,1
1049.25,0
1064.75,1
1065.0,0
1065.25,1
1065.75,0
1066.0,1
1066.5,0
1066.75,1
1067.5,0
1068.0,1
1068.75,0
1069.0,1
1069.25,0
1069.5,1
1070.0,0
1070.25,1
1071.0,0
1071.25,1
1071.75,0
1072.0,1
1073.25,0
1073.5,1
1073.75,0
1110.0,1
1110.25,0
1111.0,1
1111.25,0
1112.75,1
1113.5,0
1113.75,1
1114.75,0
1115.0,1
1115.25,0
1115.5,1
1116.0,0
1116.25,1
1116.5,0
1117.0,1
1117.25,0
1118.0,1
1119.0,0
1119.25,1
1121.0,0
1123.75,1
1124.0,0
1135.0,1
1135.25,0
1136.75,1
1137.0,0
1138.0,1
1140.25,0
1140.5,1
1141.5,0
1141.75,1
1143.25,0
1143.5,1
1144.75,0
1145.5,1
1145.75,0
1208.5,1
1209.0,0
1209.25,1
1210.25,0
1210.5,1
1211.0,0
1211.25,1
1211.5,0
1211.75,1
1212.0,0
1212.25,1
1212.75,0
1213.0,1
1214.75,0
1215.0,1
1216.0,0
1216.25,1
1217.25,0
1230.5,1
1230.75,0
1231.5,1
1231.75,0
1232.0,1
1232.25,0
1232.5,1
1232.75,0
1233.25,1
1233.75,0
1234.0,1
1235.0,0
1235.25,1
1236.25,0
1236.5,1
1236.75,0
1237.0,1
1237.25,0
1237.5,1
1238.25,0
1238.5,1
1240.25,0
1240.5,1
1241.0,0
1241.25,1
1241.5,0
1256.75,1
1257.0,0
1257.25,1
1257.5,0
1258.0,1
1259.75,0
1260.0,1
1261.75,0
1262.0,1
1264.0,0
1264.25,1
1265.0,0
1276.75,1
1277.0,0
1279.75,1
1280.0,0
1281.25,1
1282.0,0
1282.25,1
1284.5,0
1284.75,1
1286.25,0
1286.5,1
1287.25,0
1287.5,1
1288.5,0
1288.75,1
1289.0,0
1291.25,1
1291.5,0
1293.0,1
1293.5,0
1302.75,1
1303.0,0
1303.25,1
1303.5,0
1304.75,1
1305.5,0
1305.75,1
1307.25,0
1307.5,1
1307.75,0
1308.0,1
1310.25,0
1310.5,1
1311.25,0
1311.5,1
1311.75,0
1312.0,1
1313.25,0
1374.5,1
1374.75,0
1377.25,1
1378.25,0
1378.5,1
1380.0,0
1380.25,1
1383.5,0
1384.0,1
1385.0,0
1388.0,1
1388.25,0
1399.5,1
1399.75,0
1400.25,1
1400.75,0
1401.0,1
1401.5,0
1401.75,1
1402.25,0
1402.5,1
1403.75,0
1404.25,1
1404.5,0
1404.75,1
1405.0,0
1405.5,1
1405.75,0
1406.25,1
1407.5,0
1407.75,1
1408.0,0
1408.5,1
1409.5,0
1423.0,1
1423.25,0
1425.0,1
1425.25,0
1425.75,1
1426.0,0
1426.25,1
1426.5,0
1426.75,1
1427.5,0
1427.75,1
1428.5,0
1428.75,1
1429.0,0
1429.25,1
1430.75,0
1431.25,1
1431.5,0
1431.75,1
1432.5,0
1432.75,1
1433.0,0
1437.75,1
1438.0,0
1446.75,1
1447.0,0
1447.25,1
1447.5,0
1447.75,1
1448.0,0
1448.75,1
1449.0,0
1449.25,1
1449.5,0
1449.75,1
1450.25,0
1450.5,1
1453.75,0
1454.0,1
1454.25,0
1454.5,1
1455.0,0
1455.25,1
1457.75,0
1460.75,1
1461.25,0
1471.0,1
1471.25,0
1472.25,1
1472.5,0
1473.25,1
1473.5,0
1473.75,1
1476.75,0
1477.25,1
1478.75,0
1479.0,1
1480.5,0
1480.75,1
1481.25,0
1541.25,1
1541.5,0
1544.75,1
1545.0,0
1545.25,1
1545.5,0
1546.75,1
1547.25,0
1547.5,1
1548.25,0
1548.5,1
1549.0,0
1549.25,1
1552.5,0
1552.75,1
1553.5,0
1566.75,1
1567.0,0
1568.25,1
1568.5,0
1568.75,1
1569.75,0
1570.0,1
1571.75,0
1572.0,1
1572.75,0
1573.5,1
1574.75,0
1575.0,1
1576.25,0
1576.5,1
1576.75,0
1577.75,1
1578.0,0
1590.5,1
1590.75,0
1591.25,1
1591.5,0
1593.0,1
1593.5,0
1593.75,1
1596.0,0
1596.25,1
1598.25,0
1598.5,1
1599.25,0
1599.5,1
1600.25,0
1600.75,1
1601.0,0
1601.25,1
1601.5,0
1604.25,1
1604.5,0
1614.0,1
1614.25,0
1614.75,1
1615.0,0
1615.5,1
1615.75,0
1617.0,1
1618.25,0
1618.5,1
1619.75,0
1620.0,1
1620.25,0
1620.5,1
1621.0,0
1621.5,1
1621.75,0
1622.25,1
1624.75,0
1629.25,1
1629.5,0
1637.75,1
1638.0,0
1638.25,1
1638.5,0
1639.0,1
1639.25,0
1640.0,1
1640.25,0
1641.25,1
1641.5,0
1642.5,1
1643.0,0
1643.25,1
1643.75,0
1644.0,1
1644.5,0
1644.75,1
1646.5,0
1646.75,1
1648.0,0
1648.75,1
1649.25,0
1649.5,1
1649.75,0
1653.25,1
1653.5,0
1713.25,1
1714.75,0
1715.0,1
1715.5,0
1715.75,1
1716.0,0
1716.25,1
1717.25,0
1717.5,1
1718.0,0
1718.25,1
1720.75,0
1721.5,1
1721.75,0
1734.25,1
1734.5,0
1737.0,1
1737.25,0
1737.5,1
1737.75,0
1738.0,1
1738.25,0
1738.5,1
1738.75,0
1739.0,1
1739.75,0
1740.25,1
1740.75,0
1741.25,1
1741.5,0
1741.75,1
1745.25,0
1758.5,1
1758.75,0
1760.5,1
1763.25,0
1764.0,1
1764.25,0
1764.75,1
1765.0,0
1765.25,1
1765.5,0
1765.75,1
1766.5,0
1767.0,1
1768.5,0
1769.0,1
1769.5,0
1783.0,1
1783.25,0
1783.5,1
1783.75,0
1784.25,1
1785.0,0
1785.25,1
1787.25,0
1787.75,1
1788.0,0
1788.25,1
1788.5,0
1788.75,1
1789.0,0
1789.25,1
1789.5,0
1789.75,1
1791.75,0
1792.0,1
1793.0,0
1793.25,1
1793.5,0
1806.5,1
1806.75,0
1808.5,1
1808.75,0
1809.25,1
1810.0,0
1810.25,1
1810.5,0
1810.75,1
1811.75,0
1812.0,1
1812.5,0
1813.0,1
1814.25,0
1814.5,1
1814.75,0
1815.0,1
1816.75,0
1817.5,1
1817.75,0
1880.75,1
1881.75,0
1882.25,1
1883.25,0
1883.5,1
1883.75,0
1884.0,1
1888.5,0
1888.75,1
1889.75,0
1905.0,1
1905.25,0
1905.5,1
1906.75,0
1907.0,1
1908.5,0
1908.75,1
1909.25,0
1909.5,1
1912.5,0
1912.75,1
1913.0,0
1927.25,1
1927.5,0
1929.25,1
1930.5,0
1930.75,1
1933.0,0
1933.25,1
1934.5,0
1936.25,1
1936.5,0
1937.0,1
1937.25,0
1949.75,1
1950.0,0
1952.75,1
1953.0,0
1953.25,1
1955.5,0
1955.75,1
1956.0,0
1956.25,1
1957.25,0
1957.5,1
1959.25,0
1959.5,1
1960.75,0
1961.0,1
1961.25,0
1964.0,1
1964.25,0
1976.0,1
1976.25,0
1976.5,1
1976.75,0
1977.25,1
1977.75,0
1978.25,1
1981.25,0
1981.5,1
1982.0,0
1982.5,1
1983.25,0
1984.25,1
1985.0,0
1985.5,1
1985.75,0
2046.5,1
2046.75,0
2049.0,1
2052.75,0
2053.75,1
2054.5,0
2054.75,1
2056.25,0
2056.5,1
2057.0,0
2057.5,1
2057.75,0
2071.25,1
2071.5,0
2072.5,1
2073.75,0
2074.0,1
2076.0,0
2076.25,1
2077.75,0
2078.25,1
2079.0,0
2079.25,1
2081.0,0
2085.25,1
2085.5,0
2097.5,1
2098.5,0
2099.0,1
2101.25,0
2101.5,1
2101.75,0
2102.0,1
2103.0,0
2103.25,1
2103.75,0
2104.0,1
2104.75,0
2105.5,1
2105.75,0
2119.0,1
2119.25,0
2119.5,1
2119.75,0
2120.75,1
2121.0,0
2121.25,1
2122.5,0
2122.75,1
2125.0,0
2125.25,1
2127.25,0
2127.5,1
2127.75,0
2128.0,1
2128.5,0
2129.0,1
2129.25,0
2133.5,1
2133.75,0
2144.75,1
2145.0,0
2145.5,1
2145.75,0
2146.0,1
2146.5,0
2146.75,1
2147.75,0
2148.25,1
2149.25,0
2149.5,1
2150.0,0
2150.75,1
2153.0,0
2217.25,1
2218.75,0
2219.25,1
2219.75,0
2220.0,1
2221.75,0
2222.0,1
2223.0,0
2223.25,1
2224.25,0
2224.5,1
2225.5,0
2228.5,1
2228.75,0
2230.0,1
2230.25,0
2238.0,1
2238.25,0
2239.5,1
2239.75,0
2240.0,1
2240.25,0
2240.75,1
2241.25,0
2241.5,1
2242.0,0
2242.25,1
2242.5,0
2242.75,1
2243.75,0
2244.25,1
2246.25,0
2246.5,1
2249.0,0
2249.5,1
2249.75,0
2253.25,1
2253.5,0
2262.25,1
2262.5,0
2263.0,1
2263.25,0
2265.0,1
2265.75,0
2266.0,1
2267.0,0
2267.25,1
2267.5,0
2267.75,1
2268.5,0
2268.75,1
2269.75,0
2270.0,1
2270.25,0
2270.75,1
2271.0,0
2271.75,1
2273.0,0
2273.25,1
2273.5,0
2275.5,1
2275.75,0
2287.75,1
2288.0,0
2288.25,1
2288.5,0
2289.5,1
2290.0,0
2290.25,1
2290.75,0
2291.0,1
2293.5,0
2293.75,1
2294.25,0
2294.5,1
2296.25,0
2296.5,1
2296.75,0
2311.25,1
2311.5,0
2311.75,1
2312.0,0
2312.25,1
2312.5,0
2313.25,1
2313.5,0
2313.75,1
2315.5,0
2315.75,1
2317.25,0
2317.5,1
2318.25,0
2318.5,1
2319.0,0
2319.5,1
2321.25,0
2385.0,1
2385.5,0
2386.25,1
2387.5,0
2387.75,1
2388.0,0
2388.25,1
2389.5,0
2389.75,1
2390.0,0
2391.0,1
2391.25,0
2391.5,1
2391.75,0
2392.0,1
2393.0,0
2397.75,1
2398.0,0
2407.5,1
2407.75,0
2408.0,1
2408.25,0
2409.0,1
2410.5,0
2410.75,1
2412.5,0
2413.25,1
2414.5,0
2414.75,1
2415.0,0
2415.25,1
2416.0,0
2416.75,1
2417.5,0
2422.0,1
2422.25,0
2432.5,1
2432.75,0
2433.25,1
2435.25,0
2435.5,1
2436.75,0
2437.0,1
2437.75,0
2438.0,1
2441.25,0
2445.0,1
2445.25,0
2455.5,1
2456.0,0
2456.25,1
2456.5,0
2457.0,1
2457.75,0
2458.0,1
2458.25,0
2458.5,1
2459.0,0
2459.25,1
2459.75,0
2460.0,1
2460.75,0
2461.0,1
2463.5,0
2463.75,1
2464.75,0
2465.0,1
2465.25,0
2469.25,1
2469.5,0
2479.0,1
2479.25,0
2481.5,1
2481.75,0
2482.0,1
2482.5,0
2482.75,1
2485.75,0
2486.0,1
2487.25,0
2487.5,1
2489.0,0
2489.25,1
2489.5,0
2493.25,1
2493.5,0
2550.25,1
2550.5,0
2553.25,1
2554.25,0
2554.5,1
2556.25,0
2556.5,1
2557.5,0
2557.75,1
2558.0,0
2558.25,1
2558.75,0
2559.0,1
2559.75,0
2560.0,1
2561.25,0
2574.5,1
2575.25,0
2576.5,1
2577.0,0
2577.5,1
2578.75,0
2579.25,1
2579.75,0
2580.0,1
2581.25,0
2581.5,1
2581.75,0
2582.0,1
2582.75,0
2583.0,1
2584.5,0
2585.25,1
2585.75,0
2598.25,1
2598.5,0
2600.75,1
2602.0,0
2602.5,1
2603.75,0
2604.0,1
2604.25,0
2605.0,1
2605.75,0
2606.25,1
2606.75,0
2607.0,1
2608.5,0
2608.75,1
2609.0,0
2613.5,1
2613.75,0
2623.25,1
2623.5,0
2623.75,1
2624.0,0
2624.25,1
2624.5,0
2625.0,1
2625.25,0
2625.5,1
2626.25,0
2626.5,1
2628.25,0
2628.5,1
2629.5,0
2629.75,1
2630.75,0
2631.0,1
2631.25,0
2631.75,1
2633.0,0
2633.5,1
2633.75,0
2646.25,1
2646.5,0
2648.75,1
2649.0,0
2649.5,1
2649.75,0
2650.0,1
2651.25,0
2651.5,1
2651.75,0
2652.0,1
2652.25,0
2652.5,1
2653.5,0
2653.75,1
2654.5,0
2654.75,1
2655.25,0
2655.5,1
2655.75,0
2656.0,1
2656.25,0
2656.5,1
2657.0,0
2657.25,1
2657.5,0
2660.5,1
2661.0,0
2720.25,1
2720.5,0
2721.0,1
2723.25,0
2723.5,1
2724.25,0
2724.75,1
2728.5,0
2728.75,1
2729.25,0
2744.0,1
2744.25,0
2744.75,1
2745.0,0
2745.25,1
2745.5,0
2745.75,1
2746.0,0
2746.25,1
2746.75,0
2747.0,1
2747.75,0
2748.0,1
2749.0,0
2749.5,1
2751.25,0
2751.5,1
2751.75,0
2752.0,1
2753.25,0
2766.75,1
2767.0,0
2769.25,1
2769.75,0
2770.0,1
2771.5,0
2771.75,1
2772.25,0
2772.5,1
2773.0,0
2773.25,1
2773.5,0
2773.75,1
2774.0,0
2774.25,1
2774.75,0
2775.0,1
2775.25,0
2776.0,1
2776.25,0
2776.5,1
2777.5,0
2790.0,1
2790.25,0
2791.25,1
2791.5,0
2792.5,1
2792.75,0
2793.25,1
2794.0,0
2794.5,1
2794.75,0
2795.25,1
2796.75,0
2797.0,1
2797.75,0
2798.0,1
2799.25,0
2799.5,1
2801.25,0
2802.0,1
2802.5,0
2805.25,1
2805.5,0
2816.25,1
2816.5,0
2817.25,1
2817.5,0
2817.75,1
2821.0,0
2821.25,1
2821.5,0
2821.75,1
2823.25,0
2823.5,1
2824.5,0
2825.0,1
2825.25,0
2825.5,1
2825.75,0
2889.75,1
2891.75,0
2892.25,1
2897.0,0
2897.25,1
2897.75,0
2901.5,1
2901.75,0
2902.25,1
2902.5,0
2910.25,1
2910.5,0
2911.5,1
2911.75,0
2913.0,1
2914.0,0
2914.25,1
2916.75,0
2917.25,1
2918.0,0
2918.25,1
2918.5,0
2919.0,1
2920.5,0
2920.75,1
2921.0,0
2924.5,1
2924.75,0
2925.75,1
2926.0,0
2926.25,1
2926.5,0
2934.0,1
2934.25,0
2934.75,1
2935.0,0
2935.25,1
2935.75,0
2936.25,1
2936.5,0
2936.75,1
2937.5,0
2937.75,1
2938.5,0
2939.0,1
2940.0,0
2940.5,1
2941.0,0
2941.5,1
2942.5,0
2943.0,1
2944.75,0
2945.25,1
2945.5,0
2958.25,1
2958.75,0
2959.75,1
2960.0,0
2960.75,1
2961.0,0
2961.25,1
2961.75,0
2962.0,1
2962.5,0
2962.75,1
2963.25,0
2963.75,1
2965.0,0
2965.25,1
2966.5,0
2966.75,1
2968.75,0
2972.5,1
2972.75,0
2982.75,1
2983.0,0
2983.25,1
2983.5,0
2984.25,1
2984.5,0
2984.75,1
2985.0,0
2985.5,1
2986.25,0
2986.5,1
2987.0,0
2987.25,1
2988.0,0
2988.25,1
2988.5,0
2989.25,1
2991.0,0
2991.25,1
2992.0,0
2992.25,1
2993.0,0
2997.0,1
2997.25,0
3055.75,1
3056.0,0
3056.75,1
3057.0,0
3057.25,1
3061.75,0
3062.25,1
3062.75,0
3063.0,1
3064.5,0
3080.0,1
3080.25,0
3081.25,1
3082.0,0
3082.25,1
3082.5,0
3082.75,1
3083.0,0
3083.25,1
3083.75,0
3084.0,1
3085.0,0
3085.25,1
3085.75,0
3086.0,1
3086.25,0
3086.5,1
3086.75,0
3087.0,1
3089.0,0
3089.25,1
3089.5,0
3104.75,1
3105.0,0
3105.25,1
3106.0,0
3106.25,1
3108.5,0
3108.75,1
3109.25,0
3109.75,1
3110.25,0
3110.5,1
3112.75,0
3113.0,1
3113.25,0
3113.5,1
3113.75,0
3127.5,1
3127.75,0
3129.0,1
3131.0,0
3131.25,1
3132.0,0
3132.25,1
3133.25,0
3133.5,1
3135.5,0
3135.75,1
3136.25,0
3136.75,1
3137.5,0
3150.25,1
3150.75,0
3152.25,1
3152.5,0
3152.75,1
3156.75,0
3157.25,1
3161.0,0
3224.25,1
3224.5,0
3225.0,1
3225.75,0
3226.0,1
3226.5,0
3227.0,1
3227.75,0
3229.25,1
3229.75,0
3230.25,1
3231.75,0
3232.0,1
3232.75,0
3233.75,1
3234.0,0
3236.0,1
3236.25,0
3246.25,1
3246.5,0
3249.0,1
3249.75,0
3250.0,1
3251.5,0
3251.75,1
3253.25,0
3253.5,1
3255.75,0
3256.25,1
3257.0,0
3257.25,1
3257.5,0
3261.75,1
3262.0,0
3270.75,1
3271.0,0
3273.0,1
3273.25,0
3273.5,1
3275.25,0
3275.5,1
3276.0,0
3276.5,1
3277.75,0
3278.0,1
3278.5,0
3278.75,1
3279.5,0
3279.75,1
3280.0,0
3280.25,1
3280.5,0
3281.0,1
3281.25,0
3284.75,1
3285.0,0
3297.25,1
3297.5,0
3297.75,1
3303.25,0
3303.5,1
3305.0,0
3305.25,1
3305.5,0
3318.0,1
3318.5,0
3320.0,1
3320.25,0
3320.75,1
3322.0,0
3322.25,1
3323.5,0
3324.0,1
3326.25,0
3326.5,1
3328.25,0
3328.75,1
3329.25,0
3333.5,1
3333.75,0
3390.75,1
3391.0,0
3391.75,1
3392.25,0
3393.0,1
3393.5,0
3394.0,1
3395.0,0
3395.25,1
3395.5,0
3396.0,1
3397.0,0
3397.25,1
3398.0,0
3398.25,1
3399.5,0
3399.75,1
3400.0,0
3400.5,1
3401.25,0
3414.25,1
3414.75,0
3415.75,1
3416.0,0
3416.5,1
3417.25,0
3417.5,1
3418.0,0
3418.5,1
3419.0,0
3419.25,1
3420.0,0
3420.25,1
3420.5,0
3420.75,1
3421.0,0
3421.5,1
3421.75,0
3422.0,1
3423.0,0
3423.25,1
3423.5,0
3423.75,1
3424.0,0
3424.25,1
3425.25,0
3429.25,1
3429.5,0
3441.25,1
3442.75,0
3443.0,1
3443.25,0
3443.5,1
3446.0,0
3446.25,1
3448.25,0
3448.75,1
3449.0,0
3452.25,1
3452.75,0
3461.5,1
3461.75,0
3463.0,1
3463.25,0
3463.5,1
3463.75,0
3464.5,1
3466.0,0
3466.25,1
3467.0,0
3467.25,1
3469.75,0
3470.5,1
3471.0,0
3471.25,1
3473.5,0
3486.75,1
3487.0,0
3487.5,1
3487.75,0
3488.75,1
3489.25,0
3489.5,1
3491.0,0
3491.25,1
3494.0,0
3494.5,1
3494.75,0
3495.0,1
3495.5,0
3496.0,1
3496.25,0
3497.0,1
3497.5,0
3501.5,1
3501.75,0
3558.25,1
3558.5,0
3559.25,1
3559.5,0
3559.75,1
3560.5,0
3560.75,1
3563.75,0
3564.0,1
3564.5,0
3564.75,1
3565.5,0
3566.0,1
3568.75,0
3569.0,1
3569.5,0
3572.25,1
3572.5,0
3607.25,1
3607.5,0
3608.75,1
3610.25,0
3610.5,1
3610.75,0
3611.0,1
3611.25,0
3612.0,1
3612.75,0
3613.0,1
3614.0,0
3614.25,1
3614.5,0
3614.75,1
3617.25,0
3619.75,1
3620.0,0
3621.0,1
3621.25,0
3631.75,1
3632.25,0
3632.75,1
3633.5,0
3633.75,1
3634.0,0
3634.25,1
3635.25,0
3635.5,1
3636.5,0
3636.75,1
3637.5,0
3638.5,1
3639.25,0
3639.75,1
3640.5,0
3646.0,1
3646.25,0
3655.75,1
3656.0,0
3657.0,1
3658.25,0
3658.5,1
3660.25,0
3660.75,1
3662.0,0
3662.25,1
3663.0,0
3663.25,1
3663.75,0
3664.25,1
3664.5,0
3726.25,1
3726.5,0
3728.0,1
3728.25,0
3728.5,1
3728.75,0
3729.25,1
3730.0,0
3730.25,1
3731.5,0
3731.75,1
3732.75,0
3733.0,1
3733.5,0
3733.75,1
3734.5,0
3734.75,1
3737.25,0
3750.5,1
3750.75,0
3753.75,1
3756.25,0
3756.5,1
3757.0,0
3757.25,1
3758.0,0
3758.5,1
3760.0,0
3760.5,1
3760.75,0
3761.25,1
3761.5,0
3773.5,1
3773.75,0
3776.0,1
3776.25,0
3777.5,1
3777.75,0
3778.0,1
3778.5,0
3778.75,1
3779.5,0
3780.0,1
3780.25,0
3780.5,1
3782.0,0
3782.25,1
3784.25,0
3784.5,1
3785.25,0
3788.5,1
3788.75,0
3800.0,1
3800.25,0
3801.0,1
3801.5,0
3801.75,1
3802.0,0
3802.25,1
3802.5,0
3803.25,1
3804.75,0
3805.0,1
3805.75,0
3806.0,1
3808.0,0
3808.25,1
3809.0,0
3809.25,1
3809.5,0
3822.25,1
3822.5,0
3824.75,1
3825.75,0
3826.0,1
3826.25,0
3826.5,1
3827.0,0
3827.25,1
3827.5,0
3827.75,1
3829.5,0
3829.75,1
3830.0,0
3830.25,1
3830.75,0
3832.0,1
3832.75,0
3833.25,1
3833.5,0
3833.75,1
3834.0,0
3837.0,1
3837.25,0
3894.5,1
3894.75,0
3895.5,1
3895.75,0
3896.75,1
3897.0,0
3897.5,1
3898.25,0
3898.5,1
3899.25,0
3899.5,1
3900.5,0
3900.75,1
3901.75,0
3902.0,1
3903.0,0
3903.25,1
3905.0,0
3905.25,1
3905.5,0
3921.0,1
3921.25,0
3921.5,1
3922.5,0
3923.25,1
3923.5,0
3923.75,1
3925.0,0
3925.25,1
3929.25,0
3943.0,1
3943.5,0
3944.25,1
3944.5,0
3945.25,1
3946.0,0
3946.25,1
3947.25,0
3947.5,1
3949.0,0
3949.25,1
3951.5,0
3951.75,1
3953.0,0
3957.5,1
3957.75,0
3965.75,1
3966.0,0
3968.25,1
3968.5,0
3969.5,1
3971.0,0
3971.25,1
3971.75,0
3972.0,1
3972.75,0
3973.0,1
3973.25,0
3973.5,1
3973.75,0
3974.0,1
3974.5,0
3975.0,1
3976.75,0
3977.5,1
3977.75,0
3990.75,1
3991.0,0
3992.5,1
3992.75,0
3993.0,1
3995.75,0
3996.0,1
3997.25,0
3997.5,1
3998.5,0
3998.75,1
4000.0,0
4000.25,1
4001.5,0
4004.25,1
4004.5,0
4063.75,1
4064.0,0
4064.5,1
4065.0,0
4065.25,1
4065.5,0
4065.75,1
4066.5,0
4067.0,1
4067.75,0
4068.0,1
4069.25,0
4069.5,1
4072.5,0
4073.0,1
4073.25,0
4075.25,1
4075.5,0
4078.25,1
4078.5,0
4086.25,1
4086.5,0
4087.0,1
4087.25,0
4089.25,1
4090.75,0
4091.25,1
4092.25,0
4092.75,1
4093.0,0
4093.25,1
4095.75,0
4096.25,1
4097.0,0
4101.0,1
4101.25,0
4110.75,1
4111.0,0
4111.25,1
4111.5,0
4112.0,1
4112.25,0
4113.25,1
4116.0,0
4116.25,1
4116.5,0
4116.75,1
4117.25,0
4117.5,1
4119.5,0
4119.75,1
4120.25,0
4120.5,1
4120.75,0
4121.75,1
4122.0,0
4135.75,1
4136.0,0
4137.0,1
4137.5,0
4137.75,1
4138.25,0
4138.5,1
4140.75,0
4141.0,1
4141.25,0
4141.75,1
4142.0,0
4142.25,1
4144.0,0
4144.5,1
4145.0,0
4145.25,1
4145.5,0
4158.0,1
4158.5,0
4160.75,1
4161.0,0
4161.25,1
4162.0,0
4162.25,1
4162.5,0
4163.0,1
4163.25,0
4163.5,1
4164.25,0
4164.5,1
4165.0,0
4165.75,1
4166.0,0
4166.25,1
4168.5,0
4168.75,1
4169.25,0
4174.0,1
4174.25,0
4231.25,1
4231.5,0
4233.0,1
4233.25,0
4233.5,1
4233.75,0
4234.0,1
4235.25,0
4235.5,1
4236.25,0
4236.5,1
4236.75,0
4237.0,1
4238.5,0
4239.0,1
4239.25,0
4239.5,1
4240.5,0
4241.0,1
4241.25,0
4241.5,1
4241.75,0
4255.25,1
4255.5,0
4257.0,1
4257.5,0
4257.75,1
4258.25,0
4258.5,1
4261.25,0
4261.5,1
4262.25,0
4262.5,1
4265.25,0
4265.75,1
4266.0,0
4277.75,1
4278.0,0
4279.75,1
4280.25,0
4280.75,1
4281.25,0
4281.75,1
4285.5,0
4285.75,1
4286.5,0
4286.75,1
4287.25,0
4287.75,1
4289.0,0
4289.25,1
4289.5,0
4293.25,1
4293.5,0
4303.0,1
4303.25,0
4304.75,1
4305.0,0
4305.5,1
4306.0,0
4306.25,1
4308.25,0
4308.5,1
4310.5,0
4310.75,1
4311.25,0
4311.5,1
4312.75,0
4317.75,1
4318.0,0
4326.5,1
4326.75,0
4329.5,1
4330.25,0
4330.5,1
4331.25,0
4331.5,1
4331.75,0
4332.0,1
4332.25,0
4332.5,1
4333.75,0
4334.0,1
4334.25,0
4334.5,1
4337.0,0
4397.5,1
4397.75,0
4401.0,1
4401.25,0
4401.5,1
4402.25,0
4402.5,1
4402.75,0
4403.25,1
4405.75,0
4406.0,1
4406.5,0
4406.75,1
4408.25,0
4408.5,1
4409.25,0
4412.5,1
4412.75,0
4449.0,1
4449.25,0
4449.5,1
4449.75,0
4450.0,1
4451.0,0
4451.25,1
4451.5,0
4451.75,1
4452.5,0
4453.5,1
4454.0,0
4454.5,1
4455.5,0
4455.75,1
4457.0,0
4457.5,1
4457.75,0
4470.75,1
4471.0,0
4471.25,1
4471.75,0
4473.0,1
4473.5,0
4473.75,1
4474.5,0
4474.75,1
4475.5,0
4475.75,1
4477.75,0
4478.0,1
4478.75,0
4479.25,1
4479.75,0
4480.5,1
4481.5,0
4495.75,1
4496.5,0
4496.75,1
4497.75,0
4498.0,1
4498.25,0
4498.5,1
4499.0,0
4499.25,1
4500.25,0
4500.75,1
4501.25,0
4501.5,1
4502.0,0
4502.5,1
4505.0,0
4569.0,1
4570.25,0
4570.75,1
4571.75,0
4572.25,1
4573.5,0
4573.75,1
4575.0,0
4575.25,1
4576.75,0
4592.5,1
4592.75,0
4593.25,1
4593.5,0
4593.75,1
4595.0,0
4595.5,1
4597.25,0
4597.75,1
4598.0,0
4598.25,1
4601.0,0
4614.25,1
4614.75,0
4615.0,1
4615.25,0
4615.75,1
4616.0,0
4616.75,1
4617.0,0
4617.25,1
4618.75,0
4619.25,1
4620.0,0
4620.25,1
4620.75,0
4621.0,1
4622.0,0
4622.25,1
4623.25,0
4623.5,1
4624.0,0
4624.25,1
4625.0,0
4628.25,1
4628.5,0
4629.75,1
4630.0,0
4630.25,1
4630.5,0
4641.0,1
4644.5,0
4645.0,1
4645.5,0
4645.75,1
4646.5,0
4646.75,1
4647.0,0
4647.5,1
4648.5,0
4648.75,1
4649.0,0
4649.25,1
4649.75,0
4652.25,1
4652.5,0
4663.75,1
4664.0,0
4664.25,1
4664.5,0
4664.75,1
4665.0,0
4665.5,1
4666.0,0
4666.25,1
4669.0,0
4669.25,1
4673.0,0
4678.0,1
4678.25,0
4736.75,1
4739.0,0
4739.25,1
4742.25,0
4742.5,1
4742.75,0
4743.0,1
4743.25,0
4743.5,1
4744.5,0
4759.0,1
4759.25,0
4761.75,1
4762.25,0
4762.5,1
4763.75,0
4764.25,1
4765.5,0
4765.75,1
4767.5,0
4767.75,1
4768.0,0
4768.25,1
4769.0,0
4782.25,1
4782.5,0
4782.75,1
4783.0,0
4784.25,1
4786.0,0
4786.25,1
4786.75,0
4787.0,1
4791.5,0
4791.75,1
4792.0,0
4792.25,1
4793.0,0
4793.25,1
4793.5,0
4796.25,1
4796.5,0
4808.5,1
4809.0,0
4809.5,1
4809.75,0
4810.0,1
4811.25,0
4811.5,1
4812.0,0
4812.5,1
4812.75,0
4813.25,1
4814.0,0
4814.25,1
4815.5,0
4815.75,1
4816.0,0
4816.25,1
4817.0,0
4829.75,1
4830.0,0
4833.0,1
4835.5,0
4835.75,1
4838.75,0
4839.25,1
4839.5,0
4839.75,1
4840.75,0
4841.0,1
4841.25,0
4844.5,1
4844.75,0
4904.0,1
4904.25,0
4905.0,1
4906.75,0
4907.0,1
4908.0,0
4908.25,1
4912.75,0
4913.0,1
4913.25,0
4913.75,1
4914.0,0
4929.5,1
4929.75,0
4930.0,1
4931.0,0
4931.25,1
4931.5,0
4931.75,1
4932.0,0
4932.25,1
4933.75,0
4934.0,1
4934.25,0
4934.5,1
4935.75,0
4936.0,1
4937.25,0
4950.5,1
4950.75,0
4951.0,1
4951.25,0
4953.25,1
4953.5,0
4953.75,1
4954.75,0
4955.0,1
4957.75,0
4958.0,1
4961.25,0
4966.0,1
4966.5,0
4976.25,1
4976.5,0
4977.0,1
4977.75,0
4978.0,1
4979.0,0
4980.0,1
4981.75,0
4982.0,1
4982.75,0
4983.25,1
4983.75,0
4984.0,1
4985.5,0
4988.75,1
4989.0,0
4998.5,1
4998.75,0
5000.5,1
5001.0,0
5001.5,1
5003.75,0
5004.0,1
5004.5,0
5005.25,1
5007.75,0
5008.25,1
5009.25,0
5009.75,1
5010.0,0
5071.25,1
5071.5,0
5072.25,1
5072.75,0
5073.0,1
5073.25,0
5073.5,1
5074.25,0
5074.5,1
5075.25,0
5075.5,1
5076.0,0
5076.25,1
5076.75,0
5077.0,1
5077.75,0
5078.0,1
5079.5,0
5080.0,1
5080.5,0
5080.75,1
5081.0,0
5094.5,1
5094.75,0
5095.25,1
5095.5,0
5095.75,1
5096.0,0
5097.0,1
5098.0,0
5098.25,1
5100.25,0
5100.5,1
5102.25,0
5102.5,1
5103.5,0
5103.75,1
5104.75,0
5105.0,1
5105.25,0
5109.0,1
5109.25,0
5118.75,1
5119.0,0
5120.75,1
5123.0,0
5123.25,1
5128.5,0
5128.75,1
5129.0,0
5143.0,1
5143.25,0
5145.0,1
5145.5,0
5146.0,1
5146.25,0
5146.5,1
5146.75,0
5147.0,1
5149.0,0
5149.75,1
5150.25,0
5150.5,1
5152.25,0
5152.5,1
5153.25,0
5166.0,1
5166.25,0
5168.0,1
5168.25,0
5168.75,1
5170.75,0
5171.0,1
5171.25,0
5171.5,1
5172.0,0
5172.25,1
5176.25,0
5176.5,1
5176.75,0
5177.0,1
5177.25,0
5177.5,1
5177.75,0
5241.25,1
5242.0,0
5242.25,1
5242.75,0
5243.0,1
5244.0,0
5244.5,1
5245.5,0
5245.75,1
5246.75,0
5247.0,1
5247.25,0
5247.5,1
5248.0,0
5248.25,1
5249.5,0
5252.75,1
5253.0,0
5264.25,1
5264.5,0
5265.25,1
5266.0,0
5266.25,1
5267.5,0
5268.0,1
5269.75,0
5270.0,1
5270.5,0
5271.0,1
5272.0,0
5272.25,1
5272.75,0
5273.25,1
5273.5,0
5278.0,1
5278.25,0
5289.0,1
5289.5,0
5289.75,1
5290.25,0
5290.5,1
5292.0,0
5292.5,1
5293.25,0
5293.5,1
5293.75,0
5294.0,1
5294.75,0
5295.25,1
5297.25,0
5301.5,1
5301.75,0
5312.0,1
5312.25,0
5313.5,1
5314.0,0
5314.25,1
5314.5,0
5314.75,1
5315.75,0
5316.0,1
5316.25,0
5316.5,1
5317.0,0
5317.25,1
5318.75,0
5319.0,1
5320.5,0
5320.75,1
5321.5,0
5336.75,1
5337.0,0
5337.25,1
5337.75,0
5338.25,1
5339.25,0
5339.75,1
5340.75,0
5341.0,1
5341.5,0
5341.75,1
5342.25,0
5342.5,1
5343.0,0
5343.25,1
5345.0,0
5345.25,1
5345.5,0
5349.25,1
5349.5,0
5406.0,1
5406.5,0
5408.5,1
5411.0,0
5411.25,1
5411.75,0
5412.0,1
5412.5,0
5412.75,1
5413.25,0
5413.5,1
5414.5,0
5414.75,1
5415.0,0
5415.5,1
5415.75,0
5416.0,1
5417.5,0
5422.0,1
5422.25,0
5430.75,1
5431.5,0
5432.5,1
5432.75,0
5433.0,1
5437.5,0
5437.75,1
5439.25,0
5439.5,1
5440.75,0
5455.5,1
5456.0,0
5456.25,1
5456.5,0
5457.5,1
5459.75,0
5460.0,1
5461.5,0
5461.75,1
5462.5,0
5462.75,1
5464.0,0
5464.25,1
5464.5,0
5464.75,1
5465.0,0
5465.75,1
5466.0,0
5480.0,1
5480.5,0
5481.0,1
5481.25,0
5481.5,1
5482.5,0
5482.75,1
5484.25,0
5484.5,1
5486.25,0
5486.75,1
5488.75,0
5489.0,1
5489.25,0
5489.5,1
5490.0,0
5491.75,1
5492.0,0
5503.0,1
5503.25,0
5504.25,1
5504.5,0
5504.75,1
5505.25,0
5505.75,1
5508.0,0
5508.5,1
5508.75,0
5509.0,1
5511.5,0
5511.75,1
5512.25,0
5513.25,1
5513.5,0
5517.5,1
5517.75,0
5518.25,1
5518.5,0
5575.25,1
5575.5,0
5576.25,1
5577.5,0
5577.75,1
5578.25,0
5578.5,1
5579.75,0
5580.0,1
5580.5,0
5581.0,1
5582.0,0
5583.0,1
5584.0,0
5584.25,1
5584.5,0
5584.75,1
5585.0,0
5585.25,1
5585.5,0
5588.75,1
5589.0,0
5599.0,1
5599.25,0
5600.5,1
5600.75,0
5601.5,1
5604.0,0
5604.25,1
5604.5,0
5604.75,1
5608.0,0
5608.25,1
5609.25,0
5622.0,1
5622.25,0
5625.25,1
5626.0,0
5626.25,1
5628.0,0
5628.25,1
5628.75,0
5629.0,1
5630.5,0
5630.75,1
5631.75,0
5632.0,1
5632.25,0
5632.5,1
5632.75,0
5633.5,1
5633.75,0
5649.75,1
5650.5,0
5650.75,1
5653.5,0
5653.75,1
5654.0,0
5654.25,1
5654.75,0
5655.25,1
5656.25,0
5656.5,1
5657.0,0
5657.25,1
5657.5,0
5660.0,1
5660.25,0
5672.5,1
5672.75,0
5673.5,1
5675.0,0
5675.5,1
5676.25,0
5676.75,1
5677.25,0
5677.5,1
5678.25,0
5678.75,1
5679.75,0
5680.0,1
5680.75,0
5681.0,1
5681.25,0
5684.75,1
5685.0,0
5743.75,1
5744.0,0
5745.0,1
5745.25,0
5745.5,1
5745.75,0
5746.0,1
5746.25,0
5746.5,1
5747.25,0
5747.5,1
5748.75,0
5749.25,1
5751.0,0
5751.25,1
5752.5,0
5752.75,1
5753.0,0
5757.0,1
5757.25,0
5757.5,1
5757.75,0
5766.5,1
5766.75,0
5769.25,1
5770.25,0
5770.5,1
5772.5,0
5773.0,1
5773.25,0
5773.5,1
5773.75,0
5774.0,1
5775.5,0
5776.25,1
5777.0,0
5791.0,1
5791.25,0
5792.75,1
5793.0,0
5793.25,1
5794.25,0
5794.5,1
5795.75,0
5796.0,1
5796.25,0
5796.5,1
5797.25,0
5797.5,1
5798.0,0
5799.0,1
5800.0,0
5800.25,1
5800.5,0
5804.0,1
5804.25,0
5815.25,1
5815.5,0
5816.75,1
5817.25,0
5817.5,1
5819.25,0
5819.5,1
5821.5,0
5821.75,1
5822.25,0
5822.5,1
5823.5,0
5823.75,1
5825.0,0
5825.25,1
5825.5,0
5829.75,1
5830.0,0
5838.75,1
5839.0,0
5840.25,1
5840.5,0
5840.75,1
5842.0,0
5842.25,1
5843.5,0
5843.75,1
5844.0,0
5844.25,1
5845.75,0
5846.0,1
5846.75,0
5847.25,1
5847.5,0
5848.0,1
5848.75,0
5853.5,1
5854.0,0
5854.75,1
5855.0,0
5855.75,1
5856.0,0
5909.5,1
5909.75,0
5912.25,1
5912.5,0
5913.0,1
5915.25,0
5915.5,1
5916.0,0
5916.25,1
5918.0,0
5918.25,1
5918.75,0
5919.0,1
5920.25,0
5920.5,1
5921.25,0
5957.0,1
5957.5,0
5958.25,1
5958.5,0
5959.25,1
5959.5,0
5960.25,1
5960.5,0
5961.0,1
5962.75,0
5963.0,1
5963.75,0
5964.25,1
5964.5,0
5964.75,1
5965.0,0
5965.25,1
5965.75,0
5966.0,1
5967.0,0
5967.25,1
5969.0,0
5972.75,1
5973.0,0
5983.25,1
5983.5,0
5985.0,1
5985.25,0
5985.5,1
5987.5,0
5987.75,1
5989.0,0
5989.25,1
5991.25,0
5991.5,1
5992.5,0
5993.0,1
5993.25,0
6006.0,1
6006.25,0
6006.5,1
6006.75,0
6007.5,1
6007.75,0
6009.0,1
6011.75,0
6012.0,1
6012.25,0
6012.5,1
6012.75,0
6013.25,1
6013.75,0
6014.25,1
6014.5,0
6014.75,1
6016.75,0
6017.5,1
6017.75,0
6020.0,1
6020.25,0
6021.0,1
6021.25,0
6079.25,1
6079.5,0
6079.75,1
6080.0,0
6080.75,1
6082.75,0
6083.0,1
6085.0,0
6085.25,1
6087.75,0
6088.25,1
6088.5,0
6088.75,1
6089.75,0
6091.75,1
6092.0,0
6104.25,1
6104.5,0
6104.75,1
6105.25,0
6105.5,1
6106.0,0
6106.25,1
6107.5,0
6108.25,1
6108.5,0
6108.75,1
6109.0,0
6109.75,1
6111.5,0
6111.75,1
6112.75,0
6127.25,1
6127.5,0
6128.75,1
6129.5,0
6129.75,1
6130.25,0
6130.5,1
6131.0,0
6131.25,1
6132.5,0
6132.75,1
6134.25,0
6134.5,1
6135.25,0
6135.5,1
6136.25,0
6137.0,1
6137.75,0
6152.5,1
6152.75,0
6153.5,1
6155.5,0
6155.75,1
6158.5,0
6159.0,1
6159.75,0
6160.0,1
6160.5,0
6161.0,1
6161.25,0
6174.0,1
6174.5,0
6174.75,1
6175.0,0
6176.5,1
6176.75,0
6177.25,1
6179.0,0
6179.25,1
6185.0,0
6245.75,1
6246.0,0
6248.0,1
6248.25,0
6248.5,1
6249.5,0
6250.0,1
6251.75,0
6252.5,1
6253.0,0
6253.25,1
6254.5,0
6255.0,1
6256.25,0
6256.5,1
6257.0,0
6272.75,1
6273.0,0
6273.25,1
6273.75,0
6274.25,1
6275.0,0
6275.25,1
6275.5,0
6275.75,1
6276.5,0
6276.75,1
6277.5,0
6277.75,1
6278.0,0
6278.25,1
6278.75,0
6279.0,1
6280.25,0
6280.5,1
6281.25,0
6294.5,1
6294.75,0
6296.5,1
6297.75,0
6298.25,1
6298.75,0
6299.0,1
6302.75,0
6303.25,1
6304.25,0
6304.5,1
6305.0,0
6309.0,1
6309.25,0
6319.25,1
6319.5,0
6321.0,1
6321.25,0
6321.75,1
6323.0,0
6324.0,1
6324.25,0
6325.25,1
6325.5,0
6325.75,1
6326.75,0
6327.0,1
6329.25,0
6332.0,1
6332.25,0
6333.5,1
6333.75,0
6342.25,1
6343.0,0
6343.25,1
6343.5,0
6345.25,1
6347.0,0
6347.25,1
6348.0,0
6348.25,1
6348.5,0
6348.75,1
6349.5,0
6349.75,1
6350.5,0
6350.75,1
6351.5,0
6351.75,1
6352.5,0
6352.75,1
6353.0,0
6353.5,1
6353.75,0
6356.75,1
6357.0,0
6416.5,1
6416.75,0
6417.0,1
6418.25,0
6418.5,1
6419.0,0
6419.25,1
6419.5,0
6419.75,1
6420.25,0
6420.75,1
6421.0,0
6421.5,1
6422.0,0
6422.25,1
6422.5,0
6423.5,1
6424.75,0
6425.25,1
6425.5,0
6429.75,1
6430.0,0
6439.25,1
6439.5,0
6440.75,1
6441.0,0
6441.5,1
6442.0,0
6442.25,1
6444.25,0
6444.5,1
6444.75,0
6445.0,1
6445.5,0
6445.75,1
6446.0,0
6446.25,1
6446.5,0
6446.75,1
6447.0,0
6447.25,1
6447.75,0
6448.0,1
6449.0,0
6449.25,1
6449.5,0
6450.0,1
6450.25,0
6453.75,1
6454.25,0
6463.5,1
6463.75,0
6464.0,1
6465.0,0
6465.25,1
6467.5,0
6467.75,1
6469.0,0
6469.25,1
6469.75,0
6470.0,1
6470.25,0
6470.5,1
6470.75,0
6471.0,1
6471.25,0
6471.5,1
6473.0,0
6473.25,1
6473.5,0
6486.5,1
6487.5,0
6487.75,1
6488.0,0
6488.75,1
6489.5,0
6490.0,1
6491.0,0
6491.25,1
6493.0,0
6493.5,1
6494.5,0
6495.0,1
6495.25,0
6495.75,1
6497.5,0
6513.25,1
6515.75,0
6516.25,1
6516.5,0
6516.75,1
6520.0,0
6520.25,1
6520.75,0
6521.0,1
6521.5,0
6524.0,1
6524.5,0
6584.5,1
6585.0,0
6585.75,1
6586.0,0
6586.25,1
6588.5,0
6589.25,1
6589.75,0
6590.0,1
6593.25,0
6606.25,1
6606.5,0
6608.75,1
6610.0,0
6610.5,1
6611.25,0
6612.0,1
6612.25,0
6612.5,1
6612.75,0
6613.0,1
6613.75,0
6614.25,1
6614.5,0
6614.75,1
6617.25,0
6631.75,1
6632.0,0
6632.5,1
6632.75,0
6633.0,1
6633.25,0
6633.5,1
6635.25,0
6635.5,1
6635.75,0
6636.0,1
6638.75,0
6639.0,1
6639.25,0
6639.75,1
6640.25,0
6640.5,1
6641.25,0
6657.0,1
6659.5,0
6660.0,1
6662.0,0
6662.25,1
6662.5,0
6662.75,1
6664.0,0
6664.25,1
6664.5,0
6675.75,1
6676.0,0
6679.75,1
6680.5,0
6681.25,1
6684.25,0
6684.75,1
6685.0,0
6685.5,1
6687.0,0
6687.25,1
6687.75,0
6688.0,1
6688.25,0
6688.5,1
6689.25,0
6753.0,1
6754.0,0
6754.5,1
6755.5,0
6756.0,1
6757.5,0
6757.75,1
6758.5,0
6758.75,1
6761.0,0
6761.25,1
6761.5,0
6801.0,1
6801.5,0
6802.0,1
6803.0,0
6803.25,1
6806.75,0
6807.0,1
6807.25,0
6807.5,1
6808.25,0
6808.5,1
6809.25,0
6809.75,1
6810.0,0
6812.25,1
6812.5,0
6823.25,1
6823.5,0
6823.75,1
6824.0,0
6824.75,1
6825.0,0
6825.25,1
6825.5,0
6826.0,1
6828.25,0
6828.5,1
6833.25,0
6836.5,1
6836.75,0
6848.25,1
6848.75,0
6849.0,1
6851.0,0
6851.25,1
6852.5,0
6852.75,1
6853.75,0
6854.0,1
6854.5,0
6854.75,1
6855.0,0
6855.75,1
6856.25,0
6856.5,1
6857.5,0
6861.5,1
6861.75,0
6921.25,1
6922.5,0
6922.75,1
6923.5,0
6923.75,1
6924.5,0
6924.75,1
6925.0,0
6925.25,1
6925.5,0
6925.75,1
6927.75,0
6928.75,1
6929.5,0
6942.75,1
6943.0,0
6943.5,1
6943.75,0
6944.25,1
6944.5,0
6944.75,1
6945.0,0
6945.25,1
6946.5,0
6947.0,1
6947.5,0
6947.75,1
6948.25,0
6948.5,1
6951.0,0
6951.25,1
6952.0,0
6952.25,1
6952.75,0
6956.25,1
6956.5,0
6958.5,1
6958.75,0
6968.75,1
6969.0,0
6969.25,1
6969.5,0
6969.75,1
6970.25,0
6970.5,1
6972.25,0
6972.5,1
6973.25,0
6973.5,1
6975.5,0
6975.75,1
6976.5,0
6976.75,1
6977.0,0
6990.25,1
6990.5,0
6991.0,1
6991.25,0
6991.5,1
6991.75,0
6993.0,1
6993.25,0
6993.5,1
6994.5,0
6994.75,1
6995.5,0
6995.75,1
6997.0,0
6997.25,1
6998.25,0
6998.5,1
7001.5,0
7004.0,1
7004.25,0
7005.25,1
7005.5,0
7016.0,1
7016.25,0
7016.75,1
7017.0,0
7018.0,1
7018.25,0
7018.5,1
7021.0,0
7021.5,1
7022.25,0
7022.75,1
7024.5,0
7025.0,1
7025.75,0
7086.25,1
7086.5,0
7089.25,1
7090.75,0
7091.0,1
7092.25,0
7092.5,1
7093.25,0
7093.75,1
7094.5,0
7094.75,1
7095.0,0
7095.25,1
7096.75,0
7097.0,1
7097.25,0
7110.25,1
7110.5,0
7113.25,1
7113.5,0
7113.75,1
7114.0,0
7114.5,1
7115.75,0
7116.0,1
7116.5,0
7116.75,1
7117.5,0
7117.75,1
7118.25,0
7118.5,1
7118.75,0
7119.25,1
7120.75,0
7121.0,1
7121.25,0
7121.75,1
7122.0,0
7125.0,1
7125.25,0
7134.25,1
7134.5,0
7135.75,1
7136.5,0
7136.75,1
7137.0,0
7137.5,1
7140.0,0
7140.25,1
7140.75,0
7141.0,1
7142.75,0
7143.0,1
7144.0,0
7144.25,1
7145.0,0
7145.25,1
7145.5,0
7157.25,1
7157.5,0
7159.5,1
7160.0,0
7161.0,1
7162.0,0
7162.25,1
7163.0,0
7163.25,1
7163.75,0
7164.25,1
7164.5,0
7165.25,1
7165.75,0
7166.0,1
7167.5,0
7167.75,1
7169.25,0
7183.0,1
7183.25,0
7184.25,1
7184.5,0
7185.0,1
7185.25,0
7185.5,1
7186.0,0
7186.25,1
7187.5,0
7187.75,1
7188.25,0
7188.5,1
7189.25,0
7189.5,1
7190.25,0
7191.0,1
7191.75,0
7192.0,1
7192.75,0
7193.0,1
7193.5,0
7254.0,1
7254.25,0
7255.25,1
7255.5,0
7257.5,1
7258.5,0
7258.75,1
7262.75,0
7263.0,1
7264.5,0
7264.75,1
7265.0,0
7278.5,1
7278.75,0
7280.0,1
7280.25,0
7280.75,1
7282.75,0
7283.0,1
7283.75,0
7284.0,1
7284.5,0
7284.75,1
7286.5,0
7287.0,1
7289.25,0
7293.75,1
7294.0,0
7303.75,1
7304.25,0
7304.5,1
7304.75,0
7305.0,1
7305.25,0
7305.5,1
7305.75,0
7306.0,1
7306.25,0
7306.5,1
7307.25,0
7307.5,1
7311.0,0
7311.5,1
7312.25,0
7312.5,1
7312.75,0
7313.25,1
7313.5,0
7317.25,1
7317.5,0
7325.75,1
7326.0,0
7327.25,1
7327.5,0
7329.25,1
7332.75,0
7333.0,1
7337.25,0
7340.75,1
7341.0,0
7351.0,1
7351.25,0
7353.75,1
7356.0,0
7356.25,1
7356.5,0
7356.75,1
7358.25,0
7358.5,1
7359.0,0
7359.25,1
7359.75,0
7360.0,1
7361.0,0
7361.25,1
7361.5,0
7422.75,1
7423.0,0
7425.25,1
7425.5,0
7425.75,1
7426.25,0
7426.5,1
7427.0,0
7427.25,1
7427.75,0
7428.0,1
7430.0,0
7430.75,1
7431.25,0
7431.75,1
7432.5,0
7432.75,1
7433.25,0
7433.5,1
7433.75,0
7446.25,1
7446.5,0
7449.25,1
7449.75,0
7450.0,1
7452.0,0
7452.25,1
7453.0,0
7453.5,1
7454.0,0
7454.5,1
7456.0,0
7456.75,1
7457.5,0
7473.0,1
7473.25,0
7473.5,1
7477.25,0
7477.5,1
7478.5,0
7478.75,1
7479.25,0
7479.5,1
7480.0,0
7480.25,1
7480.5,0
7480.75,1
7481.0,0
7481.75,1
7482.0,0
7484.25,1
7484.5,0
7496.0,1
7496.25,0
7497.0,1
7497.75,0
7498.0,1
7499.5,0
7499.75,1
7500.5,0
7500.75,1
7501.0,0
7501.25,1
7502.0,0
7502.25,1
7504.25,0
7504.5,1
7505.25,0
7505.5,1
7505.75,0
7519.5,1
7519.75,0
7521.0,1
7521.25,0
7521.5,1
7523.0,0
7523.25,1
7524.75,0
7525.5,1
7527.0,0
7527.25,1
7527.5,0
7527.75,1
7528.5,0
7528.75,1
7529.0,0
7533.0,1
7533.25,0
7533.5,1
7533.75,0
7592.25,1
7592.5,0
7592.75,1
7593.25,0
7593.5,1
7596.0,0
7596.25,1
7596.5,0
7596.75,1
7597.25,0
7597.75,1
7599.0,0
7599.25,1
7599.5,0
7599.75,1
7600.5,0
7600.75,1
7601.5,0
7604.25,1
7604.5,0
7617.25,1
7617.5,0
7617.75,1
7618.75,0
7619.0,1
7619.25,0
7619.5,1
7619.75,0
7620.0,1
7620.25,0
7620.5,1
7621.0,0
7621.25,1
7621.75,0
7622.0,1
7623.0,0
7623.25,1
7624.0,0
7624.25,1
7624.5,0
7640.75,1
7641.0,0
7641.25,1
7641.5,0
7641.75,1
7642.5,0
7642.75,1
7643.25,0
7643.5,1
7644.5,0
7644.75,1
7645.25,0
7645.75,1
7646.0,0
7646.25,1
7649.25,0
7661.75,1
7662.0,0
7664.75,1
7665.0,0
7665.25,1
7666.25,0
7666.75,1
7667.25,0
7667.5,1
7669.25,0
7669.5,1
7670.25,0
7671.0,1
7672.75,0
7677.5,1
7677.75,0
7678.25,1
7678.75,0
7689.25,1
7690.5,0
7690.75,1
7692.75,0
7693.0,1
7693.75,0
7694.0,1
7697.0,0
7697.5,1
7697.75,0
7758.25,1
7759.0,0
7759.25,1
7759.5,0
7760.0,1
7760.25,0
7760.5,1
7762.75,0
7763.0,1
7763.25,0
7763.5,1
7765.5,0
7765.75,1
7766.0,0
7766.75,1
7768.0,0
7768.25,1
7769.0,0
7769.75,1
7770.0,0
7773.75,1
7774.0,0
7784.25,1
7784.5,0
7784.75,1
7785.25,0
7785.5,1
7787.0,0
7787.25,1
7789.5,0
7789.75,1
7790.0,0
7790.5,1
7791.25,0
7791.5,1
7792.25,0
7792.5,1
7793.25,0
7795.5,1
7795.75,0
7806.0,1
7806.25,0
7809.0,1
7809.25,0
7809.75,1
7813.5,0
7813.75,1
7814.5,0
7814.75,1
7815.0,0
7815.5,1
7816.75,0
7817.0,1
7817.25,0
7832.25,1
7832.5,0
7833.5,1
7833.75,0
7834.0,1
7835.75,0
7836.25,1
7839.5,0
7839.75,1
7840.75,0
7841.0,1
7841.25,0
7927.75,1
7928.0,0
7928.75,1
7929.0,0
7929.25,1
7933.5,0
7933.75,1
7934.0,0
7934.25,1
7935.0,0
7935.25,1
7935.5,0
7935.75,1
7936.0,0
7936.25,1
7936.5,0
7936.75,1
7937.0,0
7941.0,1
7941.5,0
7949.5,1
7950.25,0
7950.5,1
7950.75,0
7952.5,1
7953.0,0
7953.25,1
7953.5,0
7954.0,1
7954.25,0
7954.5,1
7955.0,0
7955.25,1
7955.75,0
7956.0,1
7956.75,0
7957.0,1
7957.25,0
7957.75,1
7958.0,0
7958.25,1
7958.5,0
7958.75,1
7959.25,0
7959.5,1
7960.0,0
7960.25,1
7960.5,0
7960.75,1
7961.25,0
7963.75,1
7964.0,0
7976.5,1
7978.5,0
7978.75,1
7979.0,0
7979.5,1
7979.75,0
7980.0,1
7981.5,0
7981.75,1
7983.5,0
7984.0,1
7984.25,0
7984.5,1
7985.25,0
8000.5,1
8001.5,0
8001.75,1
8009.0,0
8012.75,1
8013.0,0
8024.75,1
8025.0,0
8025.25,1
8026.5,0
8027.0,1
8028.0,0
8028.25,1
8028.5,0
8028.75,1
8029.25,0
8029.5,1
8031.25,0
8031.5,1
8031.75,0
8032.0,1
8033.25,0
8035.5,1
8035.75,0
8096.75,1
8098.0,0
8098.25,1
8099.0,0
8099.25,1
8099.5,0
8100.25,1
8100.75,0
8101.5,1
8104.0,0
8104.25,1
8104.75,0
8105.0,1
8105.25,0
8119.25,1
8119.5,0
8119.75,1
8120.0,0
8121.0,1
8121.25,0
8121.5,1
8123.0,0
8123.25,1
8124.0,0
8124.25,1
8125.0,0
8125.25,1
8126.25,0
8126.5,1
8127.5,0
8127.75,1
8128.0,0
8128.5,1
8128.75,0
8132.25,1
8132.5,0
8144.75,1
8145.0,0
8145.25,1
8145.5,0
8146.0,1
8148.5,0
8148.75,1
8149.25,0
8149.5,1
8150.25,0
8150.5,1
8150.75,0
8151.0,1
8153.25,0
8158.0,1
8158.25,0
8165.25,1
8165.5,0
8166.0,1
8166.25,0
8167.25,1
8167.5,0
8167.75,1
8168.0,0
8169.25,1
8169.5,0
8169.75,1
8170.75,0
8171.0,1
8171.75,0
8172.0,1
8173.5,0
8174.0,1
8175.25,0
8175.5,1
8176.25,0
8176.5,1
8177.0,0
8177.5,1
8177.75,0
8193.0,1
8193.5,0
8193.75,1
8194.0,0
8194.25,1
8194.5,0
8194.75,1
8195.25,0
8195.5,1
8200.0,0
8200.25,1
8201.0,0
8201.5,1
8201.75,0
8205.5,1
8205.75,0
8262.25,1
8262.5,0
8264.25,1
8264.5,0
8264.75,1
8265.0,0
8265.5,1
8266.5,0
8267.0,1
8268.0,0
8268.25,1
8268.5,0
8268.75,1
8269.25,0
8269.5,1
8273.25,0
8275.75,1
8276.0,0
8276.25,1
8276.5,0
8277.5,1
8277.75,0
8285.5,1
8285.75,0
8288.75,1
8289.5,0
8289.75,1
8290.75,0
8291.25,1
8293.25,0
8293.5,1
8294.25,0
8294.5,1
8294.75,0
8295.0,1
8296.0,0
8296.25,1
8297.25,0
8297.5,1
8297.75,0
8311.0,1
8311.25,0
8311.5,1
8311.75,0
8313.25,1
8316.0,0
8316.25,1
8316.5,0
8316.75,1
8317.5,0
8317.75,1
8319.0,0
8319.25,1
8320.5,0
8320.75,1
8321.0,0
8321.25,1
8321.5,0
8334.25,1
8334.5,0
8336.25,1
8336.5,0
8336.75,1
8337.0,0
8337.25,1
8337.5,0
8338.0,1
8340.5,0
8340.75,1
8342.25,0
8342.75,1
8343.0,0
8343.25,1
8344.5,0
8344.75,1
8345.0,0
8345.5,1
8345.75,0
8358.75,1
8359.25,0
8359.75,1
8360.0,0
8360.25,1
8360.5,0
8361.5,1
8361.75,0
8362.0,1
8362.5,0
8362.75,1
8363.25,0
8363.75,1
8364.5,0
8364.75,1
8365.0,0
8365.25,1
8366.0,0
8366.25,1
8367.25,0
8367.5,1
8367.75,0
8368.0,1
8369.0,0
8369.25,1
8369.5,0
8432.5,1
8432.75,0
8433.0,1
8437.25,0
8437.5,1
8440.25,0
8440.5,1
8440.75,0
8441.25,1
8441.5,0
8454.25,1
8454.5,0
8454.75,1
8455.0,0
8456.75,1
8457.25,0
8457.75,1
8459.25,0
8459.5,1
8460.0,0
8460.25,1
8460.75,0
8461.5,1
8462.5,0
8462.75,1
8463.0,0
8463.25,1
8464.0,0
8464.5,1
8464.75,0
8465.0,1
8465.75,0
8469.25,1
8469.5,0
8478.25,1
8478.5,0
8480.75,1
8481.25,0
8481.5,1
8482.0,0
8482.25,1
8483.25,0
8483.5,1
8484.25,0
8484.5,1
8485.0,0
8485.25,1
8486.25,0
8486.75,1
8487.5,0
8488.0,1
8488.75,0
8489.0,1
8489.5,0
8492.5,1
8492.75,0
8504.0,1
8504.25,0
8504.75,1
8505.25,0
8505.75,1
8507.0,0
8507.25,1
8508.5,0
8508.75,1
8510.75,0
8511.0,1
8511.25,0
8513.0,1
8513.25,0
8513.5,1
8513.75,0
8517.5,1
8517.75,0
8528.0,1
8528.25,0
8528.75,1
8529.25,0
8529.75,1
8530.5,0
8531.0,1
8531.75,0
8532.25,1
8533.0,0
8533.25,1
8534.25,0
8534.5,1
8535.0,0
8535.5,1
8536.5,0
8536.75,1
8537.25,0
8623.25,1
8623.5,0
8623.75,1
8624.0,0
8624.75,1
8627.5,0
8627.75,1
8628.25,0
8628.5,1
8629.0,0
8629.25,1
8629.5,0
8629.75,1
8630.5,0
8630.75,1
8632.5,0
8632.75,1
8633.0,0
8633.25,1
8633.5,0
8636.25,1
8636.5,0
8638.0,1
8638.25,0
8646.75,1
8647.0,0
8648.75,1
8650.5,0
8650.75,1
8657.25,0
8670.25,1
8670.5,0
8673.0,1
8675.5,0
8675.75,1
8678.25,0
8678.5,1
8681.25,0
8684.25,1
8684.5,0
8685.0,1
8685.25,0
8695.75,1
8696.0,0
8697.5,1
8698.25,0
8698.5,1
8698.75,0
8699.0,1
8699.5,0
8699.75,1
8700.0,0
8700.5,1
8701.0,0
8701.25,1
8703.25,0
8703.5,1
8704.75,0
8705.0,1
8705.25,0
