#1


float Room-218B (1327,2)
0.0,0
32.75,1
41.5,0
46.25,1
46.5,0
56.5,1
66.25,0
68.0,1
68.25,0
80.5,1
89.75,0
104.75,1
114.0,0
117.75,1
118.0,0
126.25,1
126.5,0
128.0,1
128.25,0
128.5,1
138.0,0
138.5,1
138.75,0
199.75,1
200.0,0
200.25,1
209.25,0
224.0,1
224.5,0
224.75,1
233.75,0
238.25,1
238.5,0
248.25,1
258.0,0
261.0,1
261.25,0
271.0,1
271.25,0
272.25,1
281.75,0
290.0,1
290.25,0
294.5,1
294.75,0
295.0,1
295.25,0
296.5,1
305.5,0
305.75,1
306.0,0
309.0,1
309.25,0
368.25,1
368.5,0
368.75,1
377.75,0
381.75,1
382.0,0
392.5,1
401.0,0
401.5,1
402.0,0
438.5,1
438.75,0
441.0,1
449.25,0
452.0,1
452.25,0
454.25,1
454.5,0
462.5,1
462.75,0
464.0,1
473.5,0
536.75,1
545.5,0
548.0,1
548.25,0
558.25,1
558.5,0
560.0,1
569.5,0
583.25,1
583.5,0
584.0,1
584.5,0
584.75,1
593.25,0
596.5,1
596.75,0
597.75,1
598.0,0
608.0,1
617.0,0
617.25,1
618.25,0
620.0,1
620.25,0
631.0,1
631.25,0
631.75,1
632.0,0
632.5,1
642.0,0
646.0,1
646.25,0
702.0,1
702.25,0
704.5,1
713.75,0
729.0,1
737.75,0
751.25,1
752.0,0
752.5,1
761.75,0
774.25,1
774.5,0
776.75,1
785.75,0
788.25,1
788.5,0
800.0,1
809.5,0
813.25,1
813.5,0
872.25,1
881.5,0
896.75,1
905.5,0
919.25,1
919.75,0
920.0,1
920.5,0
920.75,1
925.0,0
925.25,1
929.0,0
929.5,1
929.75,0
933.0,1
933.25,0
945.0,1
953.0,0
953.25,1
953.5,0
957.75,1
958.0,0
968.5,1
977.0,0
977.25,1
977.5,0
1039.5,1
1039.75,0
1040.5,1
1049.25,0
1053.75,1
1054.0,0
1064.25,1
1064.5,0
1064.75,1
1073.5,0
1077.5,1
1077.75,0
1112.25,1
1121.75,0
1124.25,1
1124.5,0
1136.75,1
1145.75,0
1149.5,1
1149.75,0
1208.0,1
1217.25,0
1217.5,1
1217.75,0
1231.5,1
1231.75,0
1232.5,1
1241.25,0
1241.5,1
1241.75,0
1244.0,1
1244.25,0
1254.0,1
1254.25,0
1254.75,1
1255.0,0
1256.75,1
1265.5,0
1276.5,1
1276.75,0
1279.0,1
1279.25,0
1281.0,1
1289.25,0
1289.5,1
1289.75,0
1291.0,1
1291.25,0
1292.75,1
1293.0,0
1304.0,1
1313.25,0
1374.5,1
1374.75,0
1376.25,1
1385.75,0
1397.75,1
1398.25,0
1398.5,1
1398.75,0
1400.25,1
1400.5,0
1401.0,1
1410.25,0
1422.25,1
1422.5,0
1424.5,1
1433.25,0
1437.0,1
1437.25,0
1448.75,1
1457.5,0
1460.5,1
1460.75,0
1472.0,1
1472.5,0
1472.75,1
1480.75,0
1481.0,1
1481.5,0
1485.5,1
1485.75,0
1544.5,1
1553.0,0
1553.75,1
1554.0,0
1569.0,1
1577.5,0
1589.75,1
1590.0,0
1590.5,1
1591.0,0
1592.25,1
1601.75,0
1616.25,1
1625.75,0
1638.75,1
1639.0,0
1640.25,1
1649.0,0
1649.5,1
1649.75,0
1653.5,1
1653.75,0
1709.5,1
1709.75,0
1712.25,1
1716.75,0
1717.0,1
1721.5,0
1736.75,1
1745.75,0
1760.25,1
1760.5,0
1760.75,1
1769.5,0
1781.5,1
1781.75,0
1784.75,1
1793.75,0
1794.25,1
1794.5,0
1806.75,1
1807.0,0
1808.75,1
1817.75,0
1820.5,1
1821.0,0
1821.5,1
1821.75,0
1880.25,1
1880.5,0
1881.0,1
1889.25,0
1889.5,1
1889.75,0
1893.0,1
1893.25,0
1894.0,1
1894.25,0
1904.75,1
1913.75,0
1917.0,1
1917.25,0
1925.5,1
1925.75,0
1929.0,1
1937.75,0
1952.5,1
1961.75,0
1965.25,1
1965.5,0
1976.5,1
1985.5,0
2048.25,1
2057.75,0
2072.0,1
2082.0,0
2083.75,1
2084.0,0
2085.75,1
2086.0,0
2094.0,1
2094.25,0
2096.25,1
2105.75,0
2108.5,1
2108.75,0
2118.5,1
2118.75,0
2120.75,1
2129.5,0
2130.0,1
2130.5,0
2133.25,1
2133.5,0
2134.0,1
2134.25,0
2142.75,1
2143.0,0
2144.75,1
2153.25,0
2157.0,1
2157.25,0
2216.0,1
2216.25,0
2216.5,1
2225.5,0
2225.75,1
2226.25,0
2227.5,1
2227.75,0
2240.75,1
2249.75,0
2262.0,1
2262.25,0
2264.25,1
2274.0,0
2286.5,1
2286.75,0
2288.25,1
2288.5,0
2288.75,1
2297.5,0
2311.75,1
2312.0,0
2312.75,1
2321.5,0
2384.75,1
2393.5,0
2408.25,1
2408.5,0
2408.75,1
2418.0,0
2429.5,1
2430.0,0
2432.75,1
2441.5,0
2453.5,1
2453.75,0
2455.5,1
2456.0,0
2456.25,1
2465.5,0
2468.0,1
2468.5,0
2469.25,1
2469.5,0
2481.0,1
2489.5,0
2552.75,1
2561.5,0
2576.25,1
2585.5,0
2586.0,1
2586.25,0
2600.5,1
2609.25,0
2624.0,1
2634.0,0
2648.75,1
2653.0,0
2653.5,1
2657.75,0
2721.25,1
2729.0,0
2729.5,1
2730.25,0
2731.5,1
2731.75,0
2742.25,1
2742.5,0
2744.75,1
2754.0,0
2756.75,1
2757.0,0
2766.25,1
2766.75,0
2767.0,1
2767.25,0
2768.5,1
2777.0,0
2777.25,1
2778.75,0
2781.0,1
2781.25,0
2781.75,1
2782.0,0
2792.25,1
2801.0,0
2801.25,1
2801.5,0
2802.0,1
2802.25,0
2805.25,1
2805.5,0
2814.0,1
2814.25,0
2814.75,1
2815.0,0
2817.0,1
2825.5,0
2829.5,1
2829.75,0
2886.25,1
2886.5,0
2888.25,1
2897.75,0
2910.0,1
2910.25,0
2910.75,1
2911.0,0
2912.0,1
2912.75,0
2913.0,1
2921.75,0
2926.0,1
2926.25,0
2933.75,1
2934.0,0
2936.25,1
2945.25,0
2960.0,1
2969.5,0
2973.75,1
2974.0,0
2983.25,1
2983.5,0
2983.75,1
2993.5,0
3056.5,1
3065.75,0
3069.75,1
3070.0,0
3076.75,1
3077.0,0
3081.25,1
3089.75,0
3104.5,1
3113.25,0
3128.0,1
3137.25,0
3140.75,1
3141.0,0
3152.5,1
3161.25,0
3161.5,1
3161.75,0
3223.75,1
3224.0,0
3224.5,1
3233.25,0
3247.25,1
3247.5,0
3248.0,1
3257.75,0
3271.5,1
3271.75,0
3272.0,1
3282.25,0
3296.25,1
3296.5,0
3297.0,1
3305.5,0
3318.5,1
3318.75,0
3320.0,1
3329.75,0
3331.25,1
3331.5,0
3331.75,1
3332.0,0
3392.5,1
3401.5,0
3402.0,1
3402.25,0
3416.0,1
3416.75,0
3417.0,1
3425.5,0
3426.0,1
3426.25,0
3440.5,1
3449.5,0
3450.0,1
3450.25,0
3452.75,1
3453.0,0
3462.75,1
3463.0,0
3463.75,1
3464.0,0
3464.5,1
3473.5,0
3477.5,1
3477.75,0
3488.25,1
3497.75,0
3560.25,1
3569.25,0
3569.75,1
3570.0,0
3608.75,1
3617.25,0
3619.5,1
3619.75,0
3633.0,1
3641.5,0
3642.0,1
3642.25,0
3646.25,1
3646.5,0
3653.5,1
3653.75,0
3656.75,1
3666.0,0
3666.25,1
3666.5,0
3670.5,1
3670.75,0
3728.75,1
3738.0,0
3741.75,1
3742.0,0
3752.5,1
3761.75,0
3764.25,1
3764.5,0
3776.25,1
3785.25,0
3785.5,1
3786.5,0
3789.5,1
3789.75,0
3800.25,1
3800.5,0
3800.75,1
3809.75,0
3824.5,1
3833.25,0
3836.25,1
3836.5,0
3895.75,1
3896.0,0
3896.5,1
3905.5,0
3920.5,1
3929.25,0
3932.0,1
3932.25,0
3933.0,1
3933.25,0
3942.75,1
3943.25,0
3944.0,1
3944.5,0
3944.75,1
3953.75,0
3957.25,1
3957.5,0
3957.75,1
3958.0,0
3966.5,1
3966.75,0
3967.25,1
3967.5,0
3968.5,1
3974.5,0
3974.75,1
3977.25,0
3979.75,1
3980.0,0
3980.25,1
3980.5,0
3991.75,1
3992.0,0
3992.75,1
4001.25,0
4001.5,1
4001.75,0
4064.25,1
4073.5,0
4086.5,1
4086.75,0
4088.25,1
4097.25,0
4101.75,1
4102.0,0
4103.0,1
4103.25,0
4112.5,1
4121.5,0
4135.0,1
4135.25,0
4137.0,1
4145.75,0
4149.25,1
4149.5,0
4149.75,1
4150.0,0
4159.75,1
4160.5,0
4160.75,1
4170.0,0
4232.0,1
4241.75,0
4242.75,1
4243.0,0
4244.25,1
4244.5,0
4256.5,1
4257.0,0
4257.25,1
4265.75,0
4268.75,1
4269.0,0
4280.0,1
4289.5,0
4301.5,1
4301.75,0
4303.0,1
4303.25,0
4304.75,1
4313.75,0
4317.25,1
4317.5,0
4328.75,1
4337.25,0
4337.5,1
4337.75,0
4341.0,1
4341.25,0
4342.5,1
4342.75,0
4401.0,1
4409.75,0
4413.0,1
4413.25,0
4447.0,1
4447.25,0
4448.5,1
4457.75,0
4458.0,1
4458.25,0
4461.0,1
4461.25,0
4462.5,1
4462.75,0
4470.5,1
4470.75,0
4471.75,1
4472.0,0
4472.25,1
4481.75,0
4496.25,1
4505.5,0
4509.75,1
4510.0,0
4568.5,1
4568.75,0
4569.0,1
4577.0,0
4577.5,1
4577.75,0
4590.75,1
4591.0,0
4592.25,1
4601.5,0
4605.5,1
4605.75,0
4617.0,1
4617.5,0
4617.75,1
4625.25,0
4637.75,1
4638.25,0
4640.25,1
4649.75,0
4650.0,1
4650.25,0
4653.0,1
4653.25,0
4664.25,1
4673.75,0
4736.25,1
4745.25,0
4759.25,1
4759.5,0
4760.25,1
4769.75,0
4771.5,1
4771.75,0
4784.75,1
4793.75,0
4796.75,1
4797.0,0
4806.0,1
4806.25,0
4807.0,1
4807.25,0
4808.75,1
4817.25,0
4817.5,1
4817.75,0
4820.25,1
4820.5,0
4832.25,1
4842.0,0
4904.75,1
4913.25,0
4913.5,1
4913.75,0
4914.5,1
4914.75,0
4927.75,1
4928.0,0
4928.5,1
4938.25,0
4952.5,1
4953.0,0
4953.25,1
4962.25,0
4976.5,1
4986.0,0
4998.75,1
4999.0,0
5000.25,1
5000.5,0
5000.75,1
5010.0,0
5070.5,1
5070.75,0
5071.75,1
5072.0,0
5072.75,1
5081.5,0
5081.75,1
5082.0,0
5086.25,1
5086.75,0
5096.5,1
5105.5,0
5118.75,1
5119.0,0
5120.25,1
5129.25,0
5132.0,1
5132.25,0
5132.5,1
5132.75,0
5133.25,1
5133.5,0
5144.75,1
5153.75,0
5166.75,1
5167.0,0
5167.25,1
5167.5,0
5168.5,1
5168.75,0
5169.0,1
5178.0,0
5181.75,1
5182.25,0
5240.5,1
5249.25,0
5249.75,1
5250.5,0
5264.25,1
5273.25,0
5273.5,1
5273.75,0
5288.25,1
5288.75,0
5289.0,1
5297.25,0
5301.0,1
5301.25,0
5312.75,1
5321.75,0
5336.25,1
5345.25,0
5348.75,1
5349.0,0
5408.25,1
5417.25,0
5421.0,1
5421.25,0
5432.0,1
5441.5,0
5444.25,1
5444.5,0
5444.75,1
5445.0,0
5456.75,1
5465.25,0
5468.75,1
5469.25,0
5478.75,1
5479.0,0
5479.25,1
5479.5,0
5480.0,1
5480.25,0
5481.25,1
5489.25,0
5492.75,1
5493.0,0
5503.5,1
5503.75,0
5504.25,1
5504.5,0
5504.75,1
5513.5,0
5513.75,1
5514.0,0
5516.75,1
5517.0,0
5576.25,1
5584.75,0
5585.0,1
5586.0,0
5589.0,1
5589.25,0
5598.0,1
5598.25,0
5600.5,1
5600.75,0
5601.0,1
5609.25,0
5609.5,1
5609.75,0
5614.25,1
5614.5,0
5623.75,1
5624.0,0
5624.25,1
5634.0,0
5635.5,1
5635.75,0
5648.25,1
5658.0,0
5670.25,1
5670.5,0
5671.25,1
5672.0,0
5672.5,1
5681.25,0
5684.75,1
5685.0,0
5744.0,1
5754.0,0
5756.0,1
5756.25,0
5766.75,1
5767.0,0
5767.75,1
5768.0,0
5768.75,1
5772.0,0
5772.25,1
5776.75,0
5777.0,1
5778.0,0
5780.25,1
5780.5,0
5790.25,1
5790.5,0
5792.5,1
5801.5,0
5806.5,1
5806.75,0
5814.75,1
5815.0,0
5816.5,1
5825.5,0
5825.75,1
5826.25,0
5829.5,1
5829.75,0
5837.0,1
5837.25,0
5840.25,1
5849.5,0
5851.5,1
5851.75,0
5904.75,1
5905.0,0
5910.25,1
5910.5,0
5912.5,1
5921.0,0
5924.75,1
5925.0,0
5960.75,1
5969.0,0
5969.5,1
5969.75,0
5983.0,1
5983.5,0
5984.25,1
5984.5,0
5984.75,1
5994.0,0
5996.25,1
5996.5,0
5997.75,1
5998.0,0
6008.75,1
6018.0,0
6078.0,1
6078.25,0
6080.5,1
6089.75,0
6102.5,1
6102.75,0
6105.25,1
6113.5,0
6128.25,1
6128.75,0
6129.0,1
6137.75,0
6142.75,1
6143.0,0
6152.25,1
6152.5,0
6153.25,1
6161.25,0
6175.25,1
6175.5,0
6176.25,1
6176.5,0
6177.0,1
6185.75,0
6246.0,1
6246.25,0
6249.25,1
6257.25,0
6272.75,1
6281.25,0
6296.25,1
6297.0,0
6297.25,1
6305.5,0
6320.25,1
6329.25,0
6343.0,1
6343.25,0
6344.5,1
6353.5,0
6416.75,1
6425.5,0
6439.25,1
6439.5,0
6440.5,1
6440.75,0
6441.0,1
6449.75,0
6453.25,1
6453.5,0
6462.25,1
6462.5,0
6464.5,1
6473.5,0
6476.0,1
6476.25,0
6488.25,1
6496.75,0
6497.0,1
6497.25,0
6497.5,1
6497.75,0
6501.25,1
6501.5,0
6510.25,1
6510.5,0
6512.25,1
6520.75,0
6521.0,1
6522.5,0
6582.5,1
6582.75,0
6584.75,1
6593.5,0
6594.25,1
6594.5,0
6607.5,1
6607.75,0
6608.25,1
6617.25,0
6620.0,1
6620.25,0
6632.75,1
6642.5,0
6656.5,1
6666.25,0
6680.25,1
6680.5,0
6680.75,1
6689.75,0
6691.75,1
6692.0,0
6692.5,1
6692.75,0
6752.5,1
6761.5,0
6800.5,1
6809.5,0
6813.0,1
6813.5,0
6822.75,1
6823.0,0
6824.75,1
6833.25,0
6848.25,1
6857.75,0
6860.0,1
6860.25,0
6860.75,1
6861.0,0
6861.75,1
6862.0,0
6919.5,1
6919.75,0
6920.25,1
6929.25,0
6933.5,1
6933.75,0
6944.5,1
6953.25,0
6956.5,1
6956.75,0
6967.75,1
6977.5,0
6979.25,1
6979.5,0
6992.75,1
7002.25,0
7015.75,1
7016.25,0
7016.5,1
7025.0,0
7025.25,1
7026.5,0
7029.0,1
7029.25,0
7086.25,1
7086.5,0
7088.5,1
7098.25,0
7110.25,1
7110.5,0
7112.5,1
7121.75,0
7124.0,1
7124.25,0
7136.0,1
7136.25,0
7136.75,1
7145.75,0
7158.25,1
7158.75,0
7160.25,1
7169.25,0
7170.0,1
7170.25,0
7172.5,1
7172.75,0
7184.0,1
7194.0,0
7195.25,1
7195.5,0
7196.25,1
7196.5,0
7197.25,1
7197.5,0
7256.25,1
7256.5,0
7256.75,1
7265.5,0
7267.5,1
7267.75,0
7280.0,1
7281.0,0
7281.25,1
7289.5,0
7292.75,1
7293.0,0
7303.75,1
7313.25,0
7328.75,1
7337.25,0
7352.25,1
7353.25,0
7353.5,1
7361.5,0
7363.0,1
7363.25,0
7422.5,1
7422.75,0
7424.25,1
7433.25,0
7434.25,1
7434.5,0
7436.5,1
7436.75,0
7437.25,1
7437.5,0
7448.0,1
7448.5,0
7448.75,1
7457.25,0
7462.0,1
7462.25,0
7472.25,1
7481.75,0
7496.5,1
7505.0,0
7520.5,1
7529.0,0
7529.25,1
7529.75,0
7589.75,1
7590.0,0
7592.0,1
7592.75,0
7593.0,1
7601.25,0
7601.5,1
7601.75,0
7605.25,1
7605.5,0
7607.25,1
7607.5,0
7617.0,1
7625.25,0
7630.0,1
7630.25,0
7640.5,1
7649.25,0
7649.5,1
7649.75,0
7652.0,1
7652.25,0
7664.0,1
7673.5,0
7688.5,1
7697.5,0
7697.75,1
7698.0,0
7700.5,1
7700.75,0
7760.25,1
7760.5,0
7760.75,1
7769.25,0
7784.0,1
7793.75,0
7808.5,1
7818.5,0
7820.5,1
7821.0,0
7822.5,1
7822.75,0
7833.0,1
7837.25,0
7837.5,1
7841.5,0
7842.0,1
7842.5,0
7926.25,1
7926.5,0
7928.25,1
7937.5,0
7940.5,1
7940.75,0
7941.75,1
7942.0,0
7950.5,1
7950.75,0
7951.25,1
7951.5,0
7952.75,1
7961.75,0
7963.75,1
7964.0,0
7976.5,1
7985.25,0
7999.75,1
8000.25,0
8000.5,1
8010.0,0
8012.25,1
8012.5,0
8024.75,1
8033.5,0
8036.25,1
8036.5,0
8036.75,1
8037.0,0
8096.5,1
8105.75,0
8119.75,1
8120.0,0
8120.75,1
8129.5,0
8129.75,1
8130.25,0
8144.5,1
8154.0,0
8157.25,1
8157.75,0
8165.5,1
8165.75,0
8168.75,1
8177.25,0
8177.5,1
8177.75,0
8192.0,1
8201.5,0
8204.5,1
8204.75,0
8205.25,1
8205.5,0
8264.25,1
8273.75,0
8275.25,1
8275.5,0
8287.75,1
8288.0,0
8288.25,1
8297.25,0
8300.75,1
8301.0,0
8312.5,1
8321.75,0
8333.75,1
8334.0,0
8336.5,1
8345.5,0
8360.75,1
8369.25,0
8430.25,1
8430.5,0
8430.75,1
8431.0,0
8432.25,1
8432.75,0
8433.0,1
8441.5,0
8441.75,1
8442.0,0
8445.5,1
8445.75,0
8456.25,1
8465.25,0
8468.5,1
8468.75,0
8480.0,1
8489.25,0
8489.75,1
8490.0,0
8493.25,1
8493.5,0
8502.0,1
8502.25,0
8504.5,1
8513.75,0
8528.5,1
8537.5,0
8541.0,1
8541.5,0
8624.25,1
8633.25,0
8637.75,1
8638.0,0
8645.5,1
8646.0,0
8647.75,1
8648.25,0
8648.5,1
8657.75,0
8672.75,1
8681.5,0
8684.25,1
8684.5,0
8685.5,1
8685.75,0
8695.75,1
8696.0,0
8696.75,1
8706.0,0
8709.75,1
8710.0,0
