#1


float Room-102 (4299,2)
0.0,0
30.75,1
31.0,0
33.0,1
35.25,0
35.5,1
35.75,0
36.0,1
36.25,0
36.75,1
39.0,0
39.25,1
39.5,0
39.75,1
41.5,0
46.0,1
46.25,0
55.25,1
55.5,0
57.0,1
57.5,0
57.75,1
58.75,0
59.5,1
59.75,0
60.25,1
61.0,0
61.25,1
61.75,0
62.0,1
62.25,0
62.5,1
65.25,0
70.75,1
71.0,0
78.75,1
79.0,0
79.25,1
79.5,0
81.5,1
82.5,0
82.75,1
84.0,0
84.5,1
84.75,0
85.0,1
85.5,0
85.75,1
86.0,0
86.25,1
86.5,0
86.75,1
89.25,0
104.75,1
105.75,0
106.5,1
107.0,0
107.5,1
107.75,0
108.0,1
108.25,0
108.5,1
109.25,0
109.75,1
110.25,0
110.5,1
113.5,0
129.5,1
130.25,0
130.5,1
131.0,0
131.5,1
132.25,0
132.5,1
132.75,0
134.0,1
136.75,0
137.25,1
137.75,0
199.75,1
200.0,0
201.0,1
201.75,0
202.0,1
203.5,0
203.75,1
204.0,0
204.5,1
207.75,0
208.0,1
208.25,0
208.5,1
208.75,0
209.25,1
209.5,0
212.25,1
212.75,0
223.0,1
223.25,0
224.75,1
225.0,0
225.25,1
227.25,0
227.5,1
228.0,0
228.75,1
230.25,0
230.75,1
231.75,0
232.25,1
232.5,0
232.75,1
233.25,0
248.0,1
248.25,0
248.75,1
249.25,0
249.5,1
252.25,0
252.5,1
253.5,0
253.75,1
254.75,0
255.0,1
255.5,0
255.75,1
256.0,0
256.25,1
257.0,0
257.25,1
257.5,0
269.75,1
270.0,0
271.75,1
272.0,0
273.25,1
275.0,0
276.0,1
276.5,0
276.75,1
277.0,0
277.5,1
278.75,0
279.0,1
279.25,0
279.5,1
281.25,0
287.75,1
288.0,0
292.0,1
292.25,0
295.0,1
295.25,0
296.0,1
296.25,0
296.75,1
297.0,0
297.25,1
297.5,0
297.75,1
298.0,0
298.25,1
299.25,0
299.5,1
302.0,0
302.25,1
302.5,0
302.75,1
304.75,0
305.0,1
305.25,0
368.5,1
368.75,0
369.25,1
369.5,0
369.75,1
370.0,0
370.5,1
373.5,0
373.75,1
376.0,0
376.25,1
377.0,0
377.5,1
377.75,0
393.0,1
394.5,0
394.75,1
396.5,0
397.0,1
397.5,0
397.75,1
400.5,0
401.5,1
401.75,0
438.75,1
439.0,0
440.75,1
442.75,0
443.0,1
443.25,0
443.75,1
444.75,0
445.0,1
445.25,0
446.0,1
446.75,0
447.0,1
447.25,0
447.5,1
448.25,0
448.5,1
449.25,0
452.5,1
452.75,0
463.0,1
463.5,0
465.0,1
465.5,0
465.75,1
468.0,0
468.25,1
469.75,0
470.0,1
470.5,0
471.0,1
471.25,0
471.5,1
472.75,0
473.0,1
473.25,0
535.0,1
535.25,0
535.75,1
536.0,0
536.5,1
536.75,0
537.25,1
538.5,0
538.75,1
539.75,0
540.0,1
540.5,0
540.75,1
541.0,0
541.25,1
541.75,0
542.0,1
544.25,0
544.5,1
545.0,0
546.0,1
546.25,0
558.25,1
558.5,0
561.25,1
561.5,0
562.0,1
562.75,0
563.0,1
563.5,0
563.75,1
564.5,0
564.75,1
566.5,0
566.75,1
567.5,0
567.75,1
569.0,0
585.0,1
585.25,0
586.0,1
586.25,0
586.5,1
587.0,0
587.25,1
587.5,0
587.75,1
590.0,0
590.25,1
591.25,0
591.75,1
593.0,0
597.25,1
597.5,0
606.5,1
606.75,0
607.75,1
608.0,0
608.75,1
609.0,0
609.25,1
612.5,0
612.75,1
613.5,0
614.0,1
615.5,0
615.75,1
616.25,0
618.0,1
618.25,0
632.75,1
633.25,0
633.5,1
634.0,0
634.25,1
635.0,0
635.5,1
636.25,0
636.75,1
637.5,0
638.0,1
638.75,0
639.0,1
640.25,0
640.75,1
641.0,0
641.25,1
641.5,0
704.25,1
704.5,0
704.75,1
705.25,0
705.75,1
707.0,0
707.25,1
711.75,0
712.0,1
713.0,0
713.5,1
713.75,0
728.5,1
729.25,0
729.5,1
730.25,0
730.5,1
731.0,0
731.25,1
731.75,0
732.0,1
737.0,0
737.25,1
737.5,0
740.25,1
740.5,0
750.0,1
751.0,0
751.75,1
752.0,0
753.25,1
754.25,0
754.75,1
755.5,0
755.75,1
756.5,0
757.0,1
761.5,0
765.0,1
765.25,0
765.5,1
765.75,0
776.5,1
776.75,0
777.0,1
777.25,0
777.5,1
779.5,0
779.75,1
780.0,0
780.25,1
780.75,0
781.0,1
784.5,0
784.75,1
785.25,0
800.75,1
801.75,0
802.0,1
803.5,0
803.75,1
804.0,0
804.25,1
804.5,0
804.75,1
805.25,0
805.5,1
805.75,0
806.0,1
806.25,0
806.5,1
808.0,0
808.25,1
808.75,0
809.0,1
809.25,0
871.0,1
871.25,0
873.25,1
876.25,0
876.75,1
877.5,0
878.0,1
879.5,0
879.75,1
880.75,0
885.5,1
885.75,0
886.25,1
886.5,0
895.5,1
895.75,0
896.75,1
898.25,0
898.5,1
899.5,0
899.75,1
901.75,0
902.0,1
902.75,0
903.0,1
903.75,0
904.5,1
905.25,0
919.25,1
919.5,0
920.25,1
920.5,0
921.0,1
921.25,0
921.75,1
922.0,0
922.25,1
922.75,0
923.25,1
924.25,0
924.5,1
926.5,0
926.75,1
927.25,0
927.5,1
928.25,0
928.5,1
929.0,0
943.0,1
943.25,0
945.0,1
946.5,0
946.75,1
947.0,0
947.25,1
948.0,0
948.25,1
952.0,0
952.25,1
952.5,0
953.5,1
953.75,0
967.25,1
967.5,0
969.25,1
971.0,0
971.25,1
971.5,0
971.75,1
973.5,0
973.75,1
974.25,0
974.5,1
975.25,0
975.5,1
977.25,0
1040.0,1
1040.25,0
1040.75,1
1041.25,0
1041.5,1
1042.5,0
1042.75,1
1043.5,0
1044.25,1
1045.75,0
1046.0,1
1047.5,0
1047.75,1
1048.75,0
1049.0,1
1049.5,0
1053.5,1
1053.75,0
1063.0,1
1063.25,0
1064.5,1
1064.75,0
1065.5,1
1066.0,0
1066.25,1
1066.5,0
1066.75,1
1068.25,0
1068.75,1
1069.0,0
1069.25,1
1069.75,0
1070.25,1
1070.75,0
1071.0,1
1071.5,0
1071.75,1
1072.5,0
1072.75,1
1073.0,0
1110.75,1
1111.0,0
1111.25,1
1111.5,0
1113.0,1
1113.5,0
1113.75,1
1115.25,0
1115.5,1
1115.75,0
1116.0,1
1116.5,0
1116.75,1
1117.5,0
1117.75,1
1118.75,0
1119.0,1
1119.25,0
1119.5,1
1120.75,0
1121.0,1
1121.25,0
1125.75,1
1126.0,0
1136.5,1
1136.75,0
1137.25,1
1138.5,0
1138.75,1
1139.5,0
1139.75,1
1140.0,0
1140.25,1
1140.5,0
1141.0,1
1144.75,0
1145.0,1
1145.75,0
1209.25,1
1209.5,0
1209.75,1
1213.75,0
1214.25,1
1215.0,0
1215.25,1
1215.75,0
1216.0,1
1217.25,0
1233.0,1
1233.25,0
1233.75,1
1234.75,0
1235.0,1
1236.0,0
1236.25,1
1236.5,0
1236.75,1
1238.0,0
1238.25,1
1238.5,0
1239.0,1
1239.75,0
1240.0,1
1240.5,0
1241.0,1
1241.5,0
1254.25,1
1254.5,0
1256.0,1
1256.25,0
1256.5,1
1257.0,0
1257.25,1
1259.75,0
1260.0,1
1260.5,0
1260.75,1
1262.25,0
1262.5,1
1264.25,0
1265.0,1
1265.25,0
1265.75,1
1266.0,0
1269.5,1
1269.75,0
1270.0,1
1270.25,0
1279.5,1
1279.75,0
1280.5,1
1280.75,0
1281.5,1
1283.0,0
1283.25,1
1283.5,0
1283.75,1
1286.0,0
1286.25,1
1288.25,0
1288.5,1
1288.75,0
1304.75,1
1305.0,0
1305.25,1
1305.75,0
1306.5,1
1307.25,0
1307.5,1
1307.75,0
1308.0,1
1309.0,0
1309.25,1
1312.5,0
1312.75,1
1313.25,0
1375.75,1
1376.0,0
1376.25,1
1376.5,0
1376.75,1
1377.25,0
1377.75,1
1379.0,0
1379.25,1
1380.25,0
1380.75,1
1382.25,0
1382.5,1
1382.75,0
1383.0,1
1384.25,0
1384.5,1
1385.0,0
1398.5,1
1398.75,0
1399.5,1
1399.75,0
1400.75,1
1401.0,0
1401.25,1
1401.75,0
1402.0,1
1403.0,0
1403.25,1
1405.75,0
1406.25,1
1406.5,0
1407.0,1
1408.75,0
1409.5,1
1409.75,0
1423.0,1
1423.25,0
1424.75,1
1425.5,0
1425.75,1
1427.0,0
1427.25,1
1429.0,0
1429.25,1
1430.5,0
1430.75,1
1431.0,0
1431.75,1
1432.0,0
1432.25,1
1433.0,0
1436.75,1
1437.0,0
1437.5,1
1437.75,0
1446.25,1
1446.5,0
1447.5,1
1447.75,0
1448.75,1
1451.0,0
1451.25,1
1451.5,0
1451.75,1
1453.5,0
1453.75,1
1454.0,0
1454.25,1
1454.75,0
1455.25,1
1455.5,0
1455.75,1
1456.5,0
1456.75,1
1457.25,0
1457.5,1
1457.75,0
1461.0,1
1461.25,0
1470.75,1
1471.0,0
1472.75,1
1473.0,0
1473.5,1
1476.75,0
1477.0,1
1478.75,0
1479.0,1
1479.25,0
1479.5,1
1481.25,0
1542.0,1
1542.25,0
1544.25,1
1544.5,0
1545.0,1
1547.75,0
1548.0,1
1548.25,0
1548.5,1
1551.0,0
1551.25,1
1551.75,0
1552.0,1
1552.75,0
1553.0,1
1553.25,0
1559.25,1
1559.5,0
1566.75,1
1567.0,0
1567.75,1
1568.0,0
1569.0,1
1569.5,0
1569.75,1
1573.5,0
1573.75,1
1577.0,0
1577.25,1
1577.5,0
1579.5,1
1579.75,0
1582.25,1
1582.5,0
1589.75,1
1590.0,0
1592.25,1
1592.5,0
1593.0,1
1593.25,0
1593.75,1
1594.0,0
1594.25,1
1595.5,0
1595.75,1
1596.0,0
1596.25,1
1596.5,0
1596.75,1
1597.0,0
1597.75,1
1598.25,0
1598.5,1
1598.75,0
1599.0,1
1600.0,0
1600.25,1
1601.5,0
1601.75,1
1602.0,0
1604.0,1
1604.25,0
1616.75,1
1617.25,0
1617.5,1
1618.0,0
1618.25,1
1618.5,0
1618.75,1
1620.0,0
1620.25,1
1620.75,0
1621.0,1
1625.0,0
1625.25,1
1625.5,0
1641.25,1
1644.25,0
1644.5,1
1646.0,0
1646.25,1
1648.0,0
1648.25,1
1648.75,0
1649.25,1
1649.5,0
1710.25,1
1710.5,0
1713.0,1
1713.75,0
1714.25,1
1716.0,0
1716.25,1
1716.5,0
1717.25,1
1718.75,0
1719.0,1
1720.25,0
1720.5,1
1721.0,0
1721.25,1
1721.75,0
1734.5,1
1734.75,0
1736.5,1
1736.75,0
1737.25,1
1737.75,0
1738.0,1
1740.5,0
1740.75,1
1741.5,0
1741.75,1
1743.0,0
1743.5,1
1744.0,0
1744.25,1
1745.25,0
1745.5,1
1745.75,0
1761.0,1
1762.5,0
1762.75,1
1765.0,0
1765.75,1
1766.5,0
1766.75,1
1768.0,0
1768.25,1
1769.25,0
1774.0,1
1774.25,0
1784.75,1
1786.75,0
1787.0,1
1787.25,0
1787.5,1
1788.0,0
1788.25,1
1788.75,0
1789.0,1
1789.25,0
1789.5,1
1791.25,0
1791.5,1
1793.0,0
1806.0,1
1806.25,0
1807.0,1
1807.25,0
1808.25,1
1808.5,0
1809.25,1
1811.75,0
1812.0,1
1813.0,0
1813.25,1
1814.0,0
1814.25,1
1814.5,0
1814.75,1
1815.5,0
1815.75,1
1817.25,0
1820.75,1
1821.25,0
1877.5,1
1877.75,0
1880.0,1
1880.25,0
1881.25,1
1882.0,0
1882.25,1
1883.25,0
1883.5,1
1883.75,0
1884.0,1
1884.25,0
1884.75,1
1887.25,0
1887.75,1
1888.5,0
1889.0,1
1889.25,0
1903.25,1
1903.5,0
1906.0,1
1906.5,0
1906.75,1
1907.25,0
1907.5,1
1907.75,0
1908.25,1
1909.5,0
1909.75,1
1911.5,0
1911.75,1
1912.75,0
1928.5,1
1928.75,0
1929.0,1
1929.25,0
1929.5,1
1929.75,0
1930.0,1
1930.25,0
1930.5,1
1930.75,0
1931.25,1
1936.0,0
1936.25,1
1936.75,0
1937.0,1
1937.25,0
1937.5,1
1937.75,0
1942.0,1
1942.25,0
1950.25,1
1950.5,0
1951.0,1
1951.25,0
1953.0,1
1953.5,0
1953.75,1
1956.0,0
1956.25,1
1956.5,0
1956.75,1
1957.5,0
1957.75,1
1958.0,0
1958.25,1
1958.75,0
1959.25,1
1960.75,0
1961.0,1
1961.25,0
1965.0,1
1965.25,0
1974.0,1
1974.25,0
1976.75,1
1977.0,0
1977.5,1
1979.0,0
1979.25,1
1980.25,0
1980.5,1
1982.0,0
1982.25,1
1982.75,0
1983.25,1
1984.0,0
1984.25,1
1984.5,0
2046.25,1
2046.5,0
2049.25,1
2051.0,0
2051.25,1
2051.75,0
2052.0,1
2052.5,0
2052.75,1
2055.75,0
2056.0,1
2056.5,0
2057.25,1
2057.5,0
2071.5,1
2071.75,0
2073.0,1
2073.75,0
2074.0,1
2075.25,0
2075.5,1
2075.75,0
2076.0,1
2076.75,0
2077.0,1
2077.5,0
2077.75,1
2078.0,0
2078.25,1
2080.25,0
2080.5,1
2081.0,0
2081.25,1
2081.5,0
2085.5,1
2085.75,0
2093.5,1
2093.75,0
2095.25,1
2095.75,0
2096.5,1
2096.75,0
2097.0,1
2097.5,0
2097.75,1
2098.0,0
2098.25,1
2098.75,0
2099.0,1
2102.0,0
2102.25,1
2103.75,0
2104.0,1
2104.75,0
2105.25,1
2105.5,0
2118.5,1
2118.75,0
2119.5,1
2119.75,0
2121.25,1
2121.5,0
2121.75,1
2123.25,0
2123.5,1
2128.25,0
2128.75,1
2129.25,0
2132.25,1
2132.5,0
2134.0,1
2134.25,0
2143.0,1
2143.25,0
2144.75,1
2145.25,0
2145.5,1
2145.75,0
2146.0,1
2149.25,0
2149.5,1
2150.75,0
2151.0,1
2151.75,0
2152.0,1
2153.75,0
2157.5,1
2157.75,0
2214.75,1
2215.0,0
2215.25,1
2215.5,0
2217.0,1
2220.25,0
2220.5,1
2220.75,0
2221.25,1
2221.5,0
2221.75,1
2224.0,0
2224.25,1
2224.75,0
2237.75,1
2238.0,0
2241.5,1
2243.5,0
2243.75,1
2246.5,0
2246.75,1
2248.75,0
2249.0,1
2249.5,0
2251.25,1
2251.5,0
2264.75,1
2265.0,0
2265.5,1
2267.75,0
2268.0,1
2270.75,0
2271.0,1
2271.25,0
2272.25,1
2272.75,0
2273.25,1
2273.75,0
2288.5,1
2288.75,0
2289.5,1
2291.75,0
2292.0,1
2294.25,0
2294.5,1
2296.5,0
2296.75,1
2297.25,0
2300.75,1
2301.0,0
2311.0,1
2311.5,0
2312.0,1
2312.75,0
2313.0,1
2315.75,0
2316.0,1
2316.25,0
2316.5,1
2317.25,0
2317.5,1
2318.0,0
2318.75,1
2319.0,0
2319.25,1
2320.75,0
2321.0,1
2321.25,0
2326.25,1
2326.5,0
2384.0,1
2384.25,0
2385.0,1
2385.5,0
2385.75,1
2386.5,0
2386.75,1
2388.0,0
2388.25,1
2390.0,0
2390.25,1
2390.5,0
2390.75,1
2392.75,0
2397.25,1
2397.5,0
2406.75,1
2407.0,0
2408.25,1
2408.5,0
2409.75,1
2411.5,0
2411.75,1
2412.0,0
2412.25,1
2412.75,0
2413.0,1
2413.25,0
2413.5,1
2414.0,0
2414.25,1
2417.25,0
2417.5,1
2417.75,0
2420.0,1
2420.25,0
2430.25,1
2430.5,0
2430.75,1
2431.0,0
2431.25,1
2431.5,0
2432.0,1
2432.25,0
2433.0,1
2434.5,0
2434.75,1
2436.0,0
2436.25,1
2437.25,0
2437.5,1
2438.75,0
2439.0,1
2439.25,0
2439.75,1
2440.0,0
2440.5,1
2440.75,0
2441.0,1
2441.25,0
2453.75,1
2454.0,0
2455.75,1
2456.0,0
2456.75,1
2458.0,0
2458.25,1
2459.75,0
2460.0,1
2461.25,0
2461.5,1
2462.25,0
2462.75,1
2465.25,0
2478.5,1
2478.75,0
2479.0,1
2479.5,0
2480.0,1
2480.25,0
2480.75,1
2481.75,0
2482.0,1
2483.0,0
2483.25,1
2484.0,0
2484.5,1
2484.75,0
2485.25,1
2486.5,0
2486.75,1
2487.5,0
2488.0,1
2488.5,0
2489.25,1
2489.5,0
2552.75,1
2553.0,0
2553.75,1
2555.75,0
2556.0,1
2556.25,0
2556.5,1
2557.5,0
2558.25,1
2559.0,0
2559.5,1
2560.25,0
2560.5,1
2561.25,0
2566.25,1
2566.5,0
2573.75,1
2574.0,0
2577.25,1
2580.25,0
2580.5,1
2581.0,0
2581.5,1
2582.5,0
2583.5,1
2585.25,0
2589.0,1
2589.25,0
2600.25,1
2604.5,0
2604.75,1
2605.0,0
2605.25,1
2607.75,0
2608.0,1
2609.0,0
2624.25,1
2624.5,0
2625.0,1
2625.75,0
2626.0,1
2627.25,0
2627.5,1
2628.75,0
2629.0,1
2629.25,0
2629.5,1
2630.75,0
2631.0,1
2631.75,0
2632.25,1
2633.25,0
2633.75,1
2634.0,0
2647.25,1
2647.5,0
2648.0,1
2648.25,0
2648.75,1
2649.75,0
2650.5,1
2651.0,0
2651.25,1
2652.5,0
2652.75,1
2653.75,0
2654.25,1
2656.0,0
2656.25,1
2656.75,0
2662.0,1
2662.25,0
2720.75,1
2721.0,0
2721.75,1
2723.75,0
2724.0,1
2725.0,0
2725.25,1
2727.25,0
2727.5,1
2728.0,0
2728.25,1
2728.75,0
2729.0,1
2729.25,0
2742.5,1
2742.75,0
2743.25,1
2743.75,0
2745.5,1
2747.0,0
2747.5,1
2747.75,0
2748.0,1
2748.25,0
2748.5,1
2748.75,0
2749.0,1
2749.5,0
2749.75,1
2750.5,0
2751.0,1
2751.5,0
2751.75,1
2752.25,0
2752.5,1
2752.75,0
2753.0,1
2753.5,0
2753.75,1
2754.0,0
2766.25,1
2766.5,0
2768.0,1
2768.25,0
2768.75,1
2769.0,0
2769.25,1
2769.75,0
2770.0,1
2770.5,0
2771.0,1
2774.0,0
2774.25,1
2774.5,0
2774.75,1
2775.0,0
2775.25,1
2776.75,0
2777.25,1
2777.5,0
2780.75,1
2781.0,0
2790.25,1
2790.5,0
2792.0,1
2793.25,0
2793.5,1
2795.0,0
2795.25,1
2795.75,0
2796.25,1
2796.75,0
2797.0,1
2797.25,0
2797.5,1
2797.75,0
2798.25,1
2799.0,0
2799.25,1
2800.75,0
2801.25,1
2801.5,0
2803.5,1
2803.75,0
2804.25,1
2804.5,0
2815.0,1
2815.25,0
2816.25,1
2816.5,0
2817.25,1
2819.0,0
2819.5,1
2820.0,0
2820.25,1
2820.75,0
2821.0,1
2821.25,0
2821.5,1
2821.75,0
2822.25,1
2824.25,0
2824.5,1
2824.75,0
2827.75,1
2828.0,0
2828.75,1
2829.0,0
2886.0,1
2886.25,0
2889.75,1
2891.0,0
2891.5,1
2892.75,0
2893.0,1
2896.75,0
2901.0,1
2901.25,0
2901.75,1
2902.0,0
2910.25,1
2910.5,0
2913.5,1
2914.75,0
2915.0,1
2915.5,0
2916.0,1
2918.25,0
2918.5,1
2918.75,0
2919.25,1
2921.0,0
2921.5,1
2921.75,0
2925.0,1
2925.25,0
2934.5,1
2935.0,0
2935.5,1
2935.75,0
2936.75,1
2937.0,0
2937.25,1
2939.75,0
2940.0,1
2940.5,0
2941.0,1
2944.75,0
2948.75,1
2949.0,0
2958.0,1
2958.25,0
2958.75,1
2959.0,0
2959.75,1
2960.0,0
2960.75,1
2961.25,0
2962.0,1
2962.25,0
2962.5,1
2964.5,0
2964.75,1
2967.5,0
2967.75,1
2969.0,0
2981.5,1
2981.75,0
2983.0,1
2983.5,0
2984.5,1
2985.0,0
2985.25,1
2985.75,0
2986.0,1
2986.5,0
2986.75,1
2987.0,0
2987.25,1
2992.5,0
2992.75,1
2993.25,0
2993.5,1
2993.75,0
3055.25,1
3055.75,0
3057.0,1
3059.5,0
3059.75,1
3060.0,0
3060.25,1
3060.5,0
3060.75,1
3061.0,0
3061.25,1
3061.75,0
3062.5,1
3063.5,0
3064.25,1
3065.25,0
3068.5,1
3068.75,0
3071.0,1
3071.25,0
3077.75,1
3078.25,0
3080.75,1
3081.0,0
3081.75,1
3082.25,0
3082.75,1
3085.75,0
3086.0,1
3087.25,0
3087.75,1
3088.25,0
3088.5,1
3089.0,0
3089.25,1
3089.5,0
3090.25,1
3090.5,0
3094.0,1
3094.25,0
3095.25,1
3095.5,0
3101.75,1
3102.0,0
3103.0,1
3103.25,0
3104.5,1
3104.75,0
3105.75,1
3106.75,0
3107.0,1
3108.0,0
3108.5,1
3109.25,0
3109.75,1
3110.5,0
3110.75,1
3113.0,0
3113.5,1
3113.75,0
3117.25,1
3117.5,0
3127.25,1
3127.75,0
3129.5,1
3129.75,0
3130.0,1
3130.25,0
3130.5,1
3132.0,0
3132.5,1
3133.0,0
3133.25,1
3134.75,0
3135.0,1
3136.5,0
3136.75,1
3137.0,0
3137.75,1
3138.0,0
3150.75,1
3151.5,0
3152.75,1
3153.0,0
3153.25,1
3154.0,0
3155.0,1
3156.5,0
3156.75,1
3157.0,0
3157.25,1
3157.75,0
3158.0,1
3158.75,0
3159.0,1
3159.25,0
3160.0,1
3161.0,0
3161.25,1
3161.5,0
3164.75,1
3165.0,0
3222.25,1
3222.5,0
3225.0,1
3225.75,0
3226.0,1
3227.5,0
3227.75,1
3228.75,0
3229.0,1
3230.75,0
3231.0,1
3232.75,0
3233.0,1
3233.5,0
3248.5,1
3249.0,0
3249.25,1
3249.5,0
3249.75,1
3250.75,0
3251.0,1
3251.5,0
3251.75,1
3252.0,0
3252.5,1
3253.25,0
3253.5,1
3254.25,0
3255.0,1
3255.75,0
3256.0,1
3256.5,0
3262.0,1
3262.25,0
3270.25,1
3270.5,0
3270.75,1
3271.25,0
3273.5,1
3273.75,0
3274.0,1
3274.5,0
3274.75,1
3277.25,0
3277.5,1
3279.75,0
3280.0,1
3280.25,0
3280.5,1
3281.0,0
3281.5,1
3281.75,0
3294.25,1
3294.5,0
3294.75,1
3295.0,0
3295.5,1
3295.75,0
3297.75,1
3298.0,0
3298.25,1
3299.75,0
3300.0,1
3300.5,0
3300.75,1
3301.75,0
3302.25,1
3302.75,0
3303.0,1
3303.25,0
3303.5,1
3303.75,0
3304.75,1
3305.5,0
3318.25,1
3318.5,0
3319.0,1
3319.25,0
3320.0,1
3320.25,0
3321.25,1
3322.5,0
3322.75,1
3323.0,0
3323.25,1
3325.0,0
3325.25,1
3326.5,0
3326.75,1
3329.0,0
3329.5,1
3329.75,0
3333.5,1
3333.75,0
3392.25,1
3392.75,0
3393.5,1
3395.5,0
3395.75,1
3396.5,0
3396.75,1
3397.5,0
3398.5,1
3400.0,0
3400.25,1
3401.25,0
3401.5,1
3401.75,0
3415.25,1
3415.5,0
3417.0,1
3417.25,0
3417.5,1
3417.75,0
3418.0,1
3419.25,0
3419.5,1
3421.0,0
3421.25,1
3421.5,0
3422.0,1
3422.25,0
3422.5,1
3425.25,0
3438.25,1
3438.5,0
3440.75,1
3441.0,0
3441.5,1
3443.75,0
3444.25,1
3444.75,0
3445.0,1
3448.5,0
3449.0,1
3449.25,0
3463.5,1
3463.75,0
3464.75,1
3465.25,0
3465.5,1
3468.75,0
3469.0,1
3471.25,0
3471.5,1
3472.25,0
3472.5,1
3473.0,0
3473.25,1
3473.5,0
3485.75,1
3486.0,0
3486.25,1
3486.5,0
3487.5,1
3487.75,0
3489.0,1
3489.25,0
3489.5,1
3491.75,0
3492.0,1
3493.0,0
3493.5,1
3494.0,0
3494.25,1
3494.75,0
3495.0,1
3496.0,0
3496.25,1
3496.5,0
3497.25,1
3497.5,0
3559.0,1
3559.25,0
3559.5,1
3559.75,0
3560.5,1
3560.75,0
3561.0,1
3561.25,0
3561.5,1
3563.75,0
3564.0,1
3567.75,0
3568.25,1
3569.5,0
3609.0,1
3610.0,0
3610.5,1
3611.5,0
3611.75,1
3612.75,0
3613.0,1
3613.75,0
3614.0,1
3614.5,0
3614.75,1
3615.5,0
3615.75,1
3616.5,0
3617.0,1
3617.5,0
3632.5,1
3633.0,0
3633.25,1
3634.5,0
3634.75,1
3635.0,0
3635.25,1
3636.75,0
3637.0,1
3639.25,0
3639.75,1
3640.5,0
3640.75,1
3641.0,0
3654.25,1
3654.5,0
3656.75,1
3657.0,0
3657.5,1
3658.75,0
3659.0,1
3661.25,0
3661.5,1
3665.25,0
3727.5,1
3727.75,0
3728.0,1
3728.25,0
3728.75,1
3730.0,0
3730.25,1
3731.5,0
3731.75,1
3733.25,0
3733.5,1
3733.75,0
3734.25,1
3735.25,0
3735.5,1
3737.25,0
3750.5,1
3750.75,0
3752.75,1
3753.0,0
3753.25,1
3756.75,0
3757.0,1
3757.5,0
3757.75,1
3758.0,0
3758.25,1
3759.0,0
3759.25,1
3761.5,0
3764.25,1
3764.5,0
3777.75,1
3778.75,0
3779.0,1
3780.75,0
3781.0,1
3781.25,0
3781.5,1
3782.0,0
3782.25,1
3783.5,0
3785.0,1
3785.5,0
3785.75,1
3786.0,0
3789.75,1
3790.0,0
3801.0,1
3801.5,0
3801.75,1
3804.0,0
3804.25,1
3804.5,0
3804.75,1
3806.0,0
3806.25,1
3807.25,0
3807.5,1
3809.5,0
3824.25,1
3826.75,0
3827.0,1
3827.5,0
3827.75,1
3829.25,0
3829.5,1
3829.75,0
3830.0,1
3830.25,0
3830.5,1
3830.75,0
3831.0,1
3833.0,0
3833.25,1
3833.75,0
3836.25,1
3836.75,0
3894.0,1
3894.25,0
3896.25,1
3896.75,0
3897.0,1
3897.25,0
3898.0,1
3900.0,0
3900.25,1
3900.5,0
3900.75,1
3902.75,0
3903.0,1
3905.25,0
3908.0,1
3908.25,0
3918.5,1
3918.75,0
3921.0,1
3922.25,0
3922.5,1
3923.25,0
3923.5,1
3924.25,0
3924.75,1
3925.0,0
3925.5,1
3929.75,0
3933.25,1
3933.5,0
3943.0,1
3943.5,0
3944.75,1
3945.0,0
3945.5,1
3949.25,0
3949.5,1
3949.75,0
3950.25,1
3950.5,0
3950.75,1
3951.75,0
3952.0,1
3952.25,0
3952.5,1
3953.25,0
3959.0,1
3959.25,0
3967.0,1
3967.5,0
3968.75,1
3969.0,0
3969.25,1
3969.75,0
3970.0,1
3971.25,0
3971.5,1
3973.75,0
3974.0,1
3975.75,0
3976.0,1
3976.75,0
3977.0,1
3977.25,0
3992.25,1
3992.5,0
3992.75,1
3993.75,0
3994.0,1
3996.25,0
3996.75,1
3997.5,0
3997.75,1
3998.25,0
3998.5,1
3999.25,0
3999.5,1
4001.0,0
4001.25,1
4001.5,0
4065.0,1
4065.25,0
4065.5,1
4066.25,0
4066.5,1
4069.0,0
4069.5,1
4073.75,0
4075.5,1
4075.75,0
4086.0,1
4086.25,0
4088.75,1
4090.75,0
4091.0,1
4091.5,0
4091.75,1
4092.0,0
4092.25,1
4094.0,0
4094.25,1
4094.75,0
4095.0,1
4096.25,0
4096.5,1
4096.75,0
4097.5,1
4097.75,0
4100.25,1
4100.5,0
4109.5,1
4109.75,0
4110.0,1
4110.25,0
4110.75,1
4111.0,0
4112.25,1
4112.5,0
4112.75,1
4113.5,0
4114.25,1
4116.25,0
4116.5,1
4117.0,0
4117.25,1
4117.5,0
4117.75,1
4119.0,0
4119.25,1
4119.5,0
4119.75,1
4121.25,0
4121.5,1
4121.75,0
4124.0,1
4124.25,0
4134.75,1
4135.0,0
4136.0,1
4136.25,0
4136.5,1
4137.0,0
4137.25,1
4138.0,0
4138.25,1
4139.5,0
4139.75,1
4140.75,0
4141.0,1
4141.75,0
4142.0,1
4143.25,0
4143.5,1
4144.75,0
4145.25,1
4145.75,0
4148.25,1
4148.5,0
4157.75,1
4158.0,0
4158.25,1
4158.5,0
4161.5,1
4162.25,0
4162.5,1
4163.5,0
4164.0,1
4164.5,0
4164.75,1
4165.25,0
4165.75,1
4166.0,0
4166.25,1
4166.75,0
4167.25,1
4167.5,0
4167.75,1
4169.5,0
4232.5,1
4232.75,0
4233.25,1
4233.75,0
4234.0,1
4236.5,0
4236.75,1
4237.25,0
4237.5,1
4238.25,0
4238.5,1
4238.75,0
4239.25,1
4240.5,0
4240.75,1
4241.25,0
4256.75,1
4257.0,0
4257.25,1
4258.5,0
4258.75,1
4259.75,0
4260.0,1
4261.0,0
4261.25,1
4261.75,0
4262.0,1
4264.5,0
4264.75,1
4265.0,0
4265.75,1
4266.0,0
4279.0,1
4279.25,0
4280.5,1
4280.75,0
4281.0,1
4281.25,0
4281.75,1
4283.5,0
4283.75,1
4284.75,0
4285.0,1
4286.25,0
4286.5,1
4286.75,0
4287.0,1
4289.25,0
4289.5,1
4289.75,0
4293.0,1
4293.25,0
4302.0,1
4302.25,0
4303.25,1
4303.5,0
4304.75,1
4307.0,0
4307.25,1
4308.0,0
4308.25,1
4310.0,0
4310.25,1
4310.5,0
4310.75,1
4311.0,0
4311.5,1
4312.5,0
4312.75,1
4313.25,0
4313.5,1
4313.75,0
4317.0,1
4317.25,0
4329.0,1
4330.5,0
4330.75,1
4331.25,0
4331.75,1
4332.0,0
4332.25,1
4334.75,0
4335.25,1
4335.75,0
4336.0,1
4336.75,0
4400.75,1
4401.25,0
4401.5,1
4403.5,0
4403.75,1
4404.25,0
4404.75,1
4405.0,0
4405.25,1
4407.0,0
4407.25,1
4408.5,0
4409.0,1
4409.25,0
4446.5,1
4446.75,0
4448.75,1
4449.5,0
4449.75,1
4450.75,0
4451.0,1
4455.5,0
4455.75,1
4456.5,0
4457.0,1
4457.25,0
4470.5,1
4470.75,0
4471.5,1
4471.75,0
4473.25,1
4474.75,0
4475.0,1
4475.75,0
4476.0,1
4476.5,0
4476.75,1
4477.25,0
4477.75,1
4480.0,0
4480.25,1
4480.75,0
4481.5,1
4481.75,0
4496.75,1
4497.0,0
4497.25,1
4497.5,0
4497.75,1
4501.5,0
4501.75,1
4502.0,0
4502.25,1
4502.5,0
4502.75,1
4505.25,0
4510.5,1
4510.75,0
4569.5,1
4570.25,0
4570.5,1
4571.0,0
4571.25,1
4572.5,0
4572.75,1
4573.75,0
4574.0,1
4576.0,0
4576.5,1
4577.0,0
4581.0,1
4581.25,0
4590.0,1
4590.25,0
4592.25,1
4592.75,0
4593.25,1
4593.5,0
4593.75,1
4594.75,0
4595.0,1
4596.75,0
4597.0,1
4598.0,0
4598.5,1
4600.0,0
4600.25,1
4600.5,0
4600.75,1
4601.0,0
4604.75,1
4605.0,0
4614.25,1
4614.75,0
4615.0,1
4615.25,0
4617.25,1
4617.5,0
4618.0,1
4618.75,0
4619.0,1
4620.0,0
4620.25,1
4620.5,0
4620.75,1
4621.25,0
4621.5,1
4622.5,0
4622.75,1
4624.5,0
4624.75,1
4625.0,0
4638.75,1
4639.0,0
4640.0,1
4640.25,0
4640.5,1
4640.75,0
4641.25,1
4644.0,0
4644.25,1
4645.0,0
4645.75,1
4646.75,0
4647.0,1
4647.25,0
4647.5,1
4648.75,0
4649.0,1
4649.25,0
4664.25,1
4664.5,0
4664.75,1
4665.0,0
4665.25,1
4666.75,0
4667.0,1
4667.5,0
4667.75,1
4668.25,0
4668.5,1
4669.5,0
4670.0,1
4671.25,0
4671.5,1
4673.5,0
4735.5,1
4735.75,0
4736.75,1
4737.0,0
4737.5,1
4738.25,0
4738.5,1
4741.5,0
4741.75,1
4742.0,0
4742.5,1
4743.25,0
4743.5,1
4744.25,0
4744.5,1
4744.75,0
4745.0,1
4745.25,0
4748.0,1
4748.25,0
4761.25,1
4762.75,0
4763.0,1
4763.75,0
4764.0,1
4764.5,0
4764.75,1
4766.75,0
4767.0,1
4767.25,0
4767.5,1
4768.25,0
4769.0,1
4769.5,0
4785.0,1
4785.25,0
4785.5,1
4786.5,0
4786.75,1
4787.0,0
4787.25,1
4787.5,0
4789.0,1
4789.5,0
4789.75,1
4793.5,0
4793.75,1
4794.0,0
4795.75,1
4796.0,0
4796.5,1
4796.75,0
4807.0,1
4807.5,0
4808.0,1
4808.25,0
4808.5,1
4808.75,0
4809.0,1
4811.75,0
4812.0,1
4812.5,0
4813.0,1
4813.75,0
4814.0,1
4814.25,0
4814.5,1
4815.25,0
4815.5,1
4817.25,0
4829.75,1
4830.0,0
4831.0,1
4831.25,0
4833.0,1
4836.5,0
4836.75,1
4838.5,0
4838.75,1
4840.5,0
4841.0,1
4841.25,0
4903.75,1
4904.0,0
4904.75,1
4905.5,0
4905.75,1
4906.75,0
4907.0,1
4908.0,0
4908.25,1
4909.75,0
4910.0,1
4910.5,0
4910.75,1
4911.5,0
4911.75,1
4913.0,0
4928.5,1
4928.75,0
4929.0,1
4929.75,0
4930.5,1
4931.25,0
4931.5,1
4933.75,0
4934.0,1
4935.0,0
4935.25,1
4935.5,0
4935.75,1
4937.0,0
4942.5,1
4942.75,0
4952.25,1
4952.75,0
4953.75,1
4955.75,0
4956.0,1
4956.5,0
4956.75,1
4957.0,0
4957.5,1
4958.25,0
4958.5,1
4959.0,0
4959.25,1
4959.5,0
4959.75,1
4960.25,0
4960.5,1
4960.75,0
4961.25,1
4961.5,0
4973.5,1
4973.75,0
4974.5,1
4974.75,0
4976.25,1
4976.5,0
4976.75,1
4977.25,0
4977.5,1
4980.0,0
4980.25,1
4981.0,0
4981.25,1
4983.0,0
4983.5,1
4985.0,0
4988.5,1
4988.75,0
4998.5,1
4998.75,0
5000.0,1
5000.25,0
5000.75,1
5001.0,0
5001.5,1
5002.0,0
5002.25,1
5002.5,0
5002.75,1
5003.0,0
5003.5,1
5003.75,0
5004.25,1
5004.75,0
5005.0,1
5005.5,0
5005.75,1
5006.5,0
5007.25,1
5007.75,0
5008.0,1
5008.25,0
5008.5,1
5008.75,0
5009.0,1
5009.25,0
5071.75,1
5072.0,0
5072.25,1
5072.5,0
5072.75,1
5073.25,0
5073.5,1
5075.5,0
5075.75,1
5077.25,0
5078.0,1
5078.25,0
5078.75,1
5080.0,0
5080.5,1
5081.25,0
5094.25,1
5094.5,0
5096.5,1
5097.25,0
5097.5,1
5097.75,0
5098.0,1
5099.0,0
5099.25,1
5100.0,0
5100.25,1
5101.25,0
5101.5,1
5102.5,0
5103.0,1
5104.5,0
5105.0,1
5105.25,0
5108.0,1
5108.25,0
5118.5,1
5118.75,0
5119.25,1
5119.5,0
5121.0,1
5123.0,0
5124.0,1
5125.5,0
5125.75,1
5127.0,0
5127.25,1
5127.75,0
5128.0,1
5128.5,0
5128.75,1
5129.0,0
5142.5,1
5142.75,0
5143.25,1
5143.5,0
5144.0,1
5144.25,0
5144.75,1
5146.75,0
5147.0,1
5147.75,0
5148.0,1
5150.0,0
5150.25,1
5150.5,0
5151.0,1
5151.25,0
5151.75,1
5153.25,0
5167.75,1
5168.0,0
5168.75,1
5169.0,0
5169.25,1
5172.25,0
5173.5,1
5177.25,0
5241.25,1
5243.0,0
5243.25,1
5245.0,0
5246.0,1
5246.5,0
5247.5,1
5248.0,0
5248.5,1
5248.75,0
5265.0,1
5267.5,0
5267.75,1
5268.0,0
5268.5,1
5269.0,0
5269.25,1
5270.75,0
5271.0,1
5271.25,0
5271.75,1
5272.75,0
5286.75,1
5287.0,0
5289.0,1
5289.5,0
5289.75,1
5290.25,0
5290.5,1
5291.75,0
5292.0,1
5294.5,0
5294.75,1
5296.75,0
5297.0,1
5297.5,0
5312.5,1
5314.5,0
5315.0,1
5315.25,0
5315.5,1
5316.25,0
5316.75,1
5317.0,0
5317.25,1
5317.5,0
5317.75,1
5318.0,0
5318.25,1
5318.5,0
5318.75,1
5320.0,0
5320.5,1
5321.5,0
5334.25,1
5334.5,0
5336.0,1
5336.75,0
5337.25,1
5339.5,0
5339.75,1
5340.25,0
5340.5,1
5341.0,0
5341.25,1
5342.0,0
5342.25,1
5342.5,0
5342.75,1
5344.0,0
5344.25,1
5345.25,0
5406.25,1
5406.5,0
5409.0,1
5409.5,0
5409.75,1
5410.25,0
5410.75,1
5414.5,0
5414.75,1
5415.25,0
5415.5,1
5416.75,0
5417.25,1
5417.5,0
5421.75,1
5422.0,0
5430.5,1
5430.75,0
5431.75,1
5432.5,0
5432.75,1
5433.0,0
5433.5,1
5433.75,0
5434.0,1
5438.25,0
5438.5,1
5439.25,0
5439.5,1
5439.75,0
5440.0,1
5440.25,0
5440.5,1
5440.75,0
5441.25,1
5441.75,0
5453.5,1
5453.75,0
5454.5,1
5454.75,0
5457.0,1
5458.5,0
5458.75,1
5459.0,0
5459.75,1
5460.0,0
5460.25,1
5461.0,0
5461.25,1
5462.0,0
5462.5,1
5463.25,0
5463.5,1
5464.5,0
5464.75,1
5465.0,0
5465.75,1
5466.0,0
5467.75,1
5468.0,0
5468.5,1
5468.75,0
5478.75,1
5479.25,0
5481.0,1
5482.25,0
5483.0,1
5483.25,0
5484.0,1
5485.0,0
5485.25,1
5485.75,0
5486.0,1
5486.75,0
5487.0,1
5489.5,0
5502.75,1
5503.0,0
5504.75,1
5505.5,0
5505.75,1
5506.0,0
5506.25,1
5507.0,0
5507.5,1
5509.0,0
5509.25,1
5510.0,0
5510.25,1
5510.5,0
5510.75,1
5511.5,0
5511.75,1
5512.25,0
5512.5,1
5513.0,0
5513.25,1
5513.5,0
5576.5,1
5576.75,0
5577.25,1
5579.5,0
5580.0,1
5580.5,0
5580.75,1
5583.5,0
5584.25,1
5584.5,0
5585.0,1
5585.75,0
5588.75,1
5589.0,0
5600.25,1
5600.75,0
5601.25,1
5602.0,0
5602.25,1
5604.75,0
5605.0,1
5607.0,0
5607.5,1
5609.25,0
5612.5,1
5612.75,0
5623.25,1
5623.5,0
5623.75,1
5624.0,0
5624.25,1
5624.75,0
5625.0,1
5626.75,0
5627.0,1
5627.75,0
5628.0,1
5628.25,0
5628.5,1
5628.75,0
5629.0,1
5629.25,0
5629.5,1
5631.5,0
5631.75,1
5632.0,0
5632.25,1
5632.5,0
5633.25,1
5633.5,0
5637.0,1
5637.25,0
5647.75,1
5648.0,0
5648.75,1
5649.25,0
5650.0,1
5650.25,0
5650.5,1
5653.5,0
5654.0,1
5654.75,0
5655.0,1
5655.75,0
5656.0,1
5656.25,0
5656.5,1
5657.25,0
5661.5,1
5661.75,0
5662.5,1
5662.75,0
5671.0,1
5671.25,0
5672.0,1
5672.25,0
5673.25,1
5674.0,0
5674.25,1
5674.5,0
5674.75,1
5675.25,0
5675.5,1
5676.5,0
5676.75,1
5677.75,0
5678.25,1
5680.25,0
5680.5,1
5681.0,0
5744.5,1
5745.0,0
5745.25,1
5745.75,0
5746.0,1
5747.5,0
5747.75,1
5748.25,0
5748.5,1
5749.25,0
5749.5,1
5750.0,0
5750.25,1
5750.75,0
5751.5,1
5752.5,0
5752.75,1
5753.5,0
5756.25,1
5756.5,0
5769.25,1
5769.5,0
5769.75,1
5772.75,0
5773.0,1
5773.75,0
5774.0,1
5775.0,0
5775.25,1
5776.0,0
5776.25,1
5776.75,0
5780.25,1
5780.5,0
5791.25,1
5791.5,0
5792.25,1
5792.5,0
5793.0,1
5793.25,0
5793.5,1
5796.0,0
5796.5,1
5796.75,0
5797.0,1
5797.75,0
5798.0,1
5798.5,0
5798.75,1
5800.0,0
5800.25,1
5801.25,0
5805.0,1
5805.25,0
5813.75,1
5814.0,0
5814.5,1
5814.75,0
5816.25,1
5819.5,0
5820.25,1
5820.5,0
5820.75,1
5822.5,0
5822.75,1
5824.25,0
5824.75,1
5825.0,0
5834.5,1
5834.75,0
5837.75,1
5838.0,0
5838.5,1
5839.0,0
5840.25,1
5840.75,0
5841.25,1
5842.5,0
5842.75,1
5843.0,0
5843.25,1
5844.5,0
5844.75,1
5845.75,0
5846.0,1
5847.75,0
5848.0,1
5848.25,0
5848.5,1
5849.5,0
5852.25,1
5852.5,0
5910.0,1
5910.5,0
5910.75,1
5911.0,0
5912.0,1
5912.25,0
5913.5,1
5915.0,0
5915.25,1
5915.5,0
5916.0,1
5916.75,0
5917.0,1
5917.25,0
5917.5,1
5917.75,0
5918.25,1
5919.25,0
5919.5,1
5921.25,0
5922.0,1
5922.25,0
5958.0,1
5958.25,0
5960.75,1
5961.0,0
5961.25,1
5962.5,0
5962.75,1
5964.25,0
5964.5,1
5965.25,0
5965.5,1
5968.0,0
5968.25,1
5968.75,0
5984.75,1
5985.0,0
5985.25,1
5986.25,0
5986.5,1
5987.25,0
5988.0,1
5990.75,0
5991.0,1
5992.25,0
5992.5,1
5993.0,0
5993.5,1
5993.75,0
5996.0,1
5996.25,0
6008.75,1
6009.0,0
6009.25,1
6011.25,0
6011.5,1
6013.5,0
6013.75,1
6014.0,0
6014.75,1
6015.25,0
6016.0,1
6017.0,0
6020.75,1
6021.0,0
6021.75,1
6022.25,0
6080.5,1
6080.75,0
6081.0,1
6083.25,0
6083.5,1
6084.75,0
6085.0,1
6086.0,0
6086.25,1
6087.5,0
6087.75,1
6089.0,0
6092.5,1
6092.75,0
6103.5,1
6103.75,0
6104.5,1
6104.75,0
6105.0,1
6106.25,0
6106.75,1
6107.25,0
6107.5,1
6110.0,0
6110.5,1
6111.5,0
6111.75,1
6112.5,0
6127.75,1
6128.0,0
6128.75,1
6129.5,0
6130.25,1
6131.5,0
6131.75,1
6132.5,0
6133.25,1
6134.0,0
6134.25,1
6134.5,0
6134.75,1
6137.0,0
6141.75,1
6142.0,0
6150.0,1
6150.25,0
6152.25,1
6152.5,0
6153.0,1
6153.25,0
6153.5,1
6153.75,0
6154.0,1
6154.5,0
6154.75,1
6155.0,0
6155.5,1
6156.0,0
6156.25,1
6157.25,0
6157.5,1
6158.0,0
6158.25,1
6159.75,0
6160.0,1
6161.25,0
6165.5,1
6165.75,0
6175.5,1
6175.75,0
6177.25,1
6177.5,0
6178.0,1
6179.5,0
6180.25,1
6182.25,0
6182.5,1
6183.5,0
6184.0,1
6184.5,0
6184.75,1
6185.25,0
6188.5,1
6188.75,0
6248.25,1
6249.0,0
6249.5,1
6251.25,0
6251.75,1
6253.0,0
6253.25,1
6253.75,0
6254.25,1
6257.25,0
6273.0,1
6273.25,0
6273.5,1
6273.75,0
6274.0,1
6275.75,0
6276.0,1
6276.75,0
6277.25,1
6278.0,0
6278.25,1
6280.5,0
6280.75,1
6281.25,0
6285.25,1
6285.5,0
6297.25,1
6297.5,0
6297.75,1
6298.0,0
6298.25,1
6299.0,0
6299.25,1
6300.0,0
6300.5,1
6301.5,0
6301.75,1
6302.5,0
6302.75,1
6305.0,0
6305.25,1
6305.5,0
6308.5,1
6308.75,0
6318.75,1
6319.0,0
6321.0,1
6322.25,0
6322.75,1
6323.5,0
6323.75,1
6324.0,0
6324.25,1
6324.5,0
6324.75,1
6325.0,0
6325.25,1
6327.0,0
6327.75,1
6328.25,0
6328.5,1
6329.0,0
6334.25,1
6334.5,0
6342.75,1
6343.0,0
6343.5,1
6343.75,0
6345.25,1
6346.25,0
6346.5,1
6348.0,0
6348.25,1
6348.75,0
6349.25,1
6351.75,0
6352.25,1
6353.25,0
6415.25,1
6415.5,0
6416.25,1
6416.5,0
6417.5,1
6420.0,0
6420.25,1
6420.75,0
6421.0,1
6421.5,0
6421.75,1
6422.75,0
6423.0,1
6423.25,0
6423.5,1
6425.25,0
6428.5,1
6428.75,0
6439.0,1
6439.25,0
6440.5,1
6440.75,0
6441.25,1
6442.5,0
6442.75,1
6443.0,0
6443.25,1
6449.25,0
6452.75,1
6453.0,0
6462.0,1
6462.25,0
6464.25,1
6464.75,0
6465.0,1
6465.25,0
6465.5,1
6466.0,0
6466.25,1
6468.25,0
6468.5,1
6469.25,0
6469.75,1
6470.25,0
6470.5,1
6471.25,0
6471.5,1
6473.25,0
6486.25,1
6486.5,0
6488.25,1
6488.5,0
6489.75,1
6491.25,0
6491.5,1
6491.75,0
6492.0,1
6493.0,0
6493.25,1
6493.75,0
6494.25,1
6494.5,0
6495.0,1
6495.25,0
6495.5,1
6496.0,0
6496.25,1
6497.0,0
6512.5,1
6513.25,0
6513.5,1
6515.0,0
6515.25,1
6515.5,0
6515.75,1
6516.0,0
6516.25,1
6517.0,0
6517.25,1
6518.25,0
6518.5,1
6518.75,0
6519.0,1
6520.75,0
6583.25,1
6583.5,0
6584.0,1
6584.25,0
6584.5,1
6584.75,0
6585.0,1
6585.75,0
6586.0,1
6587.75,0
6588.0,1
6589.25,0
6589.5,1
6590.0,0
6590.5,1
6591.5,0
6591.75,1
6593.0,0
6593.25,1
6593.5,0
6608.25,1
6608.5,0
6609.25,1
6612.0,0
6612.25,1
6613.75,0
6614.0,1
6616.5,0
6616.75,1
6617.5,0
6618.0,1
6618.25,0
6631.5,1
6631.75,0
6632.5,1
6634.25,0
6634.5,1
6637.75,0
6638.0,1
6640.75,0
6641.75,1
6642.0,0
6656.75,1
6657.25,0
6657.5,1
6658.5,0
6658.75,1
6660.0,0
6660.25,1
6661.75,0
6662.5,1
6664.75,0
6676.0,1
6676.25,0
6680.75,1
6681.0,0
6681.5,1
6682.0,0
6682.5,1
6683.5,0
6683.75,1
6684.0,0
6684.75,1
6685.25,0
6685.5,1
6685.75,0
6686.0,1
6686.25,0
6686.75,1
6687.0,0
6687.25,1
6687.75,0
6688.0,1
6688.75,0
6689.25,1
6689.5,0
6689.75,1
6690.0,0
6750.25,1
6750.5,0
6750.75,1
6751.0,0
6751.25,1
6751.5,0
6752.75,1
6753.25,0
6753.5,1
6754.0,0
6754.25,1
6754.5,0
6755.0,1
6755.5,0
6756.0,1
6756.25,0
6756.5,1
6757.5,0
6757.75,1
6759.5,0
6759.75,1
6760.25,0
6760.5,1
6760.75,0
6764.25,1
6764.5,0
6765.5,1
6765.75,0
6798.0,1
6798.25,0
6801.75,1
6802.5,0
6802.75,1
6803.0,0
6803.25,1
6804.0,0
6804.25,1
6805.0,0
6805.25,1
6805.5,0
6805.75,1
6806.0,0
6806.25,1
6807.25,0
6807.5,1
6808.5,0
6808.75,1
6809.25,0
6812.0,1
6812.25,0
6812.5,1
6812.75,0
6813.75,1
6814.0,0
6821.75,1
6822.0,0
6825.0,1
6826.75,0
6827.25,1
6827.75,0
6828.0,1
6828.75,0
6829.0,1
6831.25,0
6831.5,1
6831.75,0
6832.0,1
6833.25,0
6836.75,1
6837.0,0
6849.75,1
6850.5,0
6850.75,1
6851.0,0
6851.25,1
6851.75,0
6852.0,1
6853.0,0
6853.25,1
6853.5,0
6853.75,1
6854.25,0
6854.5,1
6855.0,0
6855.25,1
6857.0,0
6861.5,1
6861.75,0
6919.0,1
6919.25,0
6920.25,1
6920.5,0
6920.75,1
6921.0,0
6921.25,1
6922.0,0
6922.25,1
6924.25,0
6924.5,1
6926.5,0
6926.75,1
6927.25,0
6927.5,1
6928.5,0
6928.75,1
6929.0,0
6929.5,1
6929.75,0
6934.0,1
6934.25,0
6942.5,1
6942.75,0
6945.0,1
6945.5,0
6945.75,1
6948.0,0
6948.25,1
6949.25,0
6949.5,1
6949.75,0
6950.0,1
6950.25,0
6950.75,1
6951.75,0
6952.0,1
6952.75,0
6953.0,1
6953.25,0
6955.75,1
6956.0,0
6967.25,1
6967.75,0
6969.0,1
6970.75,0
6971.0,1
6972.5,0
6973.25,1
6974.0,0
6974.25,1
6975.25,0
6975.5,1
6975.75,0
6976.0,1
6976.25,0
6976.5,1
6977.0,0
6977.25,1
6977.5,0
6982.5,1
6982.75,0
6990.5,1
6991.0,0
6991.5,1
6991.75,0
6993.25,1
6993.5,0
6993.75,1
6994.75,0
6995.25,1
6996.5,0
6996.75,1
6998.25,0
6998.5,1
7000.0,0
7000.25,1
7000.75,0
7006.0,1
7006.25,0
7015.5,1
7015.75,0
7017.0,1
7018.25,0
7018.75,1
7019.5,0
7020.0,1
7022.5,0
7022.75,1
7025.0,0
7086.5,1
7086.75,0
7088.5,1
7088.75,0
7089.0,1
7090.25,0
7090.5,1
7094.75,0
7095.25,1
7097.25,0
7101.0,1
7101.25,0
7113.0,1
7113.75,0
7114.0,1
7114.5,0
7114.75,1
7115.5,0
7115.75,1
7119.0,0
7119.5,1
7120.75,0
7135.5,1
7135.75,0
7136.25,1
7136.75,0
7137.0,1
7137.75,0
7138.0,1
7138.75,0
7139.0,1
7140.5,0
7141.0,1
7145.5,0
7159.75,1
7160.0,0
7160.5,1
7161.0,0
7161.5,1
7161.75,0
7162.0,1
7163.75,0
7164.0,1
7164.25,0
7164.5,1
7165.0,0
7165.5,1
7166.0,0
7166.25,1
7167.5,0
7167.75,1
7169.25,0
7172.25,1
7172.5,0
7172.75,1
7173.0,0
7173.75,1
7174.0,0
7183.75,1
7184.0,0
7184.75,1
7185.0,0
7185.75,1
7189.5,0
7189.75,1
7190.0,0
7190.25,1
7190.5,0
7190.75,1
7191.0,0
7191.25,1
7192.25,0
7192.75,1
7193.5,0
7255.75,1
7256.0,0
7256.25,1
7256.5,0
7256.75,1
7257.0,0
7257.25,1
7257.5,0
7257.75,1
7259.0,0
7259.25,1
7260.75,0
7261.0,1
7261.5,0
7261.75,1
7263.25,0
7263.5,1
7263.75,0
7264.0,1
7264.75,0
7265.25,1
7265.75,0
7278.0,1
7278.25,0
7278.75,1
7279.0,0
7279.5,1
7279.75,0
7281.25,1
7283.5,0
7284.0,1
7286.25,0
7286.75,1
7287.5,0
7287.75,1
7289.0,0
7303.0,1
7303.25,0
7305.5,1
7306.75,0
7307.0,1
7307.25,0
7307.5,1
7307.75,0
7308.0,1
7308.75,0
7309.0,1
7309.75,0
7310.0,1
7310.5,0
7310.75,1
7313.0,0
7313.25,1
7313.75,0
7317.25,1
7317.5,0
7326.0,1
7326.25,0
7327.75,1
7328.0,0
7328.75,1
7329.25,0
7329.5,1
7331.75,0
7332.0,1
7333.75,0
7334.0,1
7336.0,0
7336.25,1
7336.5,0
7337.75,1
7338.0,0
7351.75,1
7352.0,0
7353.0,1
7353.25,0
7353.5,1
7354.75,0
7355.0,1
7355.75,0
7356.25,1
7357.25,0
7357.5,1
7358.25,0
7358.5,1
7359.25,0
7359.5,1
7359.75,0
7360.0,1
7360.75,0
7361.0,1
7361.5,0
7366.25,1
7366.5,0
7422.75,1
7423.0,0
7423.75,1
7424.0,0
7424.25,1
7424.5,0
7424.75,1
7426.25,0
7426.75,1
7427.5,0
7428.0,1
7428.5,0
7429.25,1
7430.0,0
7430.25,1
7430.5,0
7430.75,1
7431.0,0
7431.25,1
7432.0,0
7432.25,1
7432.5,0
7446.5,1
7446.75,0
7448.5,1
7448.75,0
7449.0,1
7449.25,0
7449.5,1
7450.5,0
7451.0,1
7451.75,0
7452.0,1
7452.25,0
7452.5,1
7452.75,0
7453.0,1
7454.0,0
7454.25,1
7457.25,0
7469.75,1
7470.0,0
7471.0,1
7471.25,0
7472.5,1
7472.75,0
7473.25,1
7475.25,0
7475.5,1
7476.0,0
7476.25,1
7476.5,0
7476.75,1
7477.5,0
7477.75,1
7480.0,0
7480.25,1
7481.25,0
7496.5,1
7497.25,0
7497.5,1
7497.75,0
7498.0,1
7498.25,0
7499.0,1
7501.5,0
7501.75,1
7502.0,0
7502.5,1
7503.0,0
7503.5,1
7504.25,0
7504.5,1
7504.75,0
7505.0,1
7505.25,0
7519.0,1
7519.25,0
7520.75,1
7521.0,0
7521.25,1
7522.25,0
7522.5,1
7523.25,0
7523.5,1
7523.75,0
7524.75,1
7525.25,0
7525.5,1
7527.75,0
7528.0,1
7528.25,0
7591.0,1
7591.25,0
7592.75,1
7594.0,0
7594.25,1
7595.5,0
7595.75,1
7596.5,0
7596.75,1
7597.25,0
7597.5,1
7598.5,0
7598.75,1
7599.25,0
7599.5,1
7600.0,0
7600.25,1
7600.5,0
7600.75,1
7601.0,0
7616.5,1
7616.75,0
7617.5,1
7618.25,0
7618.5,1
7621.25,0
7621.75,1
7623.0,0
7623.75,1
7624.5,0
7625.0,1
7625.5,0
7629.0,1
7629.25,0
7641.25,1
7641.5,0
7641.75,1
7642.25,0
7642.5,1
7645.25,0
7645.75,1
7646.25,0
7646.5,1
7646.75,0
7647.0,1
7648.5,0
7648.75,1
7649.5,0
7665.5,1
7666.75,0
7667.0,1
7667.25,0
7667.5,1
7667.75,0
7668.25,1
7669.5,0
7669.75,1
7670.25,0
7670.5,1
7672.5,0
7673.0,1
7673.75,0
7688.5,1
7688.75,0
7689.75,1
7691.5,0
7692.25,1
7694.0,0
7694.25,1
7695.0,0
7695.25,1
7696.75,0
7697.0,1
7697.5,0
7701.25,1
7701.5,0
7760.5,1
7760.75,0
7761.25,1
7762.25,0
7762.75,1
7766.0,0
7766.25,1
7766.5,0
7766.75,1
7767.0,0
7767.5,1
7768.75,0
7769.25,1
7769.5,0
7773.0,1
7773.25,0
7784.25,1
7784.5,0
7785.0,1
7787.75,0
7788.0,1
7788.5,0
7789.25,1
7790.0,0
7790.25,1
7792.75,0
7793.5,1
7793.75,0
7805.5,1
7805.75,0
7808.25,1
7808.5,0
7808.75,1
7809.0,0
7809.25,1
7810.25,0
7810.5,1
7811.5,0
7812.25,1
7812.75,0
7813.25,1
7814.25,0
7814.75,1
7816.5,0
7817.25,1
7817.5,0
7833.25,1
7833.75,0
7834.25,1
7834.75,0
7835.0,1
7836.25,0
7837.5,1
7838.75,0
7839.0,1
7840.0,0
7840.25,1
7840.75,0
7844.5,1
7844.75,0
7926.0,1
7926.25,0
7927.25,1
7927.5,0
7928.5,1
7928.75,0
7929.0,1
7929.5,0
7929.75,1
7930.25,0
7930.75,1
7932.75,0
7933.0,1
7934.25,0
7934.5,1
7934.75,0
7935.0,1
7935.5,0
7935.75,1
7936.75,0
7940.75,1
7941.0,0
7951.25,1
7951.5,0
7953.5,1
7954.5,0
7954.75,1
7955.0,0
7955.25,1
7955.75,0
7956.0,1
7956.25,0
7956.5,1
7957.5,0
7958.0,1
7958.25,0
7958.5,1
7959.5,0
7959.75,1
7961.0,0
7976.5,1
7976.75,0
7977.0,1
7977.25,0
7977.5,1
7978.25,0
7978.5,1
7979.5,0
7979.75,1
7980.75,0
7981.25,1
7982.0,0
7982.25,1
7982.75,0
7983.0,1
7984.0,0
7984.25,1
7984.75,0
7985.0,1
7985.5,0
8001.0,1
8002.25,0
8002.5,1
8002.75,0
8003.0,1
8008.0,0
8008.25,1
8008.75,0
8009.0,1
8009.25,0
8022.25,1
8022.5,0
8022.75,1
8023.0,0
8024.75,1
8025.5,0
8026.0,1
8026.25,0
8026.5,1
8028.75,0
8029.0,1
8031.0,0
8031.25,1
8032.75,0
8033.25,1
8033.5,0
8094.75,1
8095.0,0
8096.5,1
8097.0,0
8097.25,1
8097.5,0
8097.75,1
8099.75,0
8100.0,1
8101.5,0
8101.75,1
8102.0,0
8102.25,1
8102.5,0
8102.75,1
8103.25,0
8103.75,1
8104.5,0
8104.75,1
8105.0,0
8117.75,1
8118.0,0
8119.25,1
8119.75,0
8120.5,1
8120.75,0
8121.0,1
8123.0,0
8123.25,1
8124.0,0
8124.25,1
8125.0,0
8125.75,1
8126.0,0
8126.25,1
8127.5,0
8127.75,1
8129.25,0
8144.5,1
8144.75,0
8145.0,1
8145.25,0
8145.5,1
8145.75,0
8146.0,1
8148.5,0
8148.75,1
8149.0,0
8149.5,1
8150.0,0
8151.0,1
8151.5,0
8151.75,1
8152.75,0
8153.0,1
8153.25,0
8167.75,1
8168.0,0
8168.5,1
8169.5,0
8170.0,1
8170.25,0
8170.5,1
8171.0,0
8171.25,1
8171.75,0
8172.0,1
8172.25,0
8172.5,1
8173.5,0
8173.75,1
8175.25,0
8175.5,1
8175.75,0
8176.0,1
8176.5,0
8176.75,1
8177.25,0
8192.25,1
8192.5,0
8193.0,1
8193.25,0
8193.75,1
8194.0,0
8194.5,1
8195.25,0
8195.75,1
8196.0,0
8196.25,1
8197.5,0
8197.75,1
8198.25,0
8198.5,1
8200.0,0
8200.25,1
8201.0,0
8201.5,1
8201.75,0
8257.25,1
8257.5,0
8260.25,1
8260.5,0
8261.75,1
8262.0,0
8265.0,1
8267.0,0
8267.25,1
8268.25,0
8268.5,1
8270.5,0
8270.75,1
8271.25,0
8271.5,1
8272.0,0
8272.25,1
8273.25,0
8285.75,1
8286.0,0
8288.25,1
8289.0,0
8289.25,1
8289.75,0
8290.0,1
8291.5,0
8291.75,1
8292.0,0
8292.25,1
8292.5,0
8292.75,1
8293.75,0
8294.0,1
8294.5,0
8294.75,1
8297.5,0
8297.75,1
8298.0,0
8310.25,1
8310.5,0
8312.5,1
8312.75,0
8313.0,1
8313.5,0
8314.0,1
8314.5,0
8314.75,1
8315.75,0
8316.0,1
8316.5,0
8316.75,1
8317.5,0
8317.75,1
8318.0,0
8318.25,1
8319.0,0
8319.25,1
8321.0,0
8324.25,1
8324.5,0
8325.25,1
8325.5,0
8336.75,1
8337.0,0
8337.25,1
8337.5,0
8337.75,1
8338.75,0
8339.0,1
8340.25,0
8340.5,1
8341.25,0
8341.75,1
8342.25,0
8342.5,1
8342.75,0
8343.0,1
8343.25,0
8343.5,1
8345.0,0
8348.75,1
8349.0,0
8358.0,1
8358.25,0
8358.75,1
8359.0,0
8359.25,1
8359.75,0
8361.5,1
8361.75,0
8362.0,1
8362.5,0
8362.75,1
8364.5,0
8365.0,1
8368.25,0
8369.0,1
8369.25,0
8430.25,1
8430.75,0
8432.5,1
8434.5,0
8434.75,1
8436.75,0
8437.0,1
8438.0,0
8438.25,1
8439.25,0
8439.5,1
8441.25,0
8455.0,1
8455.5,0
8457.0,1
8457.25,0
8457.5,1
8458.25,0
8458.5,1
8459.75,0
8460.0,1
8460.25,0
8460.5,1
8461.0,0
8461.25,1
8462.0,0
8462.25,1
8462.75,0
8463.0,1
8463.25,0
8464.0,1
8464.25,0
8464.5,1
8464.75,0
8469.0,1
8469.25,0
8469.75,1
8470.0,0
8480.75,1
8482.0,0
8482.75,1
8483.0,0
8483.5,1
8486.5,0
8486.75,1
8489.25,0
8493.0,1
8493.25,0
8502.25,1
8502.5,0
8504.75,1
8505.0,0
8505.25,1
8509.0,0
8509.25,1
8510.75,0
8511.0,1
8511.5,0
8511.75,1
8512.25,0
8513.0,1
8513.5,0
8517.0,1
8517.25,0
8525.5,1
8526.0,0
8526.75,1
8527.0,0
8529.0,1
8529.5,0
8529.75,1
8530.5,0
8530.75,1
8532.5,0
8532.75,1
8533.25,0
8534.0,1
8536.25,0
8536.5,1
8537.0,0
8540.0,1
8540.25,0
8625.25,1
8627.25,0
8627.5,1
8628.0,0
8628.25,1
8629.5,0
8629.75,1
8630.5,0
8630.75,1
8633.25,0
8633.5,1
8633.75,0
8646.75,1
8647.0,0
8648.25,1
8648.5,0
8649.0,1
8649.25,0
8649.5,1
8652.0,0
8652.25,1
8652.5,0
8652.75,1
8653.25,0
8653.5,1
8654.0,0
8654.25,1
8657.25,0
8672.75,1
8673.25,0
8673.5,1
8674.25,0
8674.5,1
8676.25,0
8676.75,1
8677.25,0
8678.0,1
8679.0,0
8679.25,1
8679.5,0
8679.75,1
8680.0,0
8680.25,1
8681.0,0
8681.5,1
8681.75,0
8697.0,1
8698.25,0
8698.5,1
8700.0,0
8700.5,1
8701.0,0
8701.5,1
8701.75,0
8702.0,1
8703.0,0
8703.25,1
8705.0,0
