#1


float Room-204 (4239,2)
0.0,0
30.0,1
30.25,0
31.0,1
31.25,0
31.75,1
32.0,0
32.5,1
32.75,0
33.0,1
33.75,0
34.0,1
34.25,0
34.5,1
34.75,0
35.0,1
35.5,0
35.75,1
36.0,0
36.25,1
36.75,0
37.0,1
37.25,0
37.75,1
38.5,0
38.75,1
41.25,0
54.75,1
55.0,0
56.5,1
56.75,0
57.0,1
58.75,0
59.25,1
59.75,0
60.0,1
60.5,0
61.0,1
61.5,0
62.0,1
62.5,0
62.75,1
65.0,0
70.5,1
70.75,0
78.25,1
78.5,0
79.75,1
80.0,0
80.75,1
83.5,0
84.0,1
84.25,0
84.75,1
85.25,0
85.5,1
86.25,0
86.5,1
87.75,0
88.0,1
88.25,0
88.5,1
89.0,0
105.25,1
106.0,0
106.25,1
106.75,0
107.0,1
107.25,0
107.5,1
110.25,0
110.5,1
111.0,0
111.5,1
112.25,0
112.5,1
113.25,0
130.0,1
130.25,0
130.5,1
131.25,0
131.5,1
131.75,0
132.0,1
132.25,0
133.25,1
133.5,0
133.75,1
134.0,0
134.25,1
134.5,0
134.75,1
135.5,0
135.75,1
136.0,0
136.25,1
136.75,0
200.5,1
201.25,0
201.5,1
201.75,0
202.0,1
202.5,0
202.75,1
203.75,0
204.0,1
204.25,0
204.75,1
205.25,0
205.5,1
205.75,0
206.0,1
206.25,0
206.5,1
207.0,0
207.25,1
209.25,0
224.75,1
225.0,0
225.75,1
227.5,0
228.0,1
229.0,0
229.75,1
230.25,0
230.5,1
232.0,0
232.25,1
233.0,0
246.5,1
246.75,0
248.5,1
248.75,0
249.0,1
249.25,0
249.5,1
251.75,0
252.0,1
257.0,0
272.25,1
272.75,0
273.25,1
275.75,0
276.25,1
277.75,0
278.0,1
279.25,0
279.5,1
280.0,0
280.25,1
280.75,0
281.25,1
281.5,0
295.0,1
295.25,0
296.25,1
297.25,0
297.5,1
300.5,0
300.75,1
301.25,0
301.75,1
302.25,0
302.5,1
304.25,0
306.75,1
307.0,0
308.25,1
308.5,0
369.0,1
369.75,0
370.0,1
370.5,0
370.75,1
371.75,0
372.0,1
373.0,0
373.25,1
373.5,0
373.75,1
374.75,0
375.0,1
376.25,0
377.0,1
377.25,0
389.5,1
389.75,0
390.0,1
390.25,0
393.25,1
394.0,0
394.25,1
395.75,0
396.0,1
396.25,0
396.5,1
397.25,0
397.5,1
398.0,0
398.25,1
400.75,0
401.0,1
401.5,0
403.75,1
404.0,0
404.75,1
405.0,0
405.75,1
406.0,0
440.25,1
440.5,0
441.0,1
441.25,0
441.5,1
442.25,0
442.5,1
444.0,0
444.5,1
445.25,0
445.75,1
446.0,0
446.5,1
446.75,0
447.25,1
448.75,0
449.0,1
449.5,0
464.75,1
465.0,0
465.75,1
466.5,0
466.75,1
468.75,0
469.0,1
469.75,0
470.0,1
470.75,0
471.0,1
471.75,0
472.0,1
473.0,0
478.0,1
478.25,0
535.5,1
535.75,0
536.0,1
536.25,0
537.0,1
537.75,0
538.25,1
538.5,0
538.75,1
539.0,0
539.25,1
539.75,0
540.0,1
540.25,0
541.0,1
541.75,0
542.0,1
542.75,0
543.25,1
543.5,0
543.75,1
544.25,0
544.5,1
545.0,0
561.5,1
562.0,0
562.25,1
564.25,0
564.75,1
565.0,0
565.25,1
566.5,0
567.0,1
567.75,0
568.25,1
569.25,0
574.25,1
574.5,0
584.5,1
584.75,0
585.0,1
585.25,0
585.75,1
586.0,0
586.25,1
587.0,0
587.25,1
588.0,0
588.25,1
589.5,0
589.75,1
590.75,0
591.0,1
593.0,0
593.25,1
593.5,0
597.25,1
597.5,0
609.0,1
609.5,0
610.0,1
612.0,0
612.25,1
613.25,0
613.5,1
614.25,0
614.5,1
615.0,0
615.75,1
616.0,0
616.25,1
616.75,0
617.0,1
617.25,0
631.5,1
631.75,0
633.5,1
636.75,0
637.25,1
638.0,0
638.5,1
640.5,0
640.75,1
641.75,0
703.75,1
704.0,0
704.75,1
705.0,0
705.5,1
706.25,0
706.5,1
708.75,0
709.0,1
712.0,0
712.25,1
713.0,0
713.5,1
713.75,0
716.75,1
717.0,0
729.25,1
730.25,0
730.5,1
732.5,0
733.0,1
733.75,0
734.0,1
734.5,0
734.75,1
735.25,0
735.75,1
737.25,0
737.5,1
737.75,0
753.5,1
753.75,0
754.0,1
754.5,0
754.75,1
755.5,0
755.75,1
757.5,0
757.75,1
759.0,0
759.5,1
760.0,0
760.25,1
761.25,0
776.5,1
777.25,0
777.5,1
778.0,0
778.5,1
781.25,0
781.5,1
781.75,0
782.0,1
785.5,0
800.0,1
800.25,0
801.5,1
804.25,0
804.5,1
805.25,0
805.5,1
805.75,0
806.25,1
806.75,0
807.5,1
808.5,0
808.75,1
809.25,0
873.0,1
873.75,0
874.0,1
876.75,0
877.0,1
880.75,0
881.0,1
881.25,0
894.0,1
894.25,0
895.0,1
895.5,0
896.5,1
897.25,0
897.5,1
898.25,0
898.5,1
903.25,0
903.5,1
904.25,0
904.5,1
904.75,0
919.25,1
919.5,0
919.75,1
920.0,0
921.25,1
922.0,0
922.25,1
923.25,0
923.5,1
923.75,0
924.25,1
925.0,0
925.25,1
925.5,0
926.0,1
928.25,0
928.5,1
929.0,0
929.25,1
929.5,0
944.5,1
944.75,0
945.5,1
946.25,0
946.5,1
947.5,0
947.75,1
949.0,0
949.5,1
949.75,0
950.0,1
950.25,0
950.5,1
950.75,0
951.0,1
952.0,0
952.25,1
952.5,0
953.0,1
953.5,0
957.25,1
957.5,0
966.25,1
966.75,0
968.5,1
968.75,0
969.0,1
970.25,0
970.5,1
970.75,0
971.5,1
971.75,0
972.0,1
972.25,0
972.5,1
973.25,0
973.5,1
974.0,0
974.5,1
977.0,0
981.5,1
981.75,0
1040.25,1
1040.75,0
1041.25,1
1041.5,0
1041.75,1
1043.5,0
1043.75,1
1045.75,0
1046.25,1
1048.5,0
1053.75,1
1054.0,0
1065.25,1
1067.5,0
1067.75,1
1068.0,0
1068.25,1
1069.0,0
1069.25,1
1069.75,0
1070.25,1
1070.5,0
1070.75,1
1071.25,0
1071.5,1
1073.0,0
1073.5,1
1073.75,0
1109.75,1
1110.0,0
1113.25,1
1114.25,0
1114.5,1
1116.0,0
1116.25,1
1117.25,0
1117.75,1
1120.75,0
1133.75,1
1134.0,0
1134.75,1
1135.25,0
1137.25,1
1140.0,0
1140.25,1
1141.5,0
1142.0,1
1142.5,0
1142.75,1
1143.0,0
1143.5,1
1145.5,0
1208.75,1
1209.0,0
1209.5,1
1211.25,0
1211.5,1
1211.75,0
1212.0,1
1212.25,0
1212.5,1
1213.75,0
1214.5,1
1215.0,0
1215.5,1
1217.0,0
1230.0,1
1230.25,0
1232.5,1
1232.75,0
1233.0,1
1234.25,0
1234.75,1
1235.5,0
1235.75,1
1237.0,0
1237.5,1
1238.75,0
1239.25,1
1239.5,0
1240.0,1
1240.25,0
1240.5,1
1241.0,0
1241.25,1
1241.75,0
1254.75,1
1255.0,0
1255.75,1
1256.0,0
1256.25,1
1256.5,0
1257.0,1
1258.75,0
1259.0,1
1260.0,0
1260.25,1
1260.5,0
1261.0,1
1264.75,0
1265.0,1
1265.25,0
1269.75,1
1270.0,0
1274.25,1
1274.5,0
1280.25,1
1280.5,0
1281.0,1
1281.25,0
1281.5,1
1284.0,0
1284.25,1
1285.75,0
1286.5,1
1287.75,0
1288.0,1
1288.5,0
1288.75,1
1289.25,0
1291.25,1
1291.5,0
1292.25,1
1292.5,0
1293.75,1
1294.0,0
1303.25,1
1303.5,0
1304.25,1
1304.5,0
1305.0,1
1305.25,0
1305.5,1
1305.75,0
1306.0,1
1308.0,0
1308.25,1
1309.75,0
1310.0,1
1312.25,0
1312.75,1
1313.25,0
1375.0,1
1375.25,0
1376.75,1
1377.5,0
1377.75,1
1378.0,0
1378.25,1
1378.5,0
1379.25,1
1380.5,0
1380.75,1
1381.25,0
1381.5,1
1382.5,0
1383.0,1
1383.5,0
1383.75,1
1384.75,0
1399.5,1
1399.75,0
1400.25,1
1400.5,0
1401.0,1
1401.25,0
1401.5,1
1405.75,0
1406.0,1
1407.75,0
1408.0,1
1409.0,0
1412.25,1
1412.5,0
1422.0,1
1422.25,0
1422.75,1
1423.25,0
1424.75,1
1425.0,0
1425.25,1
1425.5,0
1425.75,1
1426.25,0
1426.5,1
1427.25,0
1428.5,1
1430.0,0
1430.5,1
1432.5,0
1432.75,1
1433.0,0
1446.75,1
1447.0,0
1447.5,1
1448.0,0
1448.5,1
1449.0,0
1449.25,1
1449.5,0
1449.75,1
1450.5,0
1450.75,1
1451.5,0
1451.75,1
1452.0,0
1452.25,1
1453.75,0
1454.0,1
1455.0,0
1455.25,1
1455.5,0
1455.75,1
1456.25,0
1456.5,1
1457.25,0
1470.75,1
1471.0,0
1473.0,1
1474.75,0
1475.0,1
1477.0,0
1477.5,1
1477.75,0
1478.0,1
1481.0,0
1543.75,1
1544.0,0
1545.5,1
1546.0,0
1546.75,1
1547.25,0
1548.0,1
1549.0,0
1549.5,1
1551.0,0
1551.25,1
1551.75,0
1552.0,1
1552.25,0
1552.75,1
1553.25,0
1553.5,1
1553.75,0
1567.5,1
1567.75,0
1568.75,1
1569.25,0
1569.5,1
1573.0,0
1573.25,1
1577.0,0
1577.25,1
1577.5,0
1581.75,1
1582.0,0
1591.0,1
1591.25,0
1592.75,1
1593.0,0
1593.5,1
1594.0,0
1594.25,1
1595.25,0
1595.5,1
1596.75,0
1597.0,1
1597.25,0
1597.5,1
1599.25,0
1599.5,1
1600.0,0
1600.25,1
1600.5,0
1601.0,1
1601.5,0
1604.75,1
1605.0,0
1616.5,1
1616.75,0
1617.25,1
1619.0,0
1619.25,1
1619.5,0
1619.75,1
1621.0,0
1621.25,1
1622.25,0
1622.5,1
1624.5,0
1624.75,1
1625.0,0
1640.25,1
1640.5,0
1641.0,1
1642.75,0
1643.0,1
1643.25,0
1643.5,1
1649.5,0
1712.75,1
1714.75,0
1715.0,1
1716.5,0
1716.75,1
1717.5,0
1717.75,1
1719.5,0
1719.75,1
1720.5,0
1720.75,1
1721.25,0
1721.5,1
1721.75,0
1724.75,1
1725.0,0
1725.5,1
1725.75,0
1733.75,1
1734.0,0
1736.5,1
1736.75,0
1737.0,1
1738.75,0
1739.0,1
1740.0,0
1740.25,1
1741.75,0
1742.0,1
1745.0,0
1745.25,1
1745.75,0
1749.25,1
1749.5,0
1757.75,1
1758.0,0
1758.5,1
1759.0,0
1760.75,1
1761.0,0
1761.5,1
1763.5,0
1763.75,1
1764.0,0
1764.25,1
1765.75,0
1766.0,1
1767.25,0
1768.25,1
1769.5,0
1769.75,1
1770.0,0
1785.0,1
1785.75,0
1786.0,1
1787.25,0
1787.5,1
1787.75,0
1788.0,1
1788.25,0
1788.75,1
1793.25,0
1808.0,1
1808.5,0
1809.0,1
1809.5,0
1809.75,1
1810.75,0
1811.0,1
1812.5,0
1812.75,1
1813.25,0
1813.5,1
1815.0,0
1815.25,1
1817.0,0
1817.25,1
1817.75,0
1877.75,1
1878.0,0
1878.25,1
1878.5,0
1881.25,1
1882.25,0
1883.0,1
1883.25,0
1883.5,1
1884.5,0
1884.75,1
1886.0,0
1886.25,1
1888.25,0
1889.0,1
1889.25,0
1892.25,1
1892.5,0
1893.5,1
1893.75,0
1905.5,1
1906.0,0
1906.25,1
1906.75,0
1907.0,1
1907.5,0
1907.75,1
1909.25,0
1909.5,1
1909.75,0
1910.25,1
1910.5,0
1910.75,1
1911.5,0
1912.0,1
1913.0,0
1925.75,1
1926.0,0
1927.5,1
1927.75,0
1929.25,1
1930.5,0
1930.75,1
1933.0,0
1933.25,1
1934.0,0
1934.25,1
1935.25,0
1935.5,1
1935.75,0
1936.0,1
1936.75,0
1940.5,1
1940.75,0
1952.25,1
1952.5,0
1952.75,1
1954.0,0
1954.25,1
1955.5,0
1956.0,1
1956.75,0
1957.0,1
1957.25,0
1957.5,1
1957.75,0
1958.25,1
1958.5,0
1958.75,1
1960.5,0
1960.75,1
1961.0,0
1964.0,1
1964.25,0
1974.25,1
1974.5,0
1975.0,1
1975.25,0
1977.0,1
1978.75,0
1979.0,1
1980.0,0
1980.25,1
1980.75,0
1981.0,1
1982.25,0
1982.75,1
1983.25,0
1983.5,1
1984.75,0
1989.5,1
1990.0,0
2049.0,1
2049.25,0
2049.75,1
2050.5,0
2050.75,1
2051.25,0
2051.5,1
2052.75,0
2053.0,1
2053.5,0
2053.75,1
2054.5,0
2054.75,1
2056.5,0
2056.75,1
2057.0,0
2057.25,1
2057.5,0
2070.5,1
2070.75,0
2073.0,1
2073.25,0
2073.5,1
2074.25,0
2074.5,1
2074.75,0
2075.0,1
2075.5,0
2076.0,1
2076.5,0
2076.75,1
2077.25,0
2078.25,1
2078.5,0
2078.75,1
2079.5,0
2079.75,1
2080.0,0
2080.25,1
2080.5,0
2086.25,1
2086.5,0
2095.25,1
2095.5,0
2095.75,1
2096.0,0
2097.25,1
2099.5,0
2099.75,1
2101.0,0
2101.25,1
2101.5,0
2102.0,1
2103.25,0
2103.5,1
2104.0,0
2104.25,1
2104.5,0
2105.0,1
2105.25,0
2107.75,1
2108.0,0
2118.5,1
2119.25,0
2121.0,1
2121.25,0
2121.75,1
2122.25,0
2122.5,1
2123.0,0
2123.25,1
2126.25,0
2126.5,1
2127.25,0
2127.5,1
2127.75,0
2128.0,1
2129.0,0
2129.25,1
2129.5,0
2134.5,1
2134.75,0
2142.25,1
2142.5,0
2142.75,1
2143.25,0
2143.75,1
2144.0,0
2144.5,1
2145.0,0
2145.25,1
2146.0,0
2146.25,1
2148.0,0
2148.25,1
2148.75,0
2149.0,1
2149.5,0
2149.75,1
2151.0,0
2151.75,1
2152.75,0
2215.0,1
2215.5,0
2216.75,1
2217.5,0
2217.75,1
2218.25,0
2218.75,1
2220.25,0
2220.5,1
2221.75,0
2222.0,1
2222.5,0
2222.75,1
2223.5,0
2224.0,1
2224.5,0
2224.75,1
2225.0,0
2238.0,1
2238.25,0
2239.5,1
2239.75,0
2240.5,1
2241.0,0
2241.25,1
2241.5,0
2241.75,1
2243.0,0
2243.5,1
2245.5,0
2245.75,1
2246.75,0
2247.0,1
2249.5,0
2253.25,1
2253.5,0
2262.75,1
2263.0,0
2265.0,1
2266.0,0
2266.5,1
2267.0,0
2267.25,1
2268.75,0
2269.0,1
2270.5,0
2270.75,1
2272.25,0
2272.5,1
2272.75,0
2276.5,1
2276.75,0
2288.75,1
2289.0,0
2289.25,1
2289.5,0
2289.75,1
2290.25,0
2290.5,1
2291.75,0
2292.0,1
2292.25,0
2292.5,1
2292.75,0
2293.25,1
2295.0,0
2295.25,1
2295.5,0
2295.75,1
2297.0,0
2310.25,1
2310.75,0
2311.5,1
2311.75,0
2312.5,1
2312.75,0
2313.0,1
2317.0,0
2317.25,1
2317.5,0
2317.75,1
2318.0,0
2318.25,1
2318.5,0
2318.75,1
2319.0,0
2319.25,1
2320.25,0
2320.5,1
2321.0,0
2382.75,1
2383.0,0
2383.25,1
2383.5,0
2384.75,1
2385.0,0
2385.25,1
2386.25,0
2386.5,1
2387.25,0
2387.5,1
2389.0,0
2389.25,1
2390.5,0
2390.75,1
2391.0,0
2391.25,1
2392.25,0
2392.5,1
2392.75,0
2393.0,1
2393.25,0
2398.25,1
2398.5,0
2408.75,1
2409.0,0
2409.25,1
2409.5,0
2409.75,1
2410.0,0
2410.25,1
2410.5,0
2410.75,1
2411.5,0
2411.75,1
2413.25,0
2413.75,1
2415.0,0
2415.25,1
2415.75,0
2416.0,1
2416.25,0
2416.5,1
2416.75,0
2431.0,1
2431.25,0
2433.0,1
2434.5,0
2434.75,1
2436.5,0
2436.75,1
2437.25,0
2437.5,1
2437.75,0
2438.5,1
2440.75,0
2454.75,1
2455.0,0
2455.5,1
2455.75,0
2456.75,1
2457.0,0
2457.25,1
2457.75,0
2458.5,1
2462.0,0
2462.25,1
2465.0,0
2478.75,1
2479.0,0
2479.5,1
2479.75,0
2480.5,1
2480.75,0
2481.0,1
2482.0,0
2482.25,1
2483.5,0
2483.75,1
2484.25,0
2484.5,1
2487.0,0
2487.25,1
2489.25,0
2489.75,1
2490.0,0
2493.0,1
2493.25,0
2551.75,1
2552.0,0
2552.5,1
2553.5,0
2553.75,1
2556.0,0
2556.25,1
2557.25,0
2557.5,1
2559.0,0
2559.25,1
2560.0,0
2560.25,1
2560.5,0
2576.5,1
2576.75,0
2577.5,1
2577.75,0
2578.0,1
2579.75,0
2580.0,1
2580.25,0
2580.5,1
2581.0,0
2581.25,1
2582.75,0
2583.25,1
2585.0,0
2601.0,1
2601.25,0
2601.5,1
2605.25,0
2605.5,1
2606.0,0
2606.25,1
2608.0,0
2608.25,1
2609.0,0
2622.0,1
2622.25,0
2625.0,1
2625.5,0
2625.75,1
2626.75,0
2627.0,1
2627.75,0
2628.0,1
2628.25,0
2628.5,1
2630.25,0
2630.5,1
2631.25,0
2631.5,1
2632.25,0
2632.5,1
2633.0,0
2633.75,1
2634.0,0
2646.0,1
2646.5,0
2646.75,1
2647.0,0
2648.25,1
2648.5,0
2648.75,1
2649.5,0
2649.75,1
2651.0,0
2651.5,1
2652.0,0
2652.25,1
2652.75,0
2653.0,1
2653.5,0
2654.25,1
2656.75,0
2657.0,1
2657.25,0
2720.5,1
2720.75,0
2722.5,1
2723.25,0
2723.5,1
2724.75,0
2725.0,1
2725.5,0
2725.75,1
2726.5,0
2726.75,1
2728.75,0
2729.0,1
2729.25,0
2743.75,1
2744.0,0
2744.75,1
2749.25,0
2749.5,1
2752.75,0
2753.0,1
2753.25,0
2753.75,1
2754.0,0
2757.5,1
2757.75,0
2766.0,1
2766.25,0
2767.5,1
2768.25,0
2768.75,1
2769.75,0
2770.0,1
2772.5,0
2772.75,1
2773.25,0
2773.5,1
2774.0,0
2774.25,1
2775.25,0
2775.5,1
2777.0,0
2777.25,1
2777.75,0
2790.5,1
2790.75,0
2792.25,1
2792.5,0
2793.0,1
2793.5,0
2793.75,1
2794.75,0
2795.5,1
2796.25,0
2796.75,1
2798.0,0
2798.25,1
2798.75,0
2799.0,1
2799.75,0
2800.25,1
2801.25,0
2805.0,1
2805.25,0
2805.5,1
2805.75,0
2814.5,1
2814.75,0
2815.25,1
2816.0,0
2816.75,1
2819.75,0
2820.25,1
2821.25,0
2821.5,1
2822.0,0
2822.25,1
2824.25,0
2824.5,1
2825.0,0
2886.5,1
2886.75,0
2888.0,1
2888.25,0
2888.75,1
2889.0,0
2889.5,1
2890.0,0
2890.25,1
2891.25,0
2891.5,1
2892.0,0
2892.5,1
2893.0,0
2893.25,1
2893.75,0
2894.25,1
2897.0,0
2900.5,1
2900.75,0
2912.75,1
2913.0,0
2913.25,1
2914.25,0
2914.5,1
2915.75,0
2916.0,1
2916.5,0
2916.75,1
2918.25,0
2918.5,1
2920.5,0
2920.75,1
2921.0,0
2921.5,1
2921.75,0
2933.75,1
2934.0,0
2935.75,1
2936.0,0
2936.25,1
2936.5,0
2937.0,1
2939.25,0
2939.5,1
2940.0,0
2940.25,1
2940.5,0
2941.0,1
2941.25,0
2941.5,1
2941.75,0
2942.0,1
2942.25,0
2943.0,1
2943.5,0
2943.75,1
2945.25,0
2946.0,1
2946.25,0
2958.75,1
2959.0,0
2960.75,1
2961.5,0
2961.75,1
2962.25,0
2962.5,1
2964.75,0
2965.25,1
2965.5,0
2965.75,1
2967.5,0
2967.75,1
2968.25,0
2968.75,1
2969.25,0
2985.0,1
2986.75,0
2987.0,1
2989.75,0
2990.0,1
2990.25,0
2990.75,1
2993.0,0
3056.75,1
3057.0,0
3057.5,1
3058.0,0
3058.5,1
3061.5,0
3061.75,1
3062.5,0
3062.75,1
3063.5,0
3063.75,1
3064.0,0
3064.5,1
3065.0,0
3065.25,1
3065.5,0
3070.25,1
3070.5,0
3071.5,1
3071.75,0
3072.25,1
3072.5,0
3081.25,1
3081.75,0
3082.0,1
3083.75,0
3084.0,1
3085.0,0
3085.25,1
3085.5,0
3085.75,1
3087.0,0
3087.25,1
3087.75,0
3088.0,1
3088.25,0
3088.75,1
3089.25,0
3092.0,1
3092.25,0
3093.0,1
3093.25,0
3093.5,1
3093.75,0
3103.25,1
3103.75,0
3104.75,1
3105.25,0
3105.75,1
3107.75,0
3108.25,1
3108.75,0
3109.0,1
3110.5,0
3110.75,1
3111.75,0
3112.0,1
3112.75,0
3113.5,1
3113.75,0
3128.75,1
3129.75,0
3130.0,1
3132.0,0
3132.5,1
3134.25,0
3135.5,1
3137.25,0
3141.75,1
3142.25,0
3151.75,1
3152.0,0
3152.75,1
3153.0,0
3153.25,1
3153.5,0
3154.0,1
3154.25,0
3154.5,1
3160.5,0
3165.25,1
3165.5,0
3221.75,1
3222.0,0
3223.25,1
3223.5,0
3225.25,1
3228.0,0
3228.25,1
3229.75,0
3230.0,1
3232.75,0
3246.25,1
3247.0,0
3249.25,1
3250.75,0
3251.0,1
3252.5,0
3252.75,1
3254.75,0
3255.0,1
3255.25,0
3255.5,1
3255.75,0
3256.0,1
3256.5,0
3257.0,1
3257.75,0
3261.0,1
3261.25,0
3261.5,1
3261.75,0
3271.0,1
3271.25,0
3271.5,1
3271.75,0
3273.0,1
3276.75,0
3277.0,1
3278.5,0
3278.75,1
3279.0,0
3279.25,1
3281.25,0
3285.5,1
3285.75,0
3294.5,1
3294.75,0
3295.25,1
3295.5,0
3297.5,1
3299.75,0
3300.0,1
3300.5,0
3300.75,1
3301.5,0
3301.75,1
3302.25,0
3302.75,1
3303.75,0
3304.0,1
3304.75,0
3319.0,1
3319.25,0
3319.5,1
3319.75,0
3320.5,1
3321.0,0
3321.25,1
3322.5,0
3322.75,1
3324.25,0
3324.5,1
3325.0,0
3326.0,1
3327.5,0
3328.0,1
3329.25,0
3333.75,1
3334.0,0
3391.25,1
3391.75,0
3392.0,1
3392.5,0
3393.0,1
3393.5,0
3394.5,1
3394.75,0
3395.0,1
3396.5,0
3396.75,1
3397.0,0
3397.25,1
3397.75,0
3398.0,1
3400.25,0
3400.75,1
3401.0,0
3405.75,1
3406.0,0
3415.75,1
3416.25,0
3417.0,1
3417.5,0
3417.75,1
3420.75,0
3421.0,1
3423.5,0
3424.25,1
3424.75,0
3425.0,1
3425.25,0
3438.25,1
3438.5,0
3440.75,1
3441.0,0
3441.5,1
3443.25,0
3443.5,1
3445.0,0
3445.25,1
3447.0,0
3447.25,1
3447.5,0
3448.0,1
3448.25,0
3448.75,1
3449.0,0
3452.25,1
3452.5,0
3465.25,1
3465.75,0
3466.0,1
3466.75,0
3467.0,1
3469.75,0
3470.5,1
3471.25,0
3471.75,1
3472.5,0
3472.75,1
3473.25,0
3488.75,1
3489.25,0
3489.5,1
3490.75,0
3491.0,1
3491.5,0
3491.75,1
3493.5,0
3493.75,1
3494.0,0
3494.5,1
3497.25,0
3559.75,1
3560.0,0
3561.0,1
3562.25,0
3562.5,1
3563.25,0
3563.5,1
3564.0,0
3564.25,1
3564.75,0
3565.25,1
3566.0,0
3566.25,1
3566.5,0
3566.75,1
3567.25,0
3567.5,1
3567.75,0
3568.0,1
3568.5,0
3569.0,1
3569.5,0
3572.5,1
3572.75,0
3605.5,1
3605.75,0
3608.5,1
3608.75,0
3609.25,1
3610.0,0
3610.25,1
3612.75,0
3613.0,1
3613.5,0
3613.75,1
3614.75,0
3615.25,1
3616.75,0
3617.0,1
3617.25,0
3631.75,1
3632.0,0
3633.25,1
3633.75,0
3634.0,1
3636.25,0
3636.5,1
3637.0,0
3637.25,1
3637.75,0
3638.0,1
3638.25,0
3638.75,1
3640.25,0
3640.5,1
3640.75,0
3645.25,1
3645.5,0
3654.0,1
3654.25,0
3656.75,1
3657.0,0
3657.25,1
3657.5,0
3658.0,1
3659.0,0
3659.25,1
3661.25,0
3661.75,1
3662.0,0
3662.25,1
3663.25,0
3663.5,1
3664.5,0
3665.5,1
3665.75,0
3668.5,1
3668.75,0
3726.5,1
3726.75,0
3728.25,1
3728.5,0
3728.75,1
3729.0,0
3729.25,1
3730.25,0
3730.75,1
3731.25,0
3731.5,1
3732.75,0
3733.0,1
3734.5,0
3734.75,1
3735.75,0
3736.0,1
3737.0,0
3737.25,1
3737.5,0
3739.75,1
3740.25,0
3741.0,1
3741.25,0
3752.25,1
3752.5,0
3753.5,1
3754.75,0
3755.0,1
3756.5,0
3756.75,1
3759.25,0
3759.5,1
3761.5,0
3775.25,1
3775.5,0
3775.75,1
3776.0,0
3776.5,1
3777.5,0
3777.75,1
3778.0,0
3778.25,1
3780.0,0
3780.5,1
3781.25,0
3781.5,1
3781.75,0
3782.0,1
3783.5,0
3784.0,1
3784.5,0
3784.75,1
3785.0,0
3799.25,1
3799.5,0
3800.5,1
3800.75,0
3801.0,1
3801.25,0
3801.5,1
3805.25,0
3805.75,1
3808.0,0
3808.25,1
3808.5,0
3808.75,1
3809.0,0
3812.5,1
3812.75,0
3813.5,1
3813.75,0
3822.5,1
3822.75,0
3825.0,1
3825.25,0
3825.5,1
3827.5,0
3827.75,1
3829.25,0
3829.75,1
3830.75,0
3831.0,1
3832.0,0
3833.0,1
3833.25,0
3834.25,1
3834.5,0
3894.5,1
3894.75,0
3895.0,1
3895.25,0
3897.5,1
3898.0,0
3898.75,1
3900.75,0
3901.0,1
3905.5,0
3906.0,1
3906.25,0
3918.75,1
3919.0,0
3921.25,1
3923.5,0
3924.0,1
3924.5,0
3924.75,1
3925.25,0
3925.5,1
3925.75,0
3926.0,1
3926.5,0
3926.75,1
3927.25,0
3927.5,1
3929.0,0
3933.5,1
3933.75,0
3943.0,1
3943.5,0
3943.75,1
3944.0,0
3945.0,1
3945.25,0
3946.25,1
3946.75,0
3947.0,1
3948.75,0
3949.0,1
3949.75,0
3950.0,1
3950.75,0
3951.0,1
3952.5,0
3952.75,1
3953.25,0
3956.5,1
3956.75,0
3957.5,1
3957.75,0
3965.5,1
3965.75,0
3967.0,1
3967.25,0
3967.75,1
3968.0,0
3968.75,1
3969.75,0
3970.0,1
3971.75,0
3972.0,1
3972.25,0
3972.5,1
3973.0,0
3973.25,1
3973.5,0
3973.75,1
3974.0,0
3974.5,1
3975.0,0
3975.5,1
3976.5,0
3976.75,1
3977.0,0
3977.25,1
3977.5,0
3992.25,1
3992.5,0
3993.0,1
3993.75,0
3994.0,1
3994.5,0
3995.0,1
3995.75,0
3996.0,1
3996.25,0
3996.5,1
3997.25,0
3997.75,1
3998.25,0
3998.5,1
3999.0,0
3999.25,1
4000.0,0
4000.25,1
4001.0,0
4001.25,1
4001.5,0
4065.0,1
4068.5,0
4068.75,1
4069.25,0
4069.5,1
4072.0,0
4072.25,1
4072.75,0
4073.0,1
4073.25,0
4076.5,1
4076.75,0
4077.75,1
4078.0,0
4089.25,1
4090.0,0
4090.25,1
4091.75,0
4092.0,1
4093.0,0
4093.25,1
4097.0,0
4101.0,1
4101.25,0
4109.75,1
4110.0,0
4110.75,1
4111.5,0
4112.75,1
4113.0,0
4113.25,1
4113.5,0
4113.75,1
4114.25,0
4114.5,1
4115.25,0
4115.5,1
4116.25,0
4116.5,1
4118.5,0
4118.75,1
4119.5,0
4120.0,1
4120.25,0
4120.5,1
4121.25,0
4137.0,1
4138.5,0
4138.75,1
4139.0,0
4139.25,1
4140.25,0
4141.0,1
4141.75,0
4142.25,1
4143.0,0
4143.5,1
4145.25,0
4148.25,1
4148.5,0
4150.0,1
4150.25,0
4160.75,1
4161.0,0
4161.25,1
4164.75,0
4165.0,1
4167.25,0
4167.5,1
4168.75,0
4169.0,1
4169.5,0
4172.0,1
4172.25,0
4231.0,1
4231.25,0
4233.0,1
4233.25,0
4233.5,1
4236.0,0
4236.25,1
4236.5,0
4237.0,1
4237.25,0
4237.5,1
4237.75,0
4238.0,1
4239.0,0
4239.25,1
4241.0,0
4256.75,1
4257.0,0
4257.5,1
4260.0,0
4260.25,1
4261.75,0
4262.25,1
4264.25,0
4264.5,1
4265.0,0
4268.5,1
4268.75,0
4269.5,1
4269.75,0
4281.0,1
4281.25,0
4281.75,1
4285.5,0
4286.0,1
4287.25,0
4287.5,1
4288.0,0
4288.25,1
4288.75,0
4293.25,1
4293.5,0
4303.75,1
4304.0,0
4304.75,1
4306.0,0
4306.25,1
4306.75,0
4307.0,1
4307.75,0
4308.25,1
4308.5,0
4308.75,1
4310.5,0
4310.75,1
4311.25,0
4311.5,1
4312.5,0
4312.75,1
4313.0,0
4313.5,1
4313.75,0
4326.75,1
4327.0,0
4329.5,1
4330.25,0
4330.75,1
4331.75,0
4332.0,1
4332.5,0
4333.5,1
4334.75,0
4335.0,1
4336.5,0
4337.0,1
4337.25,0
4397.75,1
4398.0,0
4400.5,1
4400.75,0
4401.25,1
4402.25,0
4402.5,1
4405.75,0
4406.25,1
4406.5,0
4406.75,1
4408.25,0
4408.5,1
4409.0,0
4409.25,1
4409.5,0
4413.25,1
4413.75,0
4446.0,1
4446.25,0
4448.75,1
4449.0,0
4449.25,1
4449.5,0
4449.75,1
4452.25,0
4452.5,1
4453.0,0
4453.25,1
4457.0,0
4457.5,1
4457.75,0
4471.75,1
4472.0,0
4472.5,1
4473.5,0
4473.75,1
4475.25,0
4476.0,1
4476.25,0
4476.5,1
4477.0,0
4477.25,1
4477.5,0
4477.75,1
4478.5,0
4478.75,1
4481.0,0
4481.25,1
4481.5,0
4494.5,1
4494.75,0
4495.5,1
4495.75,0
4496.5,1
4496.75,0
4497.25,1
4498.25,0
4498.75,1
4500.5,0
4500.75,1
4501.5,0
4501.75,1
4502.25,0
4502.75,1
4504.25,0
4504.5,1
4504.75,0
4505.0,1
4505.25,0
4569.25,1
4571.0,0
4571.25,1
4573.0,0
4573.25,1
4574.25,0
4574.5,1
4574.75,0
4575.0,1
4575.75,0
4576.0,1
4577.0,0
4581.0,1
4581.25,0
4590.5,1
4590.75,0
4592.75,1
4593.0,0
4593.25,1
4593.75,0
4594.0,1
4594.5,0
4594.75,1
4596.75,0
4597.0,1
4598.5,0
4598.75,1
4600.75,0
4606.0,1
4606.25,0
4615.25,1
4615.5,0
4617.0,1
4617.75,0
4618.25,1
4618.5,0
4618.75,1
4619.25,0
4619.5,1
4620.25,0
4620.5,1
4623.75,0
4624.0,1
4624.5,0
4624.75,1
4625.25,0
4638.0,1
4638.5,0
4640.75,1
4642.5,0
4643.0,1
4643.75,0
4644.0,1
4644.5,0
4645.25,1
4645.5,0
4645.75,1
4647.0,0
4647.5,1
4647.75,0
4648.0,1
4649.0,0
4653.5,1
4654.0,0
4663.5,1
4664.0,0
4664.5,1
4665.0,0
4665.25,1
4665.75,0
4666.0,1
4668.0,0
4668.25,1
4668.5,0
4669.0,1
4670.25,0
4671.25,1
4673.0,0
4678.5,1
4678.75,0
4736.25,1
4737.0,0
4737.25,1
4740.75,0
4741.0,1
4741.25,0
4741.5,1
4744.0,0
4744.5,1
4745.25,0
4759.5,1
4759.75,0
4760.0,1
4760.25,0
4761.5,1
4762.0,0
4762.25,1
4763.25,0
4764.0,1
4764.25,0
4764.5,1
4764.75,0
4765.0,1
4765.5,0
4766.0,1
4767.75,0
4768.0,1
4769.25,0
4772.0,1
4772.25,0
4782.5,1
4783.0,0
4784.25,1
4784.5,0
4785.0,1
4786.0,0
4786.25,1
4787.0,0
4787.25,1
4788.0,0
4788.25,1
4788.5,0
4789.0,1
4789.75,0
4790.25,1
4790.5,0
4790.75,1
4792.5,0
4794.0,1
4794.25,0
4807.0,1
4807.25,0
4808.25,1
4808.5,0
4809.0,1
4810.0,0
4810.25,1
4810.75,0
4811.0,1
4811.25,0
4811.5,1
4811.75,0
4812.0,1
4813.0,0
4813.25,1
4814.5,0
4814.75,1
4815.0,0
4815.25,1
4816.75,0
4817.25,1
4817.5,0
4830.75,1
4831.0,0
4833.0,1
4833.25,0
4833.75,1
4836.75,0
4837.0,1
4837.5,0
4837.75,1
4838.25,0
4838.75,1
4840.75,0
4841.0,1
4841.25,0
4902.25,1
4902.5,0
4904.0,1
4904.25,0
4905.25,1
4905.5,0
4906.0,1
4906.5,0
4906.75,1
4907.5,0
4907.75,1
4908.25,0
4908.5,1
4909.25,0
4909.5,1
4910.0,0
4910.25,1
4910.5,0
4910.75,1
4913.0,0
4927.25,1
4927.75,0
4928.25,1
4928.75,0
4929.0,1
4933.5,0
4933.75,1
4934.0,0
4934.25,1
4935.0,0
4935.75,1
4937.25,0
4937.75,1
4938.0,0
4949.75,1
4950.0,0
4950.25,1
4950.5,0
4953.0,1
4955.0,0
4955.25,1
4957.0,0
4957.25,1
4958.0,0
4958.25,1
4959.5,0
4959.75,1
4960.75,0
4961.0,1
4961.25,0
4965.0,1
4965.25,0
4976.5,1
4978.0,0
4978.25,1
4979.0,0
4979.25,1
4981.25,0
4981.5,1
4981.75,0
4982.0,1
4985.0,0
5001.25,1
5001.5,0
5001.75,1
5002.75,0
5003.0,1
5005.0,0
5005.5,1
5006.5,0
5007.0,1
5009.0,0
5013.25,1
5013.5,0
5070.5,1
5070.75,0
5071.0,1
5071.25,0
5071.75,1
5072.0,0
5073.25,1
5074.5,0
5074.75,1
5076.25,0
5076.5,1
5079.0,0
5079.5,1
5080.5,0
5080.75,1
5081.0,0
5081.5,1
5081.75,0
5083.75,1
5084.0,0
5094.5,1
5094.75,0
5095.75,1
5096.0,0
5097.0,1
5097.25,0
5097.5,1
5097.75,0
5098.0,1
5100.0,0
5100.25,1
5101.25,0
5101.5,1
5101.75,0
5102.5,1
5103.75,0
5104.0,1
5104.25,0
5104.75,1
5105.25,0
5106.25,1
5106.5,0
5120.75,1
5121.25,0
5121.5,1
5123.0,0
5123.5,1
5124.0,0
5124.25,1
5124.5,0
5125.25,1
5127.25,0
5127.5,1
5128.5,0
5129.25,1
5129.5,0
5132.25,1
5132.5,0
5133.25,1
5133.5,0
5143.0,1
5143.25,0
5144.75,1
5146.25,0
5147.0,1
5147.25,0
5147.5,1
5147.75,0
5148.0,1
5148.5,0
5149.25,1
5151.75,0
5152.0,1
5152.25,0
5152.75,1
5153.25,0
5168.5,1
5168.75,0
5169.75,1
5171.0,0
5171.25,1
5172.5,0
5173.0,1
5175.0,0
5175.25,1
5176.75,0
5177.0,1
5177.25,0
5240.75,1
5241.75,0
5242.0,1
5244.25,0
5244.5,1
5245.0,0
5245.25,1
5246.25,0
5246.75,1
5247.75,0
5248.0,1
5248.75,0
5249.0,1
5249.25,0
5264.25,1
5265.0,0
5265.25,1
5267.0,0
5267.25,1
5267.5,0
5267.75,1
5268.0,0
5269.25,1
5269.75,0
5270.25,1
5271.25,0
5271.75,1
5272.75,0
5273.25,1
5273.5,0
5275.5,1
5275.75,0
5286.5,1
5286.75,0
5287.25,1
5287.5,0
5289.0,1
5289.5,0
5289.75,1
5290.25,0
5290.5,1
5291.5,0
5292.25,1
5293.5,0
5294.0,1
5295.0,0
5295.25,1
5296.25,0
5296.5,1
5296.75,0
5297.0,1
5297.5,0
5300.75,1
5301.0,0
5312.25,1
5312.5,0
5312.75,1
5314.0,0
5314.25,1
5316.25,0
5316.5,1
5317.5,0
5317.75,1
5318.25,0
5318.5,1
5320.0,0
5320.5,1
5320.75,0
5321.5,1
5321.75,0
5334.75,1
5335.0,0
5336.5,1
5336.75,0
5337.5,1
5339.0,0
5339.25,1
5342.0,0
5342.25,1
5343.25,0
5343.75,1
5345.25,0
5345.5,1
5345.75,0
5348.5,1
5348.75,0
5406.25,1
5406.5,0
5409.25,1
5412.0,0
5412.5,1
5415.25,0
5415.5,1
5415.75,0
5416.0,1
5416.75,0
5420.75,1
5421.0,0
5432.75,1
5433.0,0
5433.25,1
5434.0,0
5434.25,1
5434.75,0
5435.0,1
5437.25,0
5437.5,1
5437.75,0
5438.0,1
5438.25,0
5438.5,1
5439.0,0
5439.75,1
5440.25,0
5440.5,1
5441.25,0
5446.0,1
5446.25,0
5455.0,1
5455.25,0
5455.75,1
5456.0,0
5457.5,1
5458.0,0
5458.5,1
5459.25,0
5459.5,1
5460.25,0
5460.5,1
5461.5,0
5461.75,1
5462.5,0
5462.75,1
5463.0,0
5463.25,1
5465.25,0
5465.5,1
5465.75,0
5479.25,1
5479.5,0
5481.25,1
5482.75,0
5483.0,1
5483.75,0
5484.5,1
5484.75,0
5485.0,1
5485.25,0
5485.5,1
5486.5,0
5486.75,1
5487.0,0
5487.25,1
5487.5,0
5487.75,1
5489.0,0
5489.25,1
5489.75,0
5504.0,1
5504.25,0
5505.5,1
5505.75,0
5506.0,1
5506.5,0
5506.75,1
5508.0,0
5508.25,1
5508.75,0
5509.0,1
5510.5,0
5511.0,1
5513.25,0
5513.5,1
5513.75,0
5517.0,1
5517.25,0
5517.75,1
5518.0,0
5576.25,1
5576.5,0
5577.25,1
5578.5,0
5579.25,1
5580.0,0
5580.25,1
5581.25,0
5581.75,1
5582.25,0
5582.5,1
5583.75,0
5584.0,1
5584.75,0
5600.5,1
5601.25,0
5602.25,1
5603.0,0
5603.25,1
5604.25,0
5604.5,1
5605.5,0
5605.75,1
5606.0,0
5606.25,1
5608.0,0
5608.5,1
5608.75,0
5609.0,1
5609.25,0
5609.5,1
5609.75,0
5621.75,1
5622.0,0
5622.25,1
5622.5,0
5624.25,1
5625.5,0
5625.75,1
5627.0,0
5627.5,1
5628.25,0
5628.75,1
5630.75,0
5631.0,1
5633.0,0
5633.25,1
5633.75,0
5635.75,1
5636.0,0
5637.25,1
5637.5,0
5648.75,1
5650.25,0
5650.5,1
5651.25,0
5651.5,1
5653.0,0
5653.25,1
5653.75,0
5654.0,1
5656.75,0
5657.0,1
5657.25,0
5669.75,1
5670.0,0
5670.75,1
5671.25,0
5672.5,1
5672.75,0
5673.0,1
5674.5,0
5674.75,1
5675.0,0
5675.25,1
5676.75,0
5677.0,1
5677.25,0
5677.5,1
5678.0,0
5678.25,1
5679.25,0
5679.5,1
5679.75,0
5680.0,1
5680.75,0
5745.25,1
5745.5,0
5746.0,1
5747.25,0
5747.5,1
5749.25,0
5749.5,1
5751.25,0
5751.75,1
5753.0,0
5753.25,1
5753.5,0
5767.5,1
5767.75,0
5769.25,1
5770.5,0
5770.75,1
5772.0,0
5772.25,1
5773.5,0
5774.25,1
5776.25,0
5776.5,1
5777.5,0
5781.75,1
5782.0,0
5791.0,1
5791.25,0
5791.75,1
5792.75,0
5793.25,1
5794.25,0
5794.5,1
5795.25,0
5795.5,1
5796.0,0
5796.5,1
5796.75,0
5797.0,1
5798.0,0
5798.5,1
5799.5,0
5799.75,1
5800.25,0
5800.5,1
5801.0,0
5804.75,1
5805.0,0
5814.5,1
5814.75,0
5817.25,1
5819.25,0
5819.5,1
5822.5,0
5822.75,1
5823.0,0
5823.25,1
5823.5,0
5823.75,1
5824.0,0
5824.5,1
5825.5,0
5829.25,1
5829.5,0
5838.75,1
5839.0,0
5840.5,1
5840.75,0
5841.0,1
5841.25,0
5841.5,1
5842.25,0
5842.5,1
5845.75,0
5846.25,1
5848.25,0
5848.5,1
5848.75,0
5850.0,1
5850.25,0
5910.0,1
5910.25,0
5913.0,1
5913.25,0
5913.5,1
5913.75,0
5914.0,1
5914.5,0
5915.0,1
5915.25,0
5916.25,1
5916.5,0
5917.0,1
5917.25,0
5917.5,1
5918.5,0
5919.0,1
5920.5,0
5920.75,1
5921.0,0
5924.25,1
5924.5,0
5958.75,1
5959.0,0
5960.5,1
5960.75,0
5961.0,1
5962.5,0
5962.75,1
5963.75,0
5964.0,1
5964.5,0
5965.0,1
5965.5,0
5965.75,1
5966.75,0
5967.0,1
5967.25,0
5967.75,1
5968.25,0
5968.75,1
5969.0,0
5972.75,1
5973.0,0
5983.75,1
5984.0,0
5984.75,1
5985.0,0
5985.25,1
5986.5,0
5986.75,1
5988.75,0
5989.0,1
5990.75,0
5991.5,1
5993.25,0
6009.25,1
6009.75,0
6010.0,1
6011.75,0
6012.25,1
6012.75,0
6013.0,1
6013.5,0
6013.75,1
6014.25,0
6014.5,1
6015.25,0
6015.5,1
6016.5,0
6016.75,1
6017.5,0
6020.0,1
6020.25,0
6020.75,1
6021.0,0
6022.25,1
6022.5,0
6079.0,1
6079.25,0
6079.75,1
6080.0,0
6080.5,1
6081.0,0
6081.25,1
6081.5,0
6081.75,1
6083.25,0
6083.5,1
6084.75,0
6085.0,1
6087.25,0
6087.5,1
6088.5,0
6089.25,1
6089.5,0
6102.75,1
6103.0,0
6104.25,1
6104.5,0
6105.0,1
6108.25,0
6108.5,1
6109.25,0
6109.5,1
6110.25,0
6110.75,1
6112.5,0
6112.75,1
6113.0,0
6113.25,1
6113.5,0
6129.0,1
6129.25,0
6129.5,1
6130.75,0
6131.0,1
6131.5,0
6131.75,1
6133.5,0
6133.75,1
6134.5,0
6135.0,1
6135.25,0
6135.5,1
6136.5,0
6136.75,1
6137.0,0
6151.5,1
6151.75,0
6153.25,1
6153.5,0
6153.75,1
6155.25,0
6155.75,1
6156.25,0
6156.5,1
6157.0,0
6157.25,1
6159.0,0
6159.25,1
6159.5,0
6160.0,1
6160.5,0
6160.75,1
6161.5,0
6165.25,1
6165.5,0
6176.75,1
6177.25,0
6178.0,1
6178.25,0
6178.5,1
6179.75,0
6180.0,1
6180.25,0
6180.5,1
6180.75,0
6181.25,1
6182.25,0
6182.5,1
6183.25,0
6183.75,1
6184.5,0
6185.5,1
6185.75,0
6249.5,1
6250.25,0
6250.75,1
6252.0,0
6252.25,1
6254.0,0
6254.25,1
6255.5,0
6255.75,1
6256.5,0
6257.25,1
6257.5,0
6273.25,1
6274.25,0
6274.5,1
6277.0,0
6277.25,1
6277.5,0
6277.75,1
6278.0,0
6278.25,1
6279.5,0
6279.75,1
6281.25,0
6297.0,1
6299.5,0
6299.75,1
6301.25,0
6301.5,1
6304.5,0
6305.75,1
6306.0,0
6318.5,1
6318.75,0
6321.5,1
6323.5,0
6323.75,1
6324.0,0
6324.25,1
6324.75,0
6325.25,1
6329.0,0
6333.0,1
6333.25,0
6342.75,1
6343.0,0
6344.25,1
6344.5,0
6345.0,1
6345.5,0
6345.75,1
6349.0,0
6349.5,1
6350.25,0
6350.75,1
6351.5,0
6351.75,1
6353.5,0
6353.75,1
6354.0,0
6417.5,1
6418.75,0
6419.0,1
6419.75,0
6420.5,1
6422.0,0
6422.25,1
6423.0,0
6423.25,1
6424.0,0
6424.25,1
6425.25,0
6438.5,1
6438.75,0
6439.25,1
6439.5,0
6441.0,1
6441.25,0
6441.75,1
6444.25,0
6444.5,1
6445.25,0
6445.5,1
6446.75,0
6447.0,1
6447.75,0
6448.0,1
6448.25,0
6448.5,1
6449.0,0
6453.75,1
6454.0,0
6461.25,1
6461.5,0
6463.75,1
6464.0,0
6464.75,1
6465.0,0
6465.25,1
6465.5,0
6465.75,1
6466.5,0
6466.75,1
6467.25,0
6467.75,1
6470.0,0
6470.25,1
6471.0,0
6471.25,1
6471.75,0
6472.75,1
6473.0,0
6486.25,1
6486.5,0
6488.25,1
6488.5,0
6489.5,1
6489.75,0
6490.0,1
6490.75,0
6491.0,1
6491.75,0
6492.25,1
6493.0,0
6493.25,1
6495.0,0
6495.25,1
6496.25,0
6496.75,1
6497.0,0
6511.0,1
6511.25,0
6512.25,1
6512.5,0
6513.0,1
6517.5,0
6517.75,1
6518.0,0
6518.25,1
6519.25,0
6519.5,1
6519.75,0
6520.0,1
6520.5,0
6520.75,1
6521.25,0
6524.0,1
6524.25,0
6584.0,1
6584.25,0
6584.5,1
6587.25,0
6587.5,1
6590.75,0
6591.0,1
6593.0,0
6593.5,1
6593.75,0
6594.0,1
6594.25,0
6596.75,1
6597.25,0
6606.0,1
6606.25,0
6608.25,1
6608.5,0
6609.25,1
6611.25,0
6611.75,1
6612.0,0
6612.25,1
6613.75,0
6614.0,1
6616.0,0
6616.25,1
6617.0,0
6619.5,1
6619.75,0
6620.75,1
6621.0,0
6630.0,1
6630.25,0
6631.0,1
6631.5,0
6633.25,1
6634.0,0
6634.25,1
6634.5,0
6634.75,1
6636.5,0
6636.75,1
6637.25,0
6637.75,1
6639.25,0
6639.5,1
6640.75,0
6641.0,1
6641.25,0
6644.0,1
6644.25,0
6644.5,1
6644.75,0
6645.5,1
6645.75,0
6657.5,1
6659.25,0
6659.5,1
6662.5,0
6662.75,1
6664.0,0
6664.25,1
6664.5,0
6664.75,1
6665.5,0
6679.25,1
6679.5,0
6681.5,1
6684.0,0
6684.25,1
6688.0,0
6688.25,1
6689.0,0
6689.25,1
6689.5,0
6752.25,1
6752.5,0
6752.75,1
6753.5,0
6753.75,1
6756.5,0
6756.75,1
6757.5,0
6758.0,1
6759.75,0
6760.0,1
6761.0,0
6766.0,1
6766.25,0
6798.0,1
6798.25,0
6800.5,1
6800.75,0
6801.25,1
6801.75,0
6802.25,1
6805.75,0
6806.0,1
6808.75,0
6822.0,1
6822.25,0
6824.75,1
6825.0,0
6825.75,1
6826.0,0
6826.25,1
6826.5,0
6827.25,1
6827.5,0
6827.75,1
6829.25,0
6829.5,1
6829.75,0
6830.0,1
6833.0,0
6833.25,1
6833.75,0
6846.5,1
6846.75,0
6847.0,1
6847.25,0
6848.75,1
6853.0,0
6853.25,1
6853.75,0
6854.0,1
6857.0,0
6861.0,1
6861.25,0
6918.5,1
6918.75,0
6919.25,1
6919.5,0
6919.75,1
6920.0,0
6920.75,1
6922.25,0
6922.5,1
6922.75,0
6923.0,1
6926.5,0
6927.0,1
6928.75,0
6930.25,1
6930.5,0
6942.0,1
6942.25,0
6943.25,1
6943.5,0
6944.75,1
6945.0,0
6945.25,1
6947.0,0
6947.25,1
6948.0,0
6948.25,1
6950.25,0
6950.5,1
6950.75,0
6951.0,1
6951.5,0
6952.0,1
6952.5,0
6957.25,1
6957.5,0
6966.75,1
6967.5,0
6969.0,1
6970.5,0
6970.75,1
6972.0,0
6972.25,1
6972.5,0
6973.25,1
6974.75,0
6975.0,1
6975.5,0
6975.75,1
6976.25,0
6976.5,1
6977.0,0
6977.75,1
6978.0,0
6990.25,1
6990.75,0
6992.25,1
6993.25,0
6993.5,1
6995.25,0
6995.5,1
6996.0,0
6996.25,1
6996.75,0
6997.0,1
6997.5,0
6997.75,1
6998.5,0
6998.75,1
6999.25,0
6999.5,1
7000.5,0
7001.0,1
7001.25,0
7001.5,1
7001.75,0
7014.75,1
7015.25,0
7016.0,1
7016.5,0
7016.75,1
7017.5,0
7018.0,1
7018.75,0
7019.0,1
7019.25,0
7019.5,1
7020.0,0
7021.25,1
7021.5,0
7021.75,1
7024.25,0
7024.5,1
7024.75,0
7026.0,1
7026.25,0
7029.0,1
7029.25,0
7030.0,1
7030.25,0
7088.5,1
7088.75,0
7089.25,1
7091.25,0
7091.5,1
7092.5,0
7093.0,1
7093.25,0
7093.5,1
7094.0,0
7094.25,1
7094.5,0
7094.75,1
7095.0,0
7095.25,1
7095.5,0
7096.0,1
7096.5,0
7097.25,1
7097.5,0
7110.5,1
7110.75,0
7113.0,1
7114.25,0
7114.75,1
7117.25,0
7117.75,1
7118.0,0
7118.25,1
7119.25,0
7119.5,1
7121.0,0
7135.0,1
7135.25,0
7136.75,1
7137.25,0
7137.5,1
7137.75,0
7138.0,1
7138.75,0
7139.0,1
7140.0,0
7141.0,1
7141.5,0
7141.75,1
7142.0,0
7142.5,1
7142.75,0
7143.0,1
7145.25,0
7150.0,1
7150.25,0
7158.0,1
7158.25,0
7159.75,1
7160.0,0
7160.75,1
7161.0,0
7161.25,1
7164.0,0
7164.5,1
7165.0,0
7165.75,1
7168.5,0
7168.75,1
7169.25,0
7172.75,1
7173.0,0
7181.75,1
7182.0,0
7183.0,1
7183.25,0
7185.0,1
7185.25,0
7185.5,1
7185.75,0
7186.0,1
7188.25,0
7188.75,1
7189.0,0
7189.25,1
7190.25,0
7190.5,1
7191.75,0
7192.0,1
7192.75,0
7193.25,1
7193.75,0
7253.75,1
7254.0,0
7254.5,1
7254.75,0
7257.25,1
7257.5,0
7257.75,1
7258.25,0
7258.5,1
7258.75,0
7259.0,1
7260.25,0
7260.5,1
7262.0,0
7262.25,1
7264.5,0
7264.75,1
7265.25,0
7269.5,1
7269.75,0
7278.5,1
7278.75,0
7281.0,1
7281.25,0
7281.5,1
7282.75,0
7283.0,1
7283.75,0
7284.0,1
7284.75,0
7285.0,1
7287.0,0
7287.25,1
7287.5,0
7288.0,1
7288.5,0
7288.75,1
7289.25,0
7294.25,1
7294.5,0
7304.0,1
7304.25,0
7304.5,1
7304.75,0
7305.5,1
7306.0,0
7306.5,1
7308.25,0
7308.5,1
7309.25,0
7309.75,1
7310.0,0
7310.25,1
7312.75,0
7313.0,1
7313.25,0
7328.5,1
7329.75,0
7330.0,1
7331.5,0
7331.75,1
7332.25,0
7332.5,1
7333.75,0
7334.0,1
7335.25,0
7335.5,1
7336.25,0
7336.5,1
7337.0,0
7337.25,1
7337.5,0
7341.25,1
7341.5,0
7342.0,1
7342.25,0
7351.0,1
7351.25,0
7351.75,1
7352.0,0
7353.25,1
7356.0,0
7356.25,1
7356.5,0
7356.75,1
7357.0,0
7357.25,1
7359.0,0
7359.5,1
7360.5,0
7361.0,1
7361.25,0
7361.75,1
7362.0,0
7363.25,1
7363.5,0
7425.0,1
7425.25,0
7425.5,1
7427.75,0
7428.5,1
7429.5,0
7429.75,1
7430.0,0
7430.25,1
7432.0,0
7432.5,1
7433.25,0
7449.0,1
7450.0,0
7450.25,1
7451.5,0
7451.75,1
7452.25,0
7452.75,1
7455.5,0
7455.75,1
7456.25,0
7456.5,1
7457.25,0
7460.75,1
7461.0,0
7470.25,1
7470.5,0
7471.5,1
7471.75,0
7472.75,1
7473.25,0
7474.0,1
7475.75,0
7476.0,1
7477.0,0
7477.25,1
7477.5,0
7477.75,1
7478.5,0
7478.75,1
7481.25,0
7496.75,1
7497.25,0
7497.75,1
7499.25,0
7499.5,1
7500.75,0
7501.25,1
7501.75,0
7502.0,1
7503.25,0
7503.5,1
7504.25,0
7504.5,1
7505.25,0
7508.75,1
7509.0,0
7518.0,1
7518.5,0
7520.25,1
7521.25,0
7521.5,1
7521.75,0
7522.0,1
7522.5,0
7522.75,1
7523.5,0
7523.75,1
7524.0,0
7524.25,1
7526.5,0
7526.75,1
7527.75,0
7528.0,1
7529.5,0
7592.75,1
7593.0,0
7593.25,1
7594.5,0
7594.75,1
7595.75,0
7596.0,1
7596.25,0
7596.5,1
7597.25,0
7597.75,1
7600.75,0
7601.0,1
7601.25,0
7614.5,1
7614.75,0
7615.75,1
7616.0,0
7616.5,1
7616.75,0
7617.0,1
7619.5,0
7619.75,1
7625.25,0
7629.0,1
7629.25,0
7641.0,1
7642.25,0
7642.5,1
7642.75,0
7643.0,1
7643.5,0
7643.75,1
7644.75,0
7645.0,1
7645.5,0
7645.75,1
7647.0,0
7647.25,1
7648.75,0
7663.75,1
7664.0,0
7664.5,1
7665.0,0
7665.25,1
7666.0,0
7666.25,1
7668.25,0
7668.5,1
7670.25,0
7670.75,1
7671.75,0
7672.0,1
7672.5,0
7672.75,1
7673.25,0
7674.0,1
7674.25,0
7676.5,1
7676.75,0
7686.25,1
7686.75,0
7688.5,1
7688.75,0
7689.25,1
7689.5,0
7690.0,1
7690.25,0
7690.5,1
7691.0,0
7691.25,1
7693.0,0
7693.5,1
7693.75,0
7694.25,1
7694.5,0
7695.25,1
7697.0,0
7697.5,1
7698.0,0
7761.75,1
7762.75,0
7763.0,1
7763.25,0
7763.5,1
7765.5,0
7765.75,1
7766.25,0
7766.5,1
7766.75,0
7767.0,1
7767.5,0
7767.75,1
7769.25,0
7772.5,1
7772.75,0
7782.75,1
7783.0,0
7784.75,1
7785.25,0
7785.5,1
7785.75,0
7786.5,1
7788.25,0
7788.5,1
7789.75,0
7790.0,1
7792.0,0
7792.25,1
7793.5,0
7796.5,1
7796.75,0
7807.75,1
7808.25,0
7809.0,1
7809.5,0
7809.75,1
7810.5,0
7810.75,1
7811.25,0
7811.5,1
7811.75,0
7812.0,1
7814.25,0
7814.5,1
7815.5,0
7815.75,1
7817.25,0
7833.25,1
7833.5,0
7833.75,1
7834.25,0
7834.5,1
7835.75,0
7836.0,1
7836.5,0
7836.75,1
7838.0,0
7838.25,1
7838.5,0
7839.25,1
7841.25,0
7841.75,1
7842.0,0
7844.5,1
7844.75,0
7926.5,1
7926.75,0
7927.0,1
7927.5,0
7927.75,1
7928.0,0
7928.5,1
7928.75,0
7929.25,1
7932.0,0
7932.25,1
7933.25,0
7933.5,1
7933.75,0
7934.25,1
7936.75,0
7937.0,1
7937.25,0
7951.25,1
7951.5,0
7952.5,1
7952.75,0
7953.0,1
7954.0,0
7955.0,1
7955.5,0
7956.0,1
7957.75,0
7958.0,1
7958.5,0
7958.75,1
7959.5,0
7960.0,1
7960.25,0
7960.5,1
7960.75,0
7961.0,1
7961.25,0
7961.5,1
7961.75,0
7974.5,1
7974.75,0
7977.0,1
7977.25,0
7977.75,1
7978.5,0
7978.75,1
7979.5,0
7979.75,1
7980.0,0
7980.25,1
7980.5,0
7981.0,1
7981.5,0
7982.0,1
7982.25,0
7983.0,1
7984.25,0
7984.75,1
7985.0,0
7985.25,1
7985.5,0
8000.75,1
8002.75,0
8003.0,1
8003.5,0
8003.75,1
8004.0,0
8004.25,1
8004.5,0
8004.75,1
8005.75,0
8006.0,1
8007.5,0
8008.5,1
8008.75,0
8024.5,1
8024.75,0
8025.0,1
8025.75,0
8026.25,1
8027.0,0
8027.25,1
8027.75,0
8028.5,1
8031.75,0
8032.0,1
8032.75,0
8033.0,1
8033.25,0
8033.5,1
8033.75,0
8036.75,1
8037.0,0
8038.0,1
8038.25,0
8094.5,1
8094.75,0
8096.75,1
8097.5,0
8097.75,1
8098.0,0
8098.25,1
8099.75,0
8100.0,1
8100.5,0
8101.5,1
8102.25,0
8102.5,1
8104.25,0
8104.75,1
8105.0,0
8106.0,1
8106.25,0
8119.25,1
8119.5,0
8119.75,1
8120.0,0
8120.25,1
8120.5,0
8121.0,1
8124.75,0
8125.0,1
8125.75,0
8126.75,1
8127.75,0
8128.0,1
8128.75,0
8129.0,1
8129.25,0
8129.5,1
8129.75,0
8142.25,1
8142.5,0
8144.75,1
8145.0,0
8145.25,1
8145.5,0
8146.25,1
8148.25,0
8148.5,1
8149.5,0
8149.75,1
8153.0,0
8157.25,1
8157.5,0
8166.25,1
8166.5,0
8166.75,1
8167.0,0
8168.0,1
8168.25,0
8169.0,1
8169.25,0
8170.0,1
8171.25,0
8171.5,1
8172.75,0
8173.0,1
8177.0,0
8177.5,1
8177.75,0
8181.0,1
8181.25,0
8190.25,1
8190.5,0
8190.75,1
8191.0,0
8193.0,1
8196.5,0
8196.75,1
8197.5,0
8198.75,1
8199.25,0
8199.5,1
8200.0,0
8200.25,1
8200.75,0
8201.25,1
8201.5,0
8206.0,1
8206.25,0
8262.0,1
8262.25,0
8263.25,1
8263.5,0
8264.5,1
8265.5,0
8266.0,1
8269.25,0
8269.5,1
8269.75,0
8270.0,1
8272.75,0
8286.25,1
8286.5,0
8287.25,1
8287.5,0
8288.0,1
8288.5,0
8288.75,1
8289.0,0
8289.5,1
8291.0,0
8291.25,1
8292.75,0
8293.25,1
8293.5,0
8294.0,1
8294.25,0
8294.5,1
8295.75,0
8296.0,1
8297.0,0
8309.75,1
8310.0,0
8310.25,1
8310.5,0
8311.0,1
8311.25,0
8312.75,1
8313.0,0
8313.25,1
8316.0,0
8316.25,1
8316.5,0
8316.75,1
8317.75,0
8318.25,1
8318.5,0
8318.75,1
8321.25,0
8333.75,1
8334.0,0
8336.75,1
8337.25,0
8337.5,1
8338.0,0
8338.25,1
8339.5,0
8339.75,1
8341.25,0
8341.5,1
8341.75,0
8342.0,1
8342.25,0
8342.75,1
8343.25,0
8343.75,1
8344.75,0
8359.0,1
8359.25,0
8361.0,1
8362.0,0
8362.25,1
8363.25,0
8363.5,1
8364.25,0
8364.75,1
8365.75,0
8366.0,1
8366.5,0
8366.75,1
8368.25,0
8368.5,1
8369.25,0
8369.5,1
8369.75,0
8372.0,1
8372.25,0
8373.25,1
8373.5,0
8430.5,1
8430.75,0
8433.0,1
8433.5,0
8433.75,1
8436.5,0
8436.75,1
8439.5,0
8439.75,1
8440.5,0
8440.75,1
8441.0,0
8441.25,1
8441.5,0
8457.5,1
8459.0,0
8459.25,1
8459.75,0
8460.25,1
8462.75,0
8463.0,1
8464.5,0
8464.75,1
8465.0,0
8469.25,1
8469.5,0
8470.5,1
8470.75,0
8478.25,1
8478.5,0
8480.5,1
8481.0,0
8481.5,1
8482.5,0
8482.75,1
8483.0,0
8483.25,1
8484.75,0
8485.0,1
8487.75,0
8488.0,1
8488.25,0
8488.5,1
8488.75,0
8489.5,1
8489.75,0
8504.25,1
8504.5,0
8505.25,1
8505.75,0
8506.0,1
8506.25,0
8506.5,1
8507.25,0
8507.5,1
8508.25,0
8508.75,1
8509.25,0
8509.5,1
8511.75,0
8512.0,1
8513.25,0
8528.5,1
8528.75,0
8529.0,1
8529.25,0
8529.5,1
8530.5,0
8530.75,1
8531.75,0
8532.0,1
8533.0,0
8533.25,1
8533.75,0
8534.0,1
8535.75,0
8536.25,1
8537.5,0
8623.25,1
8623.5,0
8624.5,1
8625.0,0
8625.25,1
8626.0,0
8626.25,1
8628.75,0
8629.25,1
8629.5,0
8630.0,1
8632.5,0
8632.75,1
8633.0,0
8633.25,1
8633.5,0
8636.75,1
8637.25,0
8647.75,1
8648.5,0
8649.0,1
8650.25,0
8650.75,1
8651.75,0
8652.25,1
8653.25,0
8653.5,1
8653.75,0
8654.0,1
8654.5,0
8654.75,1
8656.0,0
8656.25,1
8657.5,0
8660.75,1
8661.0,0
8661.5,1
8661.75,0
8662.25,1
8662.5,0
8672.75,1
8675.0,0
8675.75,1
8676.5,0
8677.0,1
8677.25,0
8677.5,1
8679.5,0
8679.75,1
8680.0,0
8680.25,1
8680.5,0
8680.75,1
8681.0,0
8681.75,1
8682.0,0
8685.0,1
8685.25,0
8697.0,1
8697.25,0
8697.5,1
8698.75,0
8699.25,1
8699.75,0
8700.0,1
8700.25,0
8700.5,1
8701.5,0
8701.75,1
8702.5,0
8702.75,1
8703.0,0
8703.75,1
8705.0,0
8705.25,1
8705.5,0
