#1


float Room-302 (4319,2)
0.0,0
30.75,1
31.0,0
31.75,1
32.0,0
33.25,1
35.0,0
35.25,1
36.0,0
36.75,1
38.0,0
38.25,1
39.25,0
39.5,1
40.5,0
40.75,1
41.25,0
41.5,1
41.75,0
54.25,1
54.5,0
55.5,1
55.75,0
56.75,1
57.25,0
57.75,1
58.25,0
58.5,1
59.25,0
59.5,1
60.75,0
61.25,1
62.0,0
62.25,1
64.5,0
65.75,1
66.0,0
79.0,1
79.25,0
80.75,1
83.0,0
83.25,1
84.75,0
85.0,1
86.5,0
86.75,1
88.75,0
92.75,1
93.0,0
105.25,1
106.5,0
106.75,1
108.75,0
109.25,1
109.75,0
110.0,1
110.5,0
110.75,1
111.25,0
111.75,1
112.75,0
113.5,1
113.75,0
128.25,1
128.75,0
129.25,1
129.5,0
130.25,1
132.0,0
132.25,1
133.0,0
134.0,1
134.25,0
134.75,1
135.0,0
135.5,1
136.25,0
136.5,1
136.75,0
137.0,1
137.25,0
141.5,1
141.75,0
198.75,1
199.0,0
199.75,1
200.0,0
200.25,1
200.5,0
200.75,1
201.25,0
201.5,1
202.5,0
202.75,1
205.0,0
205.25,1
205.5,0
206.0,1
207.5,0
207.75,1
209.0,0
213.0,1
213.25,0
213.75,1
214.0,0
225.25,1
226.25,0
226.75,1
229.5,0
230.25,1
230.5,0
231.0,1
232.0,0
232.25,1
232.5,0
232.75,1
233.0,0
246.75,1
247.0,0
249.0,1
250.25,0
250.5,1
253.0,0
253.25,1
254.0,0
254.25,1
254.75,0
255.0,1
255.5,0
255.75,1
256.75,0
257.0,1
257.25,0
257.75,1
258.0,0
270.5,1
271.0,0
273.25,1
274.0,0
274.25,1
274.5,0
274.75,1
276.75,0
277.0,1
279.75,0
280.0,1
280.5,0
280.75,1
281.25,0
285.0,1
285.25,0
296.25,1
296.5,0
296.75,1
297.0,0
297.75,1
298.25,0
298.5,1
299.0,0
299.25,1
303.75,0
304.0,1
304.25,0
304.5,1
304.75,0
305.0,1
305.25,0
305.5,1
305.75,0
308.5,1
308.75,0
366.25,1
367.0,0
369.0,1
369.25,0
370.0,1
371.0,0
371.25,1
371.5,0
371.75,1
373.0,0
373.25,1
373.5,0
374.0,1
374.75,0
375.0,1
377.0,0
379.5,1
379.75,0
392.75,1
393.25,0
393.5,1
395.25,0
395.5,1
395.75,0
396.0,1
397.75,0
398.0,1
398.25,0
398.5,1
398.75,0
399.25,1
399.75,0
400.0,1
400.5,0
400.75,1
401.25,0
401.75,1
402.0,0
404.25,1
404.5,0
438.75,1
439.0,0
439.5,1
439.75,0
441.75,1
443.75,0
444.0,1
449.0,0
449.5,1
449.75,0
461.25,1
461.5,0
463.25,1
463.5,0
464.25,1
464.5,0
465.0,1
465.75,0
466.25,1
467.5,0
467.75,1
468.0,0
468.75,1
469.5,0
469.75,1
470.5,0
470.75,1
471.25,0
471.5,1
473.5,0
534.25,1
534.5,0
535.0,1
535.75,0
537.0,1
538.0,0
538.25,1
539.0,0
539.25,1
540.25,0
540.5,1
540.75,0
541.0,1
541.5,0
542.0,1
542.5,0
542.75,1
544.25,0
544.5,1
544.75,0
545.0,1
545.25,0
549.25,1
549.5,0
561.5,1
561.75,0
562.25,1
563.75,0
564.5,1
566.25,0
566.75,1
569.0,0
584.75,1
585.0,0
585.75,1
586.5,0
587.0,1
587.75,0
588.0,1
588.25,0
588.5,1
588.75,0
589.0,1
590.0,0
590.25,1
592.25,0
592.5,1
593.25,0
593.75,1
594.0,0
606.75,1
607.0,0
608.5,1
611.25,0
611.5,1
613.25,0
613.5,1
615.25,0
615.5,1
616.75,0
622.5,1
622.75,0
629.75,1
630.25,0
632.0,1
632.25,0
632.75,1
633.25,0
633.5,1
635.25,0
636.0,1
636.25,0
636.5,1
639.0,0
639.25,1
641.0,0
645.25,1
645.5,0
702.5,1
702.75,0
703.0,1
703.25,0
705.25,1
705.75,0
706.0,1
708.75,0
709.0,1
709.25,0
709.5,1
709.75,0
710.0,1
710.5,0
710.75,1
711.0,0
711.25,1
713.5,0
716.75,1
717.0,0
730.25,1
731.0,0
731.25,1
731.5,0
731.75,1
733.5,0
733.75,1
735.5,0
735.75,1
737.25,0
741.5,1
741.75,0
750.5,1
750.75,0
752.75,1
757.0,0
757.25,1
757.75,0
758.25,1
758.5,0
758.75,1
760.25,0
760.5,1
760.75,0
761.5,1
761.75,0
775.25,1
775.5,0
776.5,1
776.75,0
777.0,1
779.75,0
780.0,1
781.0,0
781.25,1
781.5,0
781.75,1
784.0,0
784.25,1
785.5,0
790.25,1
790.5,0
798.5,1
798.75,0
801.75,1
802.75,0
803.25,1
805.25,0
805.5,1
805.75,0
806.25,1
806.75,0
807.0,1
809.25,0
873.25,1
874.25,0
874.5,1
875.25,0
875.75,1
877.25,0
877.75,1
878.25,0
878.5,1
879.5,0
879.75,1
881.0,0
883.75,1
884.0,0
895.5,1
896.0,0
897.0,1
897.25,0
897.75,1
900.5,0
901.0,1
901.5,0
901.75,1
902.0,0
902.25,1
904.25,0
904.5,1
905.25,0
905.75,1
906.0,0
919.5,1
919.75,0
921.25,1
921.75,0
922.0,1
923.0,0
923.25,1
927.75,0
928.25,1
928.75,0
942.5,1
942.75,0
945.0,1
947.25,0
947.5,1
948.0,0
948.25,1
948.75,0
949.0,1
953.0,0
953.75,1
954.0,0
955.5,1
955.75,0
956.25,1
956.5,0
968.75,1
970.0,0
970.25,1
971.0,0
971.25,1
972.25,0
972.5,1
974.0,0
974.25,1
976.0,0
976.25,1
976.75,0
1038.0,1
1038.25,0
1039.5,1
1039.75,0
1041.0,1
1042.5,0
1043.0,1
1043.5,0
1044.0,1
1044.5,0
1044.75,1
1045.0,0
1045.25,1
1045.75,0
1046.0,1
1046.75,0
1047.0,1
1047.5,0
1047.75,1
1048.25,0
1048.5,1
1049.25,0
1055.0,1
1055.25,0
1062.5,1
1063.0,0
1063.5,1
1063.75,0
1064.25,1
1064.5,0
1065.0,1
1065.25,0
1065.5,1
1067.25,0
1067.75,1
1068.5,0
1069.0,1
1069.75,0
1070.0,1
1070.25,0
1070.5,1
1071.75,0
1072.0,1
1072.25,0
1073.25,1
1073.5,0
1111.0,1
1111.25,0
1112.5,1
1112.75,0
1113.5,1
1113.75,0
1114.0,1
1116.25,0
1116.5,1
1118.25,0
1118.5,1
1121.5,0
1135.0,1
1135.25,0
1136.25,1
1136.5,0
1136.75,1
1139.25,0
1139.75,1
1141.0,0
1141.25,1
1141.5,0
1141.75,1
1142.5,0
1142.75,1
1144.5,0
1144.75,1
1145.0,0
1145.5,1
1145.75,0
1208.75,1
1209.0,0
1209.5,1
1209.75,0
1210.0,1
1210.25,0
1210.75,1
1212.0,0
1212.5,1
1213.0,0
1213.25,1
1216.25,0
1216.5,1
1217.0,0
1232.25,1
1232.5,0
1233.25,1
1234.0,0
1234.25,1
1235.75,0
1236.0,1
1236.75,0
1237.25,1
1238.0,0
1238.5,1
1241.25,0
1243.75,1
1244.0,0
1245.0,1
1245.25,0
1246.0,1
1246.25,0
1256.5,1
1257.25,0
1257.5,1
1261.75,0
1262.0,1
1262.25,0
1262.75,1
1263.5,0
1263.75,1
1264.75,0
1265.25,1
1265.75,0
1272.75,1
1273.0,0
1278.0,1
1278.25,0
1278.75,1
1279.0,0
1279.25,1
1279.5,0
1280.75,1
1283.5,0
1284.25,1
1285.0,0
1285.5,1
1285.75,0
1286.25,1
1286.5,0
1286.75,1
1288.25,0
1288.5,1
1289.0,0
1292.25,1
1292.5,0
1302.5,1
1302.75,0
1304.25,1
1304.5,0
1305.0,1
1306.75,0
1307.0,1
1308.25,0
1308.5,1
1310.0,0
1310.5,1
1311.0,0
1311.25,1
1313.0,0
1313.25,1
1313.5,0
1376.5,1
1376.75,0
1377.0,1
1377.5,0
1377.75,1
1378.25,0
1378.5,1
1380.25,0
1380.5,1
1382.5,0
1382.75,1
1383.0,0
1383.5,1
1383.75,0
1384.5,1
1384.75,0
1389.75,1
1390.0,0
1398.25,1
1398.5,0
1400.0,1
1400.5,0
1401.0,1
1401.25,0
1401.75,1
1405.25,0
1405.5,1
1406.25,0
1406.5,1
1407.75,0
1408.25,1
1409.25,0
1412.5,1
1412.75,0
1422.25,1
1422.5,0
1423.0,1
1423.5,0
1425.0,1
1426.0,0
1426.25,1
1428.0,0
1428.25,1
1428.75,0
1429.0,1
1429.25,0
1429.5,1
1430.25,0
1430.5,1
1431.0,0
1431.25,1
1432.5,0
1432.75,1
1433.5,0
1436.25,1
1436.5,0
1437.0,1
1437.25,0
1448.75,1
1449.25,0
1449.5,1
1450.75,0
1451.0,1
1451.5,0
1451.75,1
1452.5,0
1452.75,1
1454.5,0
1455.0,1
1455.25,0
1455.5,1
1456.75,0
1461.75,1
1462.0,0
1471.75,1
1472.0,0
1472.75,1
1473.0,0
1473.25,1
1477.25,0
1477.75,1
1478.5,0
1478.75,1
1479.0,0
1479.5,1
1480.75,0
1484.75,1
1485.0,0
1486.5,1
1486.75,0
1542.25,1
1542.5,0
1543.75,1
1544.0,0
1544.75,1
1545.0,0
1545.5,1
1546.5,0
1546.75,1
1547.0,0
1547.25,1
1547.5,0
1547.75,1
1548.25,0
1548.5,1
1549.25,0
1549.5,1
1552.0,0
1552.25,1
1553.25,0
1569.0,1
1569.5,0
1569.75,1
1570.25,0
1570.5,1
1571.25,0
1571.5,1
1572.25,0
1572.5,1
1573.25,0
1573.75,1
1574.0,0
1574.25,1
1576.25,0
1576.75,1
1577.25,0
1591.25,1
1591.5,0
1592.75,1
1593.0,0
1593.25,1
1594.0,0
1594.25,1
1594.75,0
1595.0,1
1595.25,0
1595.5,1
1595.75,0
1596.25,1
1597.25,0
1597.5,1
1600.0,0
1600.25,1
1601.25,0
1601.75,1
1602.0,0
1603.75,1
1604.0,0
1605.0,1
1605.25,0
1615.25,1
1615.5,0
1616.5,1
1617.0,0
1617.5,1
1619.5,0
1619.75,1
1620.0,0
1620.25,1
1621.0,0
1621.75,1
1622.75,0
1623.0,1
1624.25,0
1624.5,1
1624.75,0
1630.0,1
1630.25,0
1640.5,1
1641.0,0
1641.5,1
1642.25,0
1642.5,1
1643.5,0
1644.25,1
1645.25,0
1645.5,1
1646.0,0
1646.25,1
1647.25,0
1647.5,1
1647.75,0
1648.0,1
1648.25,0
1648.5,1
1649.0,0
1651.75,1
1652.0,0
1712.75,1
1713.25,0
1713.5,1
1714.25,0
1714.5,1
1714.75,0
1715.25,1
1715.75,0
1716.0,1
1717.0,0
1717.25,1
1717.75,0
1718.0,1
1720.75,0
1723.5,1
1723.75,0
1734.5,1
1734.75,0
1736.5,1
1736.75,0
1737.0,1
1737.25,0
1737.5,1
1738.0,0
1738.25,1
1738.5,0
1738.75,1
1740.5,0
1741.0,1
1742.0,0
1742.25,1
1742.5,0
1742.75,1
1745.0,0
1747.25,1
1747.5,0
1748.75,1
1749.0,0
1758.75,1
1759.0,0
1761.5,1
1763.25,0
1763.5,1
1764.75,0
1765.25,1
1765.75,0
1766.0,1
1766.25,0
1766.5,1
1767.5,0
1767.75,1
1769.25,0
1783.25,1
1783.5,0
1785.25,1
1785.75,0
1786.0,1
1788.5,0
1788.75,1
1789.75,0
1790.25,1
1792.25,0
1792.5,1
1793.25,0
1797.0,1
1797.25,0
1808.75,1
1809.0,0
1809.25,1
1809.5,0
1809.75,1
1810.5,0
1810.75,1
1814.0,0
1814.25,1
1814.75,0
1815.0,1
1817.0,0
1817.25,1
1817.5,0
1878.25,1
1878.5,0
1881.25,1
1883.75,0
1884.0,1
1884.75,0
1885.0,1
1885.5,0
1885.75,1
1886.5,0
1886.75,1
1887.5,0
1887.75,1
1888.75,0
1889.25,1
1889.5,0
1905.25,1
1905.5,0
1905.75,1
1906.0,0
1906.25,1
1908.0,0
1908.25,1
1909.0,0
1909.25,1
1909.75,0
1910.0,1
1911.5,0
1912.0,1
1913.0,0
1913.25,1
1913.5,0
1916.5,1
1916.75,0
1927.25,1
1927.5,0
1928.75,1
1929.0,0
1929.5,1
1930.0,0
1930.25,1
1931.25,0
1932.0,1
1932.75,0
1933.0,1
1933.5,0
1933.75,1
1934.75,0
1935.0,1
1936.75,0
1937.0,1
1937.25,0
1950.75,1
1951.0,0
1953.0,1
1954.0,0
1954.25,1
1954.5,0
1954.75,1
1955.5,0
1956.0,1
1959.25,0
1959.5,1
1961.0,0
1961.25,1
1961.5,0
1974.75,1
1975.0,0
1975.75,1
1976.0,0
1976.75,1
1977.0,0
1978.0,1
1978.25,0
1978.5,1
1979.5,0
1979.75,1
1980.5,0
1980.75,1
1982.25,0
1982.5,1
1984.5,0
1984.75,1
1985.25,0
1985.5,1
1985.75,0
1990.75,1
1991.0,0
2049.0,1
2049.5,0
2050.0,1
2050.5,0
2050.75,1
2051.5,0
2051.75,1
2052.25,0
2052.75,1
2056.25,0
2059.75,1
2060.0,0
2070.5,1
2070.75,0
2072.75,1
2073.0,0
2073.25,1
2073.5,0
2073.75,1
2075.0,0
2075.5,1
2076.25,0
2076.5,1
2077.25,0
2077.5,1
2078.0,0
2078.25,1
2079.0,0
2079.25,1
2079.75,0
2080.0,1
2081.0,0
2081.25,1
2081.5,0
2081.75,1
2082.0,0
2085.0,1
2085.25,0
2086.5,1
2086.75,0
2097.25,1
2098.25,0
2098.5,1
2100.25,0
2100.5,1
2100.75,0
2101.5,1
2101.75,0
2102.0,1
2103.0,0
2103.25,1
2105.0,0
2108.25,1
2108.5,0
2117.75,1
2118.0,0
2121.0,1
2121.5,0
2121.75,1
2122.25,0
2122.5,1
2124.5,0
2124.75,1
2127.25,0
2127.5,1
2129.0,0
2133.75,1
2134.0,0
2143.5,1
2144.25,0
2144.5,1
2145.25,0
2145.5,1
2145.75,0
2146.25,1
2147.0,0
2147.25,1
2149.5,0
2149.75,1
2150.0,0
2150.25,1
2150.5,0
2150.75,1
2151.75,0
2152.0,1
2153.5,0
2157.5,1
2157.75,0
2213.5,1
2213.75,0
2216.5,1
2216.75,0
2217.75,1
2218.0,0
2218.25,1
2220.0,0
2220.25,1
2222.25,0
2222.5,1
2223.0,0
2223.25,1
2225.0,0
2228.5,1
2228.75,0
2238.25,1
2238.5,0
2241.25,1
2246.25,0
2246.5,1
2247.0,0
2247.25,1
2249.25,0
2253.75,1
2254.0,0
2262.25,1
2262.5,0
2265.0,1
2268.0,0
2268.5,1
2270.25,0
2270.5,1
2271.0,0
2271.25,1
2272.0,0
2272.25,1
2272.5,0
2273.0,1
2273.25,0
2276.0,1
2276.25,0
2276.5,1
2276.75,0
2286.5,1
2286.75,0
2288.0,1
2288.5,0
2288.75,1
2289.0,0
2289.25,1
2290.0,0
2290.25,1
2290.5,0
2291.25,1
2291.75,0
2292.0,1
2292.25,0
2292.5,1
2293.5,0
2293.75,1
2294.5,0
2295.0,1
2297.0,0
2312.5,1
2312.75,0
2313.5,1
2317.25,0
2317.5,1
2319.5,0
2319.75,1
2320.0,0
2320.25,1
2320.5,0
2321.0,1
2321.25,0
2321.5,1
2321.75,0
2325.25,1
2325.5,0
2385.25,1
2386.25,0
2386.5,1
2387.5,0
2387.75,1
2388.25,0
2388.5,1
2389.0,0
2389.5,1
2390.25,0
2390.5,1
2392.5,0
2392.75,1
2393.25,0
2407.75,1
2408.0,0
2409.25,1
2410.5,0
2410.75,1
2412.0,0
2412.25,1
2413.0,0
2413.25,1
2413.5,0
2413.75,1
2414.0,0
2414.25,1
2415.0,0
2415.5,1
2416.5,0
2417.0,1
2417.25,0
2433.0,1
2433.25,0
2433.5,1
2434.0,0
2434.25,1
2434.75,0
2435.0,1
2435.5,0
2436.0,1
2437.0,0
2437.25,1
2437.5,0
2437.75,1
2438.0,0
2438.25,1
2438.75,0
2439.0,1
2440.0,0
2440.25,1
2440.75,0
2445.25,1
2445.5,0
2455.75,1
2456.0,0
2456.25,1
2456.5,0
2456.75,1
2457.0,0
2458.0,1
2461.0,0
2461.25,1
2462.5,0
2462.75,1
2463.25,0
2463.5,1
2464.5,0
2464.75,1
2465.25,0
2465.5,1
2465.75,0
2468.25,1
2468.5,0
2469.0,1
2469.25,0
2478.5,1
2478.75,0
2480.75,1
2481.25,0
2481.5,1
2482.25,0
2482.5,1
2482.75,0
2483.25,1
2485.25,0
2485.5,1
2485.75,0
2486.0,1
2486.25,0
2486.5,1
2488.25,0
2488.5,1
2489.0,0
2489.5,1
2489.75,0
2551.75,1
2552.0,0
2552.75,1
2553.25,0
2553.75,1
2555.5,0
2555.75,1
2557.75,0
2558.0,1
2558.25,0
2558.75,1
2561.0,0
2564.75,1
2565.0,0
2574.0,1
2574.25,0
2574.75,1
2575.0,0
2576.5,1
2577.0,0
2577.25,1
2577.5,0
2577.75,1
2578.5,0
2579.0,1
2580.0,0
2580.25,1
2580.5,0
2580.75,1
2581.0,0
2581.5,1
2582.5,0
2582.75,1
2584.25,0
2598.25,1
2598.5,0
2600.75,1
2602.75,0
2603.0,1
2603.75,0
2604.25,1
2605.5,0
2605.75,1
2607.25,0
2607.5,1
2609.0,0
2623.5,1
2624.0,0
2624.25,1
2624.5,0
2625.25,1
2625.75,0
2626.25,1
2626.75,0
2627.0,1
2627.75,0
2628.25,1
2629.75,0
2630.25,1
2632.5,0
2633.25,1
2633.5,0
2645.0,1
2645.25,0
2646.0,1
2646.25,0
2649.25,1
2650.5,0
2650.75,1
2651.0,0
2652.0,1
2652.25,0
2652.5,1
2653.25,0
2653.5,1
2654.0,0
2654.25,1
2655.75,0
2656.0,1
2656.5,0
2656.75,1
2657.25,0
2720.75,1
2721.0,0
2721.25,1
2721.75,0
2722.25,1
2723.5,0
2723.75,1
2724.0,0
2724.25,1
2725.25,0
2725.75,1
2726.75,0
2727.0,1
2727.5,0
2728.0,1
2729.0,0
2733.25,1
2733.5,0
2744.0,1
2744.25,0
2744.75,1
2745.0,0
2746.0,1
2746.25,0
2746.5,1
2748.5,0
2748.75,1
2749.5,0
2750.25,1
2752.25,0
2757.25,1
2757.5,0
2758.25,1
2758.5,0
2767.5,1
2767.75,0
2769.75,1
2771.0,0
2771.25,1
2772.25,0
2772.5,1
2773.5,0
2773.75,1
2775.0,0
2775.25,1
2775.5,0
2775.75,1
2776.75,0
2789.75,1
2790.0,0
2792.5,1
2793.0,0
2793.25,1
2793.5,0
2793.75,1
2794.0,0
2794.75,1
2795.25,0
2795.5,1
2795.75,0
2796.25,1
2796.5,0
2796.75,1
2797.75,0
2798.0,1
2799.25,0
2799.5,1
2800.75,0
2801.25,1
2801.75,0
2813.5,1
2813.75,0
2817.25,1
2817.5,0
2817.75,1
2818.5,0
2818.75,1
2820.75,0
2821.0,1
2821.75,0
2822.0,1
2822.5,0
2822.75,1
2825.0,0
2889.0,1
2889.5,0
2889.75,1
2890.5,0
2890.75,1
2892.25,0
2893.0,1
2893.25,0
2893.5,1
2894.25,0
2894.5,1
2895.25,0
2895.5,1
2896.25,0
2896.75,1
2897.0,0
2910.75,1
2911.25,0
2912.25,1
2912.5,0
2913.0,1
2913.5,0
2913.75,1
2915.5,0
2915.75,1
2916.5,0
2916.75,1
2917.0,0
2917.25,1
2917.5,0
2917.75,1
2919.0,0
2919.5,1
2920.25,0
2920.5,1
2920.75,0
2921.25,1
2921.5,0
2935.25,1
2935.5,0
2936.0,1
2936.25,0
2937.0,1
2937.25,0
2937.75,1
2940.5,0
2940.75,1
2941.5,0
2941.75,1
2942.25,0
2942.5,1
2943.75,0
2944.0,1
2944.25,0
2944.5,1
2945.25,0
2959.0,1
2959.25,0
2961.0,1
2961.25,0
2962.0,1
2962.5,0
2962.75,1
2963.25,0
2963.5,1
2964.75,0
2965.25,1
2966.5,0
2967.0,1
2968.75,0
2969.25,1
2969.5,0
2981.75,1
2982.0,0
2982.25,1
2982.5,0
2985.25,1
2987.0,0
2987.25,1
2989.0,0
2989.25,1
2989.75,0
2990.5,1
2990.75,0
2991.0,1
2993.25,0
2993.75,1
2994.0,0
2997.25,1
2997.5,0
3054.5,1
3054.75,0
3055.5,1
3055.75,0
3056.75,1
3057.0,0
3057.5,1
3058.75,0
3059.0,1
3061.0,0
3061.5,1
3061.75,0
3062.25,1
3062.75,0
3063.0,1
3064.75,0
3065.0,1
3065.25,0
3068.0,1
3068.25,0
3080.75,1
3083.25,0
3083.5,1
3083.75,0
3084.0,1
3084.5,0
3085.0,1
3086.0,0
3086.25,1
3087.25,0
3087.5,1
3088.5,0
3102.75,1
3103.25,0
3104.75,1
3106.25,0
3106.5,1
3107.5,0
3107.75,1
3112.5,0
3112.75,1
3113.5,0
3129.0,1
3129.75,0
3130.0,1
3132.75,0
3133.0,1
3136.75,0
3137.5,1
3137.75,0
3151.25,1
3151.5,0
3153.25,1
3153.75,0
3154.0,1
3155.0,0
3155.25,1
3156.0,0
3156.25,1
3156.75,0
3157.0,1
3158.0,0
3158.75,1
3159.5,0
3159.75,1
3160.0,0
3160.25,1
3160.5,0
3160.75,1
3161.0,0
3161.25,1
3161.5,0
3165.5,1
3165.75,0
3225.0,1
3225.75,0
3226.25,1
3227.75,0
3228.25,1
3228.5,0
3229.0,1
3229.25,0
3229.75,1
3230.5,0
3230.75,1
3231.0,0
3231.25,1
3232.0,0
3232.25,1
3233.0,0
3233.25,1
3233.5,0
3248.5,1
3249.5,0
3249.75,1
3250.75,0
3251.0,1
3251.25,0
3251.75,1
3253.75,0
3254.0,1
3254.25,0
3254.5,1
3256.25,0
3256.75,1
3257.25,0
3262.0,1
3262.25,0
3273.25,1
3274.5,0
3275.25,1
3275.5,0
3275.75,1
3276.0,0
3276.25,1
3277.75,0
3278.25,1
3281.0,0
3284.0,1
3284.25,0
3296.75,1
3297.0,0
3297.25,1
3300.5,0
3301.0,1
3304.25,0
3304.75,1
3305.5,0
3308.25,1
3308.5,0
3320.0,1
3320.25,0
3321.0,1
3321.25,0
3321.5,1
3322.25,0
3322.5,1
3322.75,0
3323.0,1
3323.5,0
3323.75,1
3324.0,0
3324.5,1
3325.5,0
3326.0,1
3326.25,0
3326.5,1
3327.5,0
3327.75,1
3328.0,0
3328.25,1
3328.5,0
3329.0,1
3329.25,0
3390.0,1
3390.5,0
3391.0,1
3391.25,0
3392.75,1
3393.0,0
3393.25,1
3394.75,0
3395.0,1
3395.5,0
3395.75,1
3396.5,0
3396.75,1
3397.25,0
3397.5,1
3398.0,0
3398.25,1
3398.75,0
3399.0,1
3400.5,0
3400.75,1
3401.0,0
3401.25,1
3401.5,0
3417.25,1
3420.0,0
3420.25,1
3420.5,0
3420.75,1
3421.0,0
3421.25,1
3422.0,0
3422.25,1
3422.5,0
3422.75,1
3423.25,0
3423.5,1
3425.25,0
3429.5,1
3429.75,0
3440.25,1
3440.5,0
3440.75,1
3441.0,0
3441.25,1
3442.75,0
3443.0,1
3444.0,0
3444.25,1
3445.0,0
3445.5,1
3446.0,0
3446.5,1
3448.0,0
3448.25,1
3448.75,0
3463.0,1
3463.25,0
3464.25,1
3464.5,0
3464.75,1
3465.0,0
3465.25,1
3466.25,0
3466.5,1
3467.25,0
3467.5,1
3468.25,0
3468.5,1
3469.5,0
3470.25,1
3471.5,0
3471.75,1
3472.5,0
3473.0,1
3473.25,0
3477.0,1
3477.25,0
3486.25,1
3486.5,0
3486.75,1
3487.0,0
3487.75,1
3488.0,0
3488.75,1
3492.25,0
3492.75,1
3494.0,0
3494.25,1
3494.5,0
3494.75,1
3495.0,0
3495.25,1
3495.75,0
3496.0,1
3496.75,0
3497.25,1
3497.5,0
3500.25,1
3500.5,0
3560.0,1
3560.25,0
3561.0,1
3562.5,0
3562.75,1
3564.5,0
3564.75,1
3566.0,0
3566.25,1
3567.25,0
3567.5,1
3567.75,0
3568.0,1
3569.25,0
3572.0,1
3572.25,0
3573.75,1
3574.0,0
3608.25,1
3608.5,0
3609.0,1
3614.25,0
3614.75,1
3615.0,0
3615.25,1
3615.5,0
3615.75,1
3616.0,0
3616.25,1
3616.75,0
3620.0,1
3620.25,0
3622.0,1
3622.25,0
3630.0,1
3630.25,0
3631.75,1
3632.0,0
3633.0,1
3634.25,0
3634.75,1
3636.0,0
3636.25,1
3636.75,0
3637.25,1
3637.75,0
3638.0,1
3638.75,0
3639.0,1
3639.75,0
3640.25,1
3640.5,0
3640.75,1
3641.0,0
3641.25,1
3641.5,0
3646.75,1
3647.0,0
3654.0,1
3654.25,0
3656.5,1
3656.75,0
3657.25,1
3657.75,0
3658.5,1
3658.75,0
3659.0,1
3660.5,0
3660.75,1
3662.0,0
3662.5,1
3663.25,0
3663.75,1
3664.75,0
3726.0,1
3726.25,0
3728.0,1
3728.25,0
3729.0,1
3732.5,0
3732.75,1
3733.0,0
3733.25,1
3735.25,0
3735.5,1
3736.75,0
3737.0,1
3737.25,0
3740.5,1
3740.75,0
3742.0,1
3742.25,0
3750.5,1
3750.75,0
3753.5,1
3755.0,0
3755.25,1
3755.75,0
3756.0,1
3758.0,0
3758.25,1
3759.25,0
3759.75,1
3760.0,0
3760.25,1
3761.25,0
3775.25,1
3775.5,0
3776.5,1
3776.75,0
3777.0,1
3778.75,0
3779.0,1
3779.75,0
3780.25,1
3780.75,0
3781.0,1
3781.75,0
3782.0,1
3784.0,0
3784.25,1
3784.5,0
3784.75,1
3785.0,0
3785.5,1
3786.0,0
3789.75,1
3790.0,0
3798.75,1
3799.0,0
3800.5,1
3801.25,0
3802.0,1
3802.25,0
3802.5,1
3802.75,0
3803.25,1
3804.75,0
3805.0,1
3805.75,0
3806.5,1
3806.75,0
3807.0,1
3809.75,0
3821.75,1
3822.0,0
3824.0,1
3824.25,0
3825.0,1
3825.25,0
3826.5,1
3827.75,0
3828.0,1
3831.0,0
3831.25,1
3833.25,0
3837.25,1
3837.5,0
3895.0,1
3895.25,0
3896.0,1
3896.25,0
3896.5,1
3896.75,0
3897.25,1
3900.75,0
3901.0,1
3902.0,0
3902.25,1
3902.5,0
3903.0,1
3903.75,0
3904.25,1
3905.0,0
3905.5,1
3905.75,0
3908.0,1
3908.25,0
3920.75,1
3921.0,0
3921.25,1
3921.5,0
3921.75,1
3924.25,0
3924.5,1
3926.5,0
3926.75,1
3927.5,0
3927.75,1
3928.0,0
3928.25,1
3929.25,0
3933.0,1
3933.25,0
3944.75,1
3945.0,0
3945.5,1
3947.25,0
3947.5,1
3948.25,0
3948.5,1
3949.5,0
3949.75,1
3951.0,0
3951.25,1
3952.0,0
3952.5,1
3953.25,0
3953.5,1
3953.75,0
3957.75,1
3958.0,0
3967.75,1
3968.0,0
3969.0,1
3969.25,0
3969.5,1
3971.5,0
3971.75,1
3974.5,0
3974.75,1
3977.5,0
3992.0,1
3992.25,0
3992.75,1
3996.5,0
3997.25,1
3997.75,0
3998.0,1
3998.5,0
3999.0,1
4001.0,0
4063.25,1
4063.5,0
4063.75,1
4064.25,0
4065.0,1
4065.25,0
4065.5,1
4066.25,0
4066.5,1
4066.75,0
4067.0,1
4067.5,0
4067.75,1
4068.5,0
4068.75,1
4069.5,0
4069.75,1
4070.75,0
4071.0,1
4073.25,0
4087.25,1
4087.5,0
4089.0,1
4089.25,0
4089.75,1
4090.0,0
4090.25,1
4091.5,0
4092.25,1
4096.75,0
4097.0,1
4097.25,0
4100.25,1
4100.5,0
4110.25,1
4110.5,0
4111.25,1
4111.5,0
4112.5,1
4112.75,0
4113.0,1
4113.25,0
4113.5,1
4113.75,0
4114.25,1
4115.75,0
4116.0,1
4117.75,0
4118.0,1
4119.25,0
4119.5,1
4120.75,0
4121.0,1
4121.5,0
4125.25,1
4125.5,0
4134.0,1
4134.25,0
4134.5,1
4134.75,0
4135.25,1
4135.5,0
4135.75,1
4136.0,0
4136.25,1
4136.5,0
4136.75,1
4137.0,0
4137.75,1
4138.25,0
4138.5,1
4138.75,0
4139.0,1
4139.5,0
4139.75,1
4140.75,0
4141.0,1
4141.25,0
4141.5,1
4142.25,0
4142.75,1
4143.0,0
4143.25,1
4143.75,0
4144.0,1
4144.5,0
4144.75,1
4145.25,0
4160.25,1
4160.5,0
4161.25,1
4165.5,0
4165.75,1
4166.75,0
4167.25,1
4168.0,0
4168.25,1
4169.0,0
4230.75,1
4231.0,0
4232.0,1
4232.25,0
4233.0,1
4233.5,0
4233.75,1
4234.25,0
4234.5,1
4235.75,0
4236.0,1
4236.75,0
4237.0,1
4237.25,0
4237.5,1
4239.75,0
4240.0,1
4240.25,0
4240.5,1
4241.0,0
4241.25,1
4241.5,0
4244.25,1
4244.5,0
4256.75,1
4257.0,0
4257.25,1
4258.0,0
4258.25,1
4258.5,0
4258.75,1
4259.0,0
4259.75,1
4260.0,0
4260.5,1
4261.25,0
4261.5,1
4264.25,0
4264.75,1
4265.5,0
4278.75,1
4279.0,0
4279.25,1
4279.5,0
4279.75,1
4280.0,0
4281.0,1
4281.75,0
4282.25,1
4283.5,0
4283.75,1
4284.5,0
4284.75,1
4286.75,0
4287.0,1
4289.25,0
4293.25,1
4293.5,0
4303.75,1
4304.0,0
4305.25,1
4305.75,0
4306.0,1
4308.25,0
4308.5,1
4310.5,0
4310.75,1
4312.5,0
4312.75,1
4313.25,0
4326.25,1
4326.75,0
4328.75,1
4329.0,0
4329.25,1
4330.5,0
4330.75,1
4331.0,0
4331.75,1
4333.25,0
4333.5,1
4333.75,0
4334.0,1
4334.25,0
4334.75,1
4336.25,0
4336.5,1
4337.0,0
4341.25,1
4341.5,0
4400.75,1
4401.0,0
4401.75,1
4402.75,0
4403.0,1
4403.5,0
4403.75,1
4406.25,0
4406.5,1
4406.75,0
4407.0,1
4407.5,0
4408.0,1
4408.25,0
4408.75,1
4409.0,0
4409.25,1
4409.5,0
4449.5,1
4450.0,0
4450.5,1
4450.75,0
4451.0,1
4452.0,0
4452.25,1
4452.75,0
4453.0,1
4453.5,0
4453.75,1
4454.0,0
4454.5,1
4454.75,0
4455.0,1
4456.25,0
4456.5,1
4456.75,0
4457.5,1
4457.75,0
4460.5,1
4460.75,0
4469.25,1
4469.5,0
4473.0,1
4474.5,0
4474.75,1
4475.75,0
4476.0,1
4476.75,0
4477.0,1
4477.25,0
4477.5,1
4477.75,0
4478.0,1
4478.5,0
4479.0,1
4480.75,0
4481.0,1
4481.25,0
4481.5,1
4481.75,0
4495.5,1
4495.75,0
4496.0,1
4496.75,0
4497.25,1
4497.5,0
4497.75,1
4498.25,0
4498.5,1
4500.5,0
4500.75,1
4501.5,0
4501.75,1
4503.0,0
4503.25,1
4504.75,0
4505.0,1
4505.5,0
4508.0,1
4508.25,0
4509.25,1
4509.5,0
4566.25,1
4566.5,0
4568.75,1
4569.75,0
4570.0,1
4573.0,0
4573.25,1
4575.25,0
4575.75,1
4576.25,0
4580.0,1
4580.25,0
4591.0,1
4591.25,0
4593.25,1
4593.5,0
4593.75,1
4594.25,0
4594.5,1
4595.25,0
4595.5,1
4595.75,0
4596.0,1
4596.75,0
4597.0,1
4597.5,0
4598.25,1
4599.0,0
4599.25,1
4600.75,0
4614.5,1
4614.75,0
4615.0,1
4615.5,0
4617.0,1
4618.0,0
4618.5,1
4619.0,0
4619.25,1
4620.5,0
4620.75,1
4621.25,0
4621.5,1
4621.75,0
4622.25,1
4625.25,0
4628.0,1
4628.25,0
4638.5,1
4638.75,0
4640.0,1
4640.25,0
4640.75,1
4641.5,0
4641.75,1
4644.0,0
4644.25,1
4645.25,0
4645.5,1
4645.75,0
4646.0,1
4649.0,0
4665.0,1
4666.75,0
4667.0,1
4669.75,0
4670.0,1
4671.25,0
4671.5,1
4671.75,0
4672.0,1
4672.5,0
4672.75,1
4673.25,0
4673.5,1
4673.75,0
4736.75,1
4737.75,0
4738.0,1
4738.5,0
4738.75,1
4740.25,0
4740.5,1
4740.75,0
4741.0,1
4741.5,0
4741.75,1
4743.0,0
4743.25,1
4743.75,0
4744.0,1
4744.25,0
4744.5,1
4745.25,0
4749.25,1
4749.5,0
4758.25,1
4758.5,0
4759.25,1
4759.5,0
4759.75,1
4760.0,0
4761.0,1
4761.25,0
4762.0,1
4762.5,0
4762.75,1
4763.5,0
4763.75,1
4764.0,0
4764.25,1
4765.0,0
4765.25,1
4768.75,0
4769.25,1
4769.75,0
4784.25,1
4784.5,0
4785.0,1
4785.5,0
4785.75,1
4787.25,0
4787.5,1
4789.25,0
4789.5,1
4789.75,0
4790.25,1
4792.25,0
4792.5,1
4792.75,0
4793.0,1
4793.25,0
4807.75,1
4808.0,0
4808.5,1
4811.0,0
4811.5,1
4814.75,0
4815.25,1
4816.0,0
4816.25,1
4816.75,0
4817.25,1
4817.5,0
4830.25,1
4830.5,0
4830.75,1
4831.0,0
4832.75,1
4833.0,0
4833.75,1
4834.0,0
4834.25,1
4834.75,0
4835.0,1
4837.25,0
4837.5,1
4839.0,0
4839.25,1
4840.0,0
4840.25,1
4840.5,0
4840.75,1
4841.25,0
4844.5,1
4844.75,0
4903.5,1
4904.0,0
4904.75,1
4905.0,0
4905.25,1
4906.25,0
4906.5,1
4908.25,0
4908.5,1
4910.0,0
4910.25,1
4910.5,0
4911.25,1
4912.0,0
4912.25,1
4913.0,0
4916.25,1
4916.5,0
4927.0,1
4927.25,0
4928.25,1
4928.5,0
4929.25,1
4929.5,0
4930.0,1
4930.5,0
4930.75,1
4931.5,0
4931.75,1
4932.0,0
4932.25,1
4933.5,0
4934.0,1
4934.5,0
4934.75,1
4935.0,0
4935.25,1
4935.5,0
4935.75,1
4936.75,0
4937.0,1
4937.75,0
4940.0,1
4940.25,0
4950.0,1
4950.25,0
4951.25,1
4951.5,0
4952.75,1
4953.0,0
4953.25,1
4956.0,0
4956.25,1
4956.5,0
4956.75,1
4957.25,0
4957.5,1
4960.0,0
4960.25,1
4961.25,0
4974.0,1
4974.25,0
4976.5,1
4976.75,0
4977.5,1
4978.25,0
4978.5,1
4979.5,0
4979.75,1
4980.25,0
4980.5,1
4982.75,0
4983.0,1
4984.0,0
4984.25,1
4984.5,0
4985.25,1
4985.5,0
4999.0,1
4999.25,0
5000.0,1
5000.25,0
5000.5,1
5001.0,0
5001.25,1
5001.5,0
5002.0,1
5002.5,0
5003.0,1
5003.25,0
5003.5,1
5004.5,0
5004.75,1
5006.0,0
5007.0,1
5007.5,0
5007.75,1
5008.0,0
5008.75,1
5009.0,0
5012.25,1
5012.5,0
5072.0,1
5072.75,0
5073.25,1
5073.75,0
5074.0,1
5075.0,0
5075.25,1
5076.5,0
5077.0,1
5077.5,0
5078.0,1
5079.25,0
5079.5,1
5080.0,0
5080.5,1
5081.25,0
5081.5,1
5081.75,0
5084.0,1
5084.25,0
5095.0,1
5096.0,0
5097.25,1
5102.75,0
5103.0,1
5103.75,0
5104.0,1
5104.75,0
5108.25,1
5108.5,0
5119.25,1
5119.5,0
5120.75,1
5121.5,0
5122.0,1
5123.75,0
5124.0,1
5124.5,0
5125.0,1
5128.0,0
5128.5,1
5129.0,0
5129.25,1
5129.5,0
5132.25,1
5132.5,0
5133.0,1
5133.25,0
5144.5,1
5144.75,0
5145.5,1
5146.5,0
5146.75,1
5147.0,0
5147.25,1
5147.75,0
5148.0,1
5148.5,0
5148.75,1
5149.0,0
5149.25,1
5151.75,0
5152.0,1
5153.0,0
5168.0,1
5168.5,0
5168.75,1
5172.0,0
5172.75,1
5173.25,0
5173.5,1
5174.75,0
5175.0,1
5175.5,0
5175.75,1
5177.25,0
5240.5,1
5240.75,0
5241.0,1
5242.5,0
5242.75,1
5243.25,0
5243.5,1
5244.5,0
5244.75,1
5245.25,0
5245.5,1
5246.0,0
5246.25,1
5247.5,0
5247.75,1
5248.5,0
5248.75,1
5249.0,0
5249.5,1
5249.75,0
5253.5,1
5253.75,0
5264.5,1
5265.0,0
5265.75,1
5267.5,0
5268.25,1
5268.5,0
5269.0,1
5271.0,0
5271.25,1
5271.75,0
5272.0,1
5272.25,0
5272.75,1
5273.0,0
5275.25,1
5275.5,0
5288.5,1
5289.0,0
5289.25,1
5290.0,0
5290.25,1
5290.5,0
5290.75,1
5291.25,0
5291.5,1
5292.0,0
5292.25,1
5293.0,0
5293.25,1
5294.25,0
5294.5,1
5295.25,0
5295.75,1
5296.0,0
5296.25,1
5296.5,0
5296.75,1
5297.0,0
5297.25,1
5297.75,0
5311.0,1
5311.25,0
5311.5,1
5311.75,0
5313.0,1
5313.5,0
5313.75,1
5315.75,0
5316.25,1
5316.5,0
5316.75,1
5317.0,0
5317.75,1
5318.75,0
5319.0,1
5319.25,0
5319.5,1
5319.75,0
5320.0,1
5321.25,0
5336.0,1
5336.25,0
5337.0,1
5337.5,0
5337.75,1
5339.5,0
5339.75,1
5340.25,0
5340.5,1
5341.5,0
5341.75,1
5344.0,0
5344.25,1
5345.0,0
5349.25,1
5349.5,0
5408.5,1
5408.75,0
5409.75,1
5410.75,0
5411.0,1
5412.0,0
5412.25,1
5412.75,0
5413.25,1
5413.5,0
5413.75,1
5415.0,0
5415.25,1
5416.25,0
5416.5,1
5416.75,0
5417.0,1
5417.25,0
5417.5,1
5417.75,0
5430.0,1
5430.25,0
5430.75,1
5431.0,0
5432.5,1
5432.75,0
5433.25,1
5433.75,0
5434.25,1
5434.5,0
5434.75,1
5435.75,0
5436.0,1
5438.5,0
5438.75,1
5441.0,0
5454.25,1
5454.5,0
5455.25,1
5455.75,0
5456.25,1
5456.5,0
5456.75,1
5457.0,0
5457.75,1
5458.0,0
5458.25,1
5459.25,0
5459.5,1
5462.5,0
5463.0,1
5463.25,0
5463.5,1
5463.75,0
5464.0,1
5464.25,0
5464.75,1
5465.5,0
5468.75,1
5469.0,0
5477.25,1
5477.5,0
5481.5,1
5485.0,0
5485.25,1
5486.0,0
5486.25,1
5487.5,0
5488.0,1
5488.25,0
5488.5,1
5488.75,0
5504.0,1
5504.25,0
5505.25,1
5510.25,0
5510.5,1
5510.75,0
5511.0,1
5511.25,0
5511.5,1
5513.5,0
5516.75,1
5517.0,0
5518.25,1
5518.5,0
5576.0,1
5576.5,0
5576.75,1
5577.0,0
5577.25,1
5578.0,0
5578.25,1
5579.0,0
5579.25,1
5580.0,0
5580.25,1
5580.75,0
5581.25,1
5581.75,0
5582.0,1
5583.5,0
5583.75,1
5584.25,0
5584.5,1
5584.75,0
5585.0,1
5585.25,0
5599.0,1
5599.25,0
5601.0,1
5603.0,0
5603.25,1
5603.75,0
5604.0,1
5604.5,0
5604.75,1
5605.0,0
5605.25,1
5605.5,0
5605.75,1
5606.0,0
5606.25,1
5609.0,0
5622.5,1
5622.75,0
5623.75,1
5624.25,0
5625.75,1
5626.5,0
5626.75,1
5627.0,0
5627.5,1
5627.75,0
5628.25,1
5628.5,0
5628.75,1
5630.0,0
5630.5,1
5630.75,0
5631.5,1
5633.0,0
5636.0,1
5636.25,0
5648.25,1
5648.5,0
5648.75,1
5649.0,0
5649.5,1
5650.25,0
5650.5,1
5652.0,0
5652.5,1
5653.5,0
5653.75,1
5654.25,0
5654.5,1
5655.5,0
5655.75,1
5656.75,0
5670.0,1
5670.25,0
5671.75,1
5672.0,0
5673.25,1
5674.25,0
5674.5,1
5675.25,0
5675.5,1
5676.5,0
5676.75,1
5678.0,0
5678.25,1
5679.5,0
5679.75,1
5680.0,0
5680.25,1
5680.75,0
5681.0,1
5681.25,0
5684.75,1
5685.0,0
5744.5,1
5744.75,0
5745.25,1
5747.0,0
5747.5,1
5748.0,0
5748.25,1
5748.5,0
5749.25,1
5749.75,0
5750.0,1
5751.25,0
5751.5,1
5753.25,0
5758.25,1
5758.5,0
5766.5,1
5766.75,0
5767.5,1
5767.75,0
5769.0,1
5769.25,0
5769.5,1
5771.0,0
5771.25,1
5776.5,0
5777.0,1
5777.25,0
5791.25,1
5791.5,0
5793.0,1
5794.25,0
5794.5,1
5797.25,0
5798.0,1
5798.75,0
5799.5,1
5799.75,0
5800.0,1
5801.25,0
5804.75,1
5805.0,0
5805.5,1
5805.75,0
5816.75,1
5817.0,0
5817.25,1
5819.75,0
5820.0,1
5821.0,0
5821.5,1
5822.25,0
5822.5,1
5824.0,0
5824.25,1
5825.0,0
5825.5,1
5825.75,0
5826.0,1
5826.25,0
5831.0,1
5831.25,0
5834.5,1
5834.75,0
5838.5,1
5839.0,0
5840.75,1
5841.0,0
5841.5,1
5841.75,0
5842.0,1
5842.5,0
5842.75,1
5843.25,0
5843.5,1
5843.75,0
5844.0,1
5844.25,0
5844.5,1
5845.75,0
5846.75,1
5847.25,0
5847.5,1
5848.0,0
5848.25,1
5849.0,0
5849.25,1
5849.5,0
5853.5,1
5853.75,0
5908.25,1
5908.5,0
5910.0,1
5910.25,0
5910.5,1
5910.75,0
5911.0,1
5911.25,0
5912.75,1
5913.75,0
5914.0,1
5915.75,0
5916.0,1
5916.75,0
5917.0,1
5917.25,0
5917.5,1
5919.0,0
5919.5,1
5920.75,0
5924.25,1
5924.5,0
5958.25,1
5958.5,0
5959.0,1
5959.25,0
5959.5,1
5960.0,0
5961.0,1
5961.75,0
5962.0,1
5964.0,0
5964.25,1
5964.75,0
5965.0,1
5965.25,0
5965.5,1
5966.0,0
5966.25,1
5969.5,0
5971.5,1
5971.75,0
5974.0,1
5974.25,0
5984.75,1
5985.0,0
5985.5,1
5985.75,0
5986.0,1
5987.25,0
5987.5,1
5990.75,0
5991.0,1
5991.25,0
5991.75,1
5993.25,0
6007.0,1
6007.25,0
6008.75,1
6009.5,0
6009.75,1
6011.5,0
6011.75,1
6012.5,0
6012.75,1
6017.0,0
6021.5,1
6021.75,0
6079.5,1
6079.75,0
6081.0,1
6081.5,0
6081.75,1
6082.0,0
6082.25,1
6083.25,0
6083.5,1
6085.0,0
6085.25,1
6086.0,0
6086.25,1
6089.0,0
6101.5,1
6101.75,0
6104.0,1
6104.25,0
6104.75,1
6105.5,0
6106.0,1
6106.75,0
6107.0,1
6107.25,0
6107.5,1
6107.75,0
6108.25,1
6109.75,0
6110.0,1
6110.25,0
6110.5,1
6113.0,0
6129.25,1
6131.0,0
6131.25,1
6133.0,0
6133.25,1
6134.0,0
6134.25,1
6135.5,0
6135.75,1
6136.25,0
6136.5,1
6136.75,0
6137.0,1
6137.25,0
6141.75,1
6142.0,0
6151.5,1
6151.75,0
6152.75,1
6153.0,0
6153.75,1
6155.25,0
6155.75,1
6156.25,0
6156.5,1
6157.5,0
6157.75,1
6160.75,0
6161.0,1
6161.25,0
6173.75,1
6174.0,0
6175.25,1
6175.75,0
6177.0,1
6177.5,0
6177.75,1
6178.5,0
6178.75,1
6179.75,0
6180.25,1
6180.5,0
6180.75,1
6183.5,0
6183.75,1
6184.0,0
6184.25,1
6184.75,0
6185.0,1
6185.25,0
6185.75,1
6186.0,0
6249.0,1
6249.5,0
6250.0,1
6250.5,0
6250.75,1
6251.25,0
6251.5,1
6252.0,0
6252.25,1
6252.5,0
6253.0,1
6254.0,0
6254.25,1
6254.75,0
6255.0,1
6257.0,0
6260.0,1
6260.25,0
6270.0,1
6270.25,0
6272.5,1
6273.0,0
6273.25,1
6275.0,0
6275.25,1
6275.5,0
6275.75,1
6276.75,0
6277.0,1
6277.25,0
6277.5,1
6278.5,0
6278.75,1
6280.0,0
6280.5,1
6281.25,0
6294.5,1
6295.25,0
6297.0,1
6297.5,0
6297.75,1
6298.25,0
6298.5,1
6298.75,0
6299.25,1
6300.0,0
6300.25,1
6301.5,0
6301.75,1
6302.75,0
6303.0,1
6303.25,0
6303.5,1
6303.75,0
6304.5,1
6305.5,0
6308.5,1
6308.75,0
6318.25,1
6318.5,0
6319.75,1
6320.0,0
6321.0,1
6325.75,0
6326.25,1
6329.25,0
6332.5,1
6332.75,0
6341.5,1
6341.75,0
6343.25,1
6343.5,0
6345.5,1
6345.75,0
6346.0,1
6346.5,0
6347.25,1
6348.0,0
6348.25,1
6349.0,0
6349.25,1
6351.25,0
6352.25,1
6352.5,0
6352.75,1
6353.5,0
6415.25,1
6415.5,0
6417.25,1
6417.5,0
6417.75,1
6422.5,0
6422.75,1
6425.25,0
6425.75,1
6426.0,0
6439.5,1
6439.75,0
6440.75,1
6441.25,0
6441.75,1
6444.0,0
6444.25,1
6445.5,0
6445.75,1
6446.0,0
6446.25,1
6446.5,0
6446.75,1
6447.0,0
6447.25,1
6447.75,0
6448.0,1
6448.25,0
6448.5,1
6448.75,0
6449.0,1
6449.25,0
6449.75,1
6450.0,0
6461.75,1
6462.0,0
6463.5,1
6464.0,0
6464.5,1
6465.0,0
6465.25,1
6465.5,0
6465.75,1
6466.5,0
6466.75,1
6468.75,0
6469.0,1
6469.5,0
6469.75,1
6471.75,0
6472.0,1
6473.0,0
6473.75,1
6474.0,0
6476.25,1
6476.5,0
6487.0,1
6487.25,0
6488.25,1
6488.5,0
6489.25,1
6489.5,0
6490.25,1
6491.5,0
6492.0,1
6492.5,0
6492.75,1
6493.0,0
6493.25,1
6494.25,0
6494.75,1
6495.0,0
6495.25,1
6495.75,0
6496.0,1
6497.0,0
6498.0,1
6498.25,0
6500.5,1
6500.75,0
6509.75,1
6510.0,0
6510.25,1
6510.5,0
6512.0,1
6512.25,0
6513.0,1
6515.25,0
6515.5,1
6517.5,0
6518.0,1
6520.75,0
6521.0,1
6521.5,0
6582.5,1
6582.75,0
6583.25,1
6583.5,0
6585.5,1
6588.25,0
6588.5,1
6589.75,0
6590.0,1
6591.25,0
6592.0,1
6592.25,0
6592.5,1
6593.0,0
6598.5,1
6598.75,0
6609.25,1
6613.25,0
6613.5,1
6614.0,0
6614.5,1
6615.5,0
6615.75,1
6616.5,0
6616.75,1
6617.0,0
6631.0,1
6631.5,0
6632.0,1
6632.5,0
6633.0,1
6633.5,0
6633.75,1
6634.0,0
6634.5,1
6635.75,0
6636.25,1
6636.75,0
6637.0,1
6637.5,0
6637.75,1
6639.75,0
6640.25,1
6640.75,0
6641.25,1
6641.5,0
6657.25,1
6657.75,0
6658.0,1
6659.5,0
6660.0,1
6660.25,0
6660.5,1
6661.5,0
6661.75,1
6662.75,0
6663.0,1
6664.25,0
6664.5,1
6664.75,0
6665.0,1
6665.5,0
6668.5,1
6668.75,0
6676.5,1
6676.75,0
6678.0,1
6678.25,0
6679.25,1
6680.0,0
6681.25,1
6681.5,0
6681.75,1
6683.0,0
6683.25,1
6684.0,0
6684.5,1
6684.75,0
6685.0,1
6686.5,0
6686.75,1
6687.25,0
6687.75,1
6688.25,0
6688.5,1
6688.75,0
6692.5,1
6692.75,0
6749.5,1
6749.75,0
6751.5,1
6752.0,0
6752.75,1
6753.0,0
6753.25,1
6756.0,0
6756.25,1
6756.5,0
6757.25,1
6758.25,0
6758.5,1
6758.75,0
6759.25,1
6761.0,0
6800.25,1
6800.5,0
6801.0,1
6801.25,0
6801.5,1
6802.5,0
6802.75,1
6803.5,0
6803.75,1
6805.5,0
6805.75,1
6808.0,0
6808.25,1
6809.25,0
6809.75,1
6810.0,0
6823.25,1
6823.5,0
6825.25,1
6826.75,0
6827.25,1
6828.0,0
6828.25,1
6830.5,0
6831.25,1
6832.5,0
6833.0,1
6833.25,0
6849.0,1
6850.25,0
6850.5,1
6851.0,0
6851.5,1
6852.5,0
6852.75,1
6853.5,0
6853.75,1
6856.0,0
6856.25,1
6857.5,0
6860.75,1
6861.0,0
6918.75,1
6919.0,0
6920.75,1
6923.25,0
6923.5,1
6923.75,0
6924.0,1
6924.5,0
6924.75,1
6925.5,0
6925.75,1
6928.0,0
6928.25,1
6928.5,0
6928.75,1
6929.0,0
6943.0,1
6943.5,0
6945.25,1
6946.5,0
6947.25,1
6948.25,0
6948.5,1
6948.75,0
6949.75,1
6950.0,0
6950.25,1
6951.0,0
6951.25,1
6953.75,0
6968.0,1
6968.25,0
6969.25,1
6973.0,0
6973.25,1
6973.5,0
6973.75,1
6976.0,0
6976.25,1
6977.25,0
6982.0,1
6982.25,0
6990.25,1
6990.5,0
6991.25,1
6992.0,0
6992.5,1
6992.75,0
6993.0,1
6994.25,0
6994.5,1
6994.75,0
6995.0,1
6995.5,0
6995.75,1
6996.5,0
6996.75,1
6997.25,0
6997.5,1
6998.25,0
6998.5,1
7000.0,0
7000.25,1
7000.5,0
7001.0,1
7001.25,0
7001.5,1
7001.75,0
7006.5,1
7006.75,0
7016.75,1
7017.25,0
7017.75,1
7018.0,0
7018.25,1
7021.5,0
7021.75,1
7022.25,0
7022.5,1
7024.0,0
7024.25,1
7024.75,0
7025.0,1
7025.5,0
7029.5,1
7029.75,0
7088.75,1
7091.0,0
7091.25,1
7091.5,0
7091.75,1
7093.75,0
7094.0,1
7094.25,0
7094.5,1
7097.0,0
7110.25,1
7110.75,0
7112.25,1
7112.5,0
7113.0,1
7115.75,0
7116.25,1
7116.5,0
7117.0,1
7118.75,0
7119.0,1
7121.0,0
7121.25,1
7121.75,0
7125.0,1
7125.25,0
7137.25,1
7137.75,0
7138.0,1
7138.25,0
7138.5,1
7139.0,0
7139.5,1
7140.5,0
7140.75,1
7141.5,0
7141.75,1
7143.0,0
7143.25,1
7143.5,0
7143.75,1
7145.0,0
7148.25,1
7148.75,0
7158.0,1
7158.25,0
7160.25,1
7160.5,0
7160.75,1
7161.25,0
7161.5,1
7163.0,0
7163.75,1
7164.5,0
7164.75,1
7165.75,0
7166.25,1
7166.5,0
7167.0,1
7167.25,0
7167.5,1
7168.75,0
7184.25,1
7184.5,0
7184.75,1
7185.0,0
7185.5,1
7188.0,0
7188.25,1
7189.25,0
7189.75,1
7190.0,0
7190.25,1
7190.75,0
7191.0,1
7192.0,0
7192.25,1
7193.5,0
7197.0,1
7197.25,0
7256.25,1
7256.5,0
7257.5,1
7259.0,0
7259.25,1
7260.5,0
7261.0,1
7261.25,0
7261.5,1
7261.75,0
7262.0,1
7264.25,0
7264.5,1
7265.0,0
7265.25,1
7265.5,0
7269.25,1
7269.5,0
7277.75,1
7278.0,0
7281.0,1
7283.25,0
7283.75,1
7284.5,0
7284.75,1
7286.75,0
7287.0,1
7289.25,0
7290.25,1
7290.5,0
7301.75,1
7302.0,0
7303.5,1
7303.75,0
7304.0,1
7304.25,0
7304.5,1
7305.0,0
7305.5,1
7306.75,0
7307.0,1
7307.25,0
7307.5,1
7308.5,0
7308.75,1
7309.75,0
7310.0,1
7311.0,0
7311.25,1
7312.25,0
7312.5,1
7313.25,0
7313.5,1
7313.75,0
7326.0,1
7326.5,0
7327.25,1
7327.5,0
7329.0,1
7329.25,0
7329.5,1
7329.75,0
7330.5,1
7332.0,0
7332.25,1
7333.25,0
7333.5,1
7333.75,0
7334.0,1
7336.0,0
7336.25,1
7337.0,0
7337.25,1
7337.5,0
7341.0,1
7341.25,0
7350.75,1
7351.5,0
7352.75,1
7353.25,0
7354.0,1
7356.0,0
7356.25,1
7356.5,0
7356.75,1
7358.0,0
7358.25,1
7358.75,0
7359.25,1
7361.0,0
7423.5,1
7423.75,0
7425.25,1
7426.0,0
7426.25,1
7427.0,0
7427.25,1
7427.75,0
7428.25,1
7430.0,0
7430.25,1
7430.75,0
7431.0,1
7433.0,0
7445.25,1
7445.5,0
7446.25,1
7446.5,0
7447.75,1
7448.0,0
7449.0,1
7449.75,0
7450.0,1
7450.75,0
7451.0,1
7451.5,0
7452.0,1
7452.5,0
7452.75,1
7454.25,0
7454.5,1
7455.5,0
7455.75,1
7456.25,0
7456.5,1
7457.0,0
7460.75,1
7461.0,0
7470.25,1
7470.5,0
7470.75,1
7471.0,0
7471.75,1
7472.0,0
7473.25,1
7475.5,0
7475.75,1
7478.25,0
7478.75,1
7481.0,0
7485.0,1
7485.25,0
7496.75,1
7497.0,0
7497.25,1
7497.75,0
7498.0,1
7498.75,0
7499.0,1
7502.5,0
7503.25,1
7503.5,0
7503.75,1
7505.0,0
7509.0,1
7509.25,0
7510.0,1
7510.25,0
7520.5,1
7521.25,0
7521.75,1
7523.5,0
7523.75,1
7526.25,0
7526.5,1
7528.25,0
7528.5,1
7529.0,0
7529.5,1
7529.75,0
7592.5,1
7592.75,0
7593.25,1
7597.5,0
7597.75,1
7598.5,0
7598.75,1
7600.5,0
7600.75,1
7601.0,0
7601.25,1
7601.5,0
7616.25,1
7616.5,0
7616.75,1
7617.5,0
7618.0,1
7618.75,0
7619.0,1
7620.5,0
7621.0,1
7621.25,0
7621.5,1
7622.0,0
7622.25,1
7624.5,0
7624.75,1
7625.25,0
7630.75,1
7631.0,0
7641.25,1
7641.5,0
7641.75,1
7642.5,0
7642.75,1
7643.25,0
7643.5,1
7644.0,0
7644.25,1
7646.5,0
7646.75,1
7647.75,0
7648.0,1
7648.25,0
7649.25,1
7649.5,0
7665.5,1
7666.0,0
7666.25,1
7668.0,0
7668.5,1
7669.0,0
7669.5,1
7669.75,0
7670.25,1
7670.75,0
7671.0,1
7671.5,0
7672.0,1
7672.75,0
7673.0,1
7673.25,0
7688.25,1
7688.5,0
7689.0,1
7690.25,0
7690.5,1
7690.75,0
7691.0,1
7692.0,0
7692.25,1
7692.5,0
7693.25,1
7694.5,0
7694.75,1
7695.75,0
7696.0,1
7696.25,0
7696.5,1
7697.5,0
7701.5,1
7701.75,0
7759.75,1
7760.0,0
7760.5,1
7761.0,0
7761.25,1
7761.5,0
7762.0,1
7764.0,0
7764.25,1
7768.5,0
7768.75,1
7769.0,0
7772.5,1
7772.75,0
7783.75,1
7784.0,0
7784.25,1
7784.5,0
7785.0,1
7786.5,0
7786.75,1
7787.25,0
7787.5,1
7790.0,0
7790.25,1
7790.75,0
7791.0,1
7792.0,0
7792.25,1
7792.75,0
7793.25,1
7793.5,0
7796.0,1
7796.25,0
7806.25,1
7806.5,0
7806.75,1
7807.25,0
7808.75,1
7810.25,0
7810.5,1
7811.75,0
7812.0,1
7812.25,0
7813.0,1
7813.25,0
7813.5,1
7814.75,0
7815.0,1
7815.25,0
7815.5,1
7817.25,0
7833.25,1
7834.5,0
7835.0,1
7836.5,0
7836.75,1
7837.25,0
7837.5,1
7839.0,0
7839.5,1
7840.5,0
7840.75,1
7841.25,0
7845.25,1
7845.5,0
7846.25,1
7846.5,0
7929.0,1
7931.5,0
7931.75,1
7932.75,0
7933.25,1
7934.25,0
7934.5,1
7935.75,0
7936.0,1
7936.5,0
7940.5,1
7940.75,0
7950.75,1
7951.0,0
7952.5,1
7952.75,0
7953.0,1
7955.0,0
7955.25,1
7957.0,0
7957.25,1
7958.5,0
7959.0,1
7959.5,0
7960.25,1
7960.75,0
7961.0,1
7961.25,0
7964.0,1
7964.25,0
7974.0,1
7974.5,0
7976.5,1
7977.0,0
7977.25,1
7982.5,0
7983.0,1
7983.75,0
7984.0,1
7985.0,0
7985.25,1
7985.75,0
8001.25,1
8003.25,0
8003.5,1
8007.25,0
8007.5,1
8009.25,0
8014.0,1
8014.25,0
8024.75,1
8025.0,0
8025.25,1
8029.75,0
8030.0,1
8033.0,0
8033.25,1
8033.5,0
8096.5,1
8096.75,0
8097.25,1
8097.5,0
8097.75,1
8098.75,0
8099.0,1
8103.75,0
8104.0,1
8104.75,0
8105.75,1
8106.0,0
8120.75,1
8121.0,0
8121.25,1
8122.5,0
8122.75,1
8123.0,0
8123.25,1
8125.25,0
8125.5,1
8126.0,0
8126.5,1
8127.0,0
8127.25,1
8127.75,0
8128.5,1
8129.25,0
8132.5,1
8132.75,0
8144.75,1
8145.75,0
8146.0,1
8147.0,0
8147.25,1
8147.75,0
8148.0,1
8148.75,0
8149.25,1
8150.0,0
8150.25,1
8150.5,0
8150.75,1
8151.25,0
8151.5,1
8152.5,0
8153.25,1
8153.5,0
8165.75,1
8166.0,0
8166.25,1
8166.5,0
8169.0,1
8169.25,0
8169.5,1
8170.25,0
8170.5,1
8174.0,0
8174.25,1
8174.75,0
8175.0,1
8177.0,0
8177.25,1
8177.5,0
8193.0,1
8193.75,0
8194.0,1
8196.5,0
8196.75,1
8197.25,0
8197.5,1
8197.75,0
8198.0,1
8200.0,0
8200.25,1
8200.5,0
8201.0,1
8201.5,0
8256.25,1
8256.5,0
8264.5,1
8265.0,0
8265.25,1
8265.5,0
8265.75,1
8270.25,0
8270.5,1
8270.75,0
8271.25,1
8271.5,0
8271.75,1
8272.25,0
8272.5,1
8272.75,0
8277.5,1
8277.75,0
8288.75,1
8290.75,0
8291.25,1
8291.75,0
8292.0,1
8293.75,0
8294.0,1
8294.5,0
8295.0,1
8297.0,0
8310.5,1
8310.75,0
8311.25,1
8311.5,0
8311.75,1
8312.0,0
8313.5,1
8313.75,0
8314.0,1
8317.75,0
8318.25,1
8319.0,0
8319.5,1
8320.5,0
8320.75,1
8321.5,0
8334.5,1
8334.75,0
8335.5,1
8336.0,0
8336.75,1
8337.5,0
8337.75,1
8338.5,0
8338.75,1
8340.75,0
8341.0,1
8341.75,0
8342.0,1
8342.25,0
8342.5,1
8343.0,0
8343.25,1
8345.0,0
8348.25,1
8348.5,0
8358.75,1
8359.0,0
8360.5,1
8361.0,0
8361.5,1
8362.0,0
8362.25,1
8363.5,0
8363.75,1
8364.0,0
8364.25,1
8366.0,0
8366.25,1
8366.5,0
8367.25,1
8368.75,0
8369.0,1
8369.25,0
8369.5,1
8369.75,0
8432.5,1
8432.75,0
8433.0,1
8433.75,0
8434.25,1
8435.75,0
8436.0,1
8437.0,0
8437.5,1
8441.0,0
8444.5,1
8444.75,0
8445.0,1
8445.25,0
8446.25,1
8446.5,0
8455.75,1
8456.0,0
8457.5,1
8458.25,0
8458.75,1
8459.5,0
8459.75,1
8460.25,0
8460.5,1
8461.0,0
8461.75,1
8462.5,0
8462.75,1
8463.0,0
8463.25,1
8464.75,0
8465.5,1
8465.75,0
8470.25,1
8470.5,0
8480.75,1
8481.0,0
8481.25,1
8481.75,0
8482.0,1
8482.75,0
8483.0,1
8484.25,0
8484.5,1
8487.0,0
8487.25,1
8487.5,0
8487.75,1
8488.0,0
8488.25,1
8488.75,0
8489.25,1
8489.5,0
8493.25,1
8493.5,0
8502.5,1
8502.75,0
8504.25,1
8504.5,0
8505.0,1
8505.25,0
8506.0,1
8507.75,0
8508.0,1
8508.5,0
8508.75,1
8509.25,0
8509.5,1
8509.75,0
8510.0,1
8510.25,0
8510.5,1
8511.75,0
8512.0,1
8513.25,0
8516.5,1
8516.75,0
8525.25,1
8525.5,0
8527.0,1
8527.5,0
8529.25,1
8529.5,0
8530.0,1
8530.25,0
8530.5,1
8531.5,0
8531.75,1
8532.75,0
8533.0,1
8535.25,0
8535.5,1
8536.5,0
8537.0,1
8537.5,0
8541.25,1
8541.5,0
8622.0,1
8622.25,0
8623.0,1
8623.25,0
8624.25,1
8624.5,0
8625.5,1
8625.75,0
8626.0,1
8627.75,0
8629.0,1
8630.25,0
8630.75,1
8632.5,0
8632.75,1
8633.25,0
8647.25,1
8647.75,0
8648.0,1
8648.25,0
8649.25,1
8653.0,0
8653.25,1
8654.5,0
8654.75,1
8656.75,0
8657.5,1
8657.75,0
8669.5,1
8669.75,0
8672.0,1
8672.5,0
8673.25,1
8673.5,0
8673.75,1
8676.25,0
8676.5,1
8677.0,0
8678.0,1
8678.25,0
8678.5,1
8679.75,0
8680.0,1
8681.5,0
8682.0,1
8682.25,0
8684.5,1
8685.0,0
8686.5,1
8686.75,0
8693.75,1
8694.0,0
8695.5,1
8695.75,0
8696.75,1
8697.25,0
8697.5,1
8698.25,0
8698.75,1
8699.25,0
8699.5,1
8700.25,0
8700.5,1
8702.0,0
8702.25,1
8702.75,0
8703.0,1
8703.5,0
8704.25,1
8705.0,0
8705.25,1
8705.5,0
