#1


float Room-305 (4379,2)
0.0,0
30.0,1
30.25,0
31.5,1
31.75,0
32.75,1
33.0,0
33.25,1
37.75,0
38.25,1
38.5,0
38.75,1
39.0,0
39.25,1
40.0,0
40.25,1
40.5,0
40.75,1
41.0,0
45.25,1
45.5,0
46.0,1
46.25,0
54.25,1
54.5,0
56.5,1
56.75,0
57.5,1
60.5,0
60.75,1
61.25,0
61.75,1
62.5,0
62.75,1
63.5,0
63.75,1
64.0,0
64.5,1
65.25,0
80.25,1
81.25,0
81.5,1
84.5,0
84.75,1
85.0,0
85.25,1
86.25,0
86.5,1
88.25,0
88.5,1
89.25,0
104.75,1
105.0,0
105.25,1
106.0,0
106.25,1
109.0,0
109.25,1
110.0,0
110.25,1
112.25,0
112.5,1
112.75,0
113.0,1
113.5,0
128.75,1
130.25,0
130.75,1
131.25,0
131.75,1
132.5,0
132.75,1
133.25,0
133.5,1
134.25,0
134.5,1
135.0,0
135.25,1
136.75,0
137.0,1
137.25,0
198.75,1
199.0,0
200.75,1
201.25,0
201.5,1
202.25,0
202.5,1
203.5,0
203.75,1
205.5,0
206.0,1
208.75,0
212.0,1
212.25,0
224.5,1
225.0,0
225.25,1
225.75,0
226.0,1
227.25,0
227.5,1
227.75,0
228.0,1
229.0,0
229.25,1
230.0,0
230.25,1
230.75,0
231.0,1
233.25,0
236.75,1
237.0,0
246.75,1
247.0,0
249.5,1
251.0,0
251.25,1
251.5,0
252.0,1
252.75,0
253.0,1
253.5,0
253.75,1
254.0,0
254.25,1
254.5,0
254.75,1
256.5,0
257.25,1
257.5,0
273.0,1
275.0,0
275.25,1
277.25,0
277.75,1
278.75,0
279.0,1
281.0,0
281.25,1
281.75,0
287.5,1
287.75,0
293.5,1
293.75,0
295.0,1
295.25,0
295.5,1
296.0,0
296.25,1
296.5,0
296.75,1
298.25,0
298.5,1
298.75,0
299.0,1
300.5,0
300.75,1
302.0,0
302.5,1
305.0,0
305.75,1
306.0,0
307.5,1
307.75,0
368.0,1
368.25,0
369.75,1
372.25,0
372.5,1
372.75,0
373.0,1
373.25,0
374.25,1
375.25,0
375.5,1
376.75,0
377.0,1
377.25,0
390.25,1
390.5,0
393.5,1
395.5,0
395.75,1
396.5,0
396.75,1
397.0,0
397.75,1
398.0,0
398.25,1
400.75,0
401.0,1
401.25,0
439.0,1
439.25,0
439.75,1
440.0,0
441.5,1
442.75,0
443.0,1
445.0,0
445.25,1
445.5,0
445.75,1
446.5,0
446.75,1
448.5,0
448.75,1
449.0,0
449.25,1
449.5,0
462.75,1
463.25,0
465.25,1
466.75,0
467.0,1
467.5,0
467.75,1
468.0,0
468.25,1
468.75,0
469.0,1
469.5,0
469.75,1
470.75,0
471.0,1
471.5,0
471.75,1
472.5,0
472.75,1
473.5,0
477.75,1
478.0,0
534.75,1
535.25,0
536.0,1
536.25,0
537.5,1
540.25,0
540.5,1
540.75,0
541.25,1
541.5,0
542.0,1
542.75,0
543.0,1
543.25,0
543.5,1
544.75,0
545.25,1
545.5,0
549.75,1
550.0,0
558.25,1
558.5,0
560.5,1
560.75,0
561.25,1
563.0,0
563.25,1
564.75,0
565.0,1
565.5,0
566.0,1
566.25,0
566.5,1
566.75,0
567.25,1
567.75,0
568.0,1
569.0,0
585.0,1
585.25,0
585.5,1
587.5,0
587.75,1
588.0,0
588.5,1
588.75,0
589.0,1
589.25,0
589.75,1
590.75,0
591.0,1
592.75,0
593.5,1
593.75,0
597.5,1
597.75,0
608.75,1
613.0,0
614.0,1
614.25,0
614.5,1
615.0,0
615.25,1
615.5,0
616.0,1
617.5,0
631.25,1
631.5,0
632.25,1
632.5,0
632.75,1
633.5,0
633.75,1
635.75,0
636.0,1
638.0,0
638.5,1
639.25,0
639.5,1
640.25,0
640.5,1
640.75,0
641.5,1
641.75,0
645.75,1
646.0,0
704.75,1
705.75,0
706.5,1
708.75,0
709.0,1
711.25,0
711.5,1
712.0,0
712.25,1
713.25,0
727.5,1
727.75,0
728.25,1
728.5,0
729.5,1
730.75,0
731.0,1
733.75,0
734.0,1
735.25,0
735.5,1
736.5,0
736.75,1
737.0,0
742.5,1
742.75,0
751.5,1
751.75,0
753.0,1
753.5,0
753.75,1
756.0,0
756.25,1
756.75,0
757.0,1
758.5,0
758.75,1
761.0,0
765.75,1
766.0,0
774.0,1
774.25,0
775.0,1
775.25,0
776.75,1
777.5,0
777.75,1
778.25,0
778.5,1
780.75,0
781.0,1
781.25,0
781.75,1
782.25,0
782.5,1
783.0,0
783.25,1
784.75,0
785.25,1
785.5,0
797.5,1
797.75,0
798.25,1
798.75,0
800.75,1
801.0,0
801.5,1
802.25,0
802.5,1
803.75,0
804.0,1
804.75,0
805.0,1
806.0,0
806.25,1
809.25,0
812.75,1
813.0,0
869.75,1
870.0,0
870.5,1
871.25,0
873.0,1
875.0,0
875.25,1
876.0,0
876.25,1
877.0,0
877.25,1
878.5,0
878.75,1
880.0,0
880.25,1
880.75,0
881.25,1
881.5,0
881.75,1
882.0,0
883.25,1
883.5,0
884.0,1
884.25,0
897.0,1
897.25,0
897.75,1
898.0,0
898.25,1
899.75,0
900.0,1
901.25,0
901.5,1
903.25,0
903.5,1
904.25,0
904.5,1
904.75,0
921.0,1
921.5,0
921.75,1
922.75,0
923.0,1
924.25,0
924.5,1
925.0,0
925.25,1
927.25,0
927.5,1
928.5,0
928.75,1
929.0,0
933.25,1
933.5,0
943.0,1
943.25,0
945.5,1
945.75,0
946.0,1
946.75,0
947.0,1
947.75,0
948.0,1
949.0,0
949.5,1
950.5,0
950.75,1
951.0,0
951.5,1
952.0,0
952.25,1
953.0,0
957.0,1
957.25,0
966.25,1
966.5,0
967.0,1
967.25,0
968.75,1
969.0,0
969.25,1
969.5,0
969.75,1
972.0,0
972.25,1
974.75,0
975.0,1
975.25,0
975.5,1
976.25,0
977.0,1
977.25,0
1038.5,1
1038.75,0
1039.75,1
1040.0,0
1040.75,1
1042.0,0
1042.25,1
1043.0,0
1043.25,1
1045.75,0
1046.0,1
1046.25,0
1046.5,1
1046.75,0
1047.0,1
1049.5,0
1049.75,1
1050.0,0
1054.25,1
1054.5,0
1062.75,1
1063.0,0
1065.25,1
1065.5,0
1065.75,1
1066.5,0
1066.75,1
1067.75,0
1068.0,1
1069.0,0
1069.5,1
1069.75,0
1070.0,1
1072.75,0
1077.75,1
1078.0,0
1110.75,1
1111.0,0
1112.5,1
1112.75,0
1113.0,1
1113.5,0
1113.75,1
1116.25,0
1116.5,1
1116.75,0
1117.0,1
1117.25,0
1117.5,1
1117.75,0
1118.0,1
1119.0,0
1119.25,1
1120.25,0
1120.75,1
1121.0,0
1121.5,1
1121.75,0
1126.0,1
1126.25,0
1134.75,1
1135.0,0
1135.75,1
1136.25,0
1137.0,1
1137.5,0
1137.75,1
1138.75,0
1139.0,1
1139.25,0
1139.5,1
1140.75,0
1141.0,1
1141.25,0
1142.25,1
1142.5,0
1142.75,1
1143.75,0
1144.0,1
1145.0,0
1205.0,1
1205.25,0
1209.0,1
1209.25,0
1209.5,1
1210.5,0
1210.75,1
1212.5,0
1213.0,1
1213.5,0
1213.75,1
1214.25,0
1214.75,1
1215.75,0
1216.0,1
1216.25,0
1216.75,1
1217.0,0
1217.25,1
1217.5,0
1232.25,1
1232.5,0
1233.25,1
1234.0,0
1234.5,1
1236.5,0
1236.75,1
1237.25,0
1237.5,1
1239.0,0
1239.25,1
1240.75,0
1241.25,1
1241.5,0
1246.25,1
1246.5,0
1255.5,1
1256.0,0
1257.0,1
1257.25,0
1257.5,1
1258.0,0
1258.5,1
1258.75,0
1259.25,1
1259.5,0
1259.75,1
1260.25,0
1260.5,1
1265.0,0
1265.75,1
1266.0,0
1278.25,1
1278.5,0
1279.25,1
1280.0,0
1281.5,1
1282.75,0
1283.0,1
1285.25,0
1285.5,1
1285.75,0
1286.0,1
1287.0,0
1287.5,1
1287.75,0
1288.0,1
1289.0,0
1290.5,1
1290.75,0
1294.25,1
1294.5,0
1304.25,1
1304.5,0
1304.75,1
1305.0,0
1305.25,1
1306.25,0
1306.5,1
1307.75,0
1308.0,1
1308.25,0
1308.5,1
1309.0,0
1309.25,1
1311.5,0
1311.75,1
1312.5,0
1312.75,1
1313.0,0
1317.5,1
1317.75,0
1374.75,1
1375.25,0
1376.5,1
1376.75,0
1377.25,1
1379.75,0
1380.25,1
1380.5,0
1380.75,1
1381.0,0
1381.25,1
1382.0,0
1383.0,1
1383.5,0
1383.75,1
1384.75,0
1385.0,1
1385.25,0
1398.25,1
1398.5,0
1400.5,1
1400.75,0
1401.0,1
1402.0,0
1402.25,1
1402.5,0
1402.75,1
1403.0,0
1403.25,1
1403.5,0
1403.75,1
1406.25,0
1406.5,1
1407.0,0
1407.5,1
1408.75,0
1425.25,1
1426.0,0
1426.25,1
1426.5,0
1426.75,1
1427.25,0
1427.5,1
1428.25,0
1428.5,1
1429.5,0
1429.75,1
1430.5,0
1430.75,1
1431.5,0
1431.75,1
1432.75,0
1447.75,1
1448.0,0
1448.5,1
1448.75,0
1449.5,1
1452.75,0
1453.0,1
1453.5,0
1454.0,1
1455.0,0
1455.5,1
1457.5,0
1460.5,1
1460.75,0
1471.75,1
1472.0,0
1473.25,1
1474.5,0
1474.75,1
1476.0,0
1476.25,1
1476.75,0
1477.0,1
1477.5,0
1478.0,1
1479.0,0
1479.25,1
1480.75,0
1484.25,1
1484.5,0
1543.75,1
1544.0,0
1544.25,1
1544.5,0
1544.75,1
1545.25,0
1545.75,1
1546.0,0
1546.25,1
1547.25,0
1547.75,1
1549.75,0
1550.25,1
1552.0,0
1553.5,1
1553.75,0
1556.5,1
1556.75,0
1566.5,1
1566.75,0
1568.75,1
1569.5,0
1569.75,1
1571.75,0
1572.0,1
1572.75,0
1573.0,1
1574.25,0
1574.5,1
1574.75,0
1575.0,1
1576.0,0
1577.0,1
1577.25,0
1582.5,1
1582.75,0
1590.5,1
1590.75,0
1593.25,1
1593.5,0
1593.75,1
1595.0,0
1595.5,1
1596.75,0
1597.0,1
1597.75,0
1598.0,1
1598.75,0
1599.25,1
1600.0,0
1600.25,1
1600.5,0
1601.25,1
1601.5,0
1615.25,1
1615.5,0
1616.75,1
1617.0,0
1617.25,1
1618.5,0
1618.75,1
1619.75,0
1620.0,1
1620.5,0
1620.75,1
1621.75,0
1622.0,1
1622.25,0
1622.5,1
1624.5,0
1624.75,1
1625.75,0
1638.25,1
1638.5,0
1639.5,1
1639.75,0
1640.0,1
1640.5,0
1640.75,1
1643.25,0
1643.5,1
1644.25,0
1644.5,1
1645.5,0
1645.75,1
1646.5,0
1646.75,1
1647.0,0
1647.25,1
1647.5,0
1647.75,1
1649.5,0
1652.75,1
1653.25,0
1712.75,1
1713.75,0
1714.0,1
1714.25,0
1714.5,1
1714.75,0
1715.5,1
1716.75,0
1717.0,1
1718.5,0
1719.25,1
1720.5,0
1721.0,1
1721.25,0
1734.5,1
1734.75,0
1736.75,1
1737.0,0
1737.25,1
1738.0,0
1738.25,1
1738.75,0
1739.25,1
1741.0,0
1741.25,1
1741.5,0
1741.75,1
1742.75,0
1743.0,1
1743.75,0
1744.0,1
1745.0,0
1745.25,1
1745.5,0
1749.0,1
1749.25,0
1757.75,1
1758.0,0
1760.25,1
1760.5,0
1761.5,1
1762.0,0
1762.25,1
1763.75,0
1764.25,1
1766.25,0
1766.5,1
1768.0,0
1768.25,1
1768.5,0
1768.75,1
1769.5,0
1769.75,1
1770.0,0
1772.25,1
1772.5,0
1773.5,1
1774.0,0
1783.5,1
1783.75,0
1784.5,1
1785.0,0
1785.25,1
1790.0,0
1790.25,1
1790.5,0
1790.75,1
1791.75,0
1792.0,1
1792.25,0
1792.75,1
1793.0,0
1806.75,1
1807.25,0
1809.25,1
1812.0,0
1812.25,1
1812.5,0
1812.75,1
1813.25,0
1813.5,1
1814.0,0
1814.25,1
1815.5,0
1815.75,1
1816.75,0
1817.0,1
1817.25,0
1880.25,1
1880.5,0
1880.75,1
1883.25,0
1883.75,1
1884.25,0
1884.75,1
1885.5,0
1885.75,1
1886.0,0
1886.5,1
1886.75,0
1887.0,1
1889.0,0
1902.5,1
1902.75,0
1904.5,1
1904.75,0
1905.0,1
1905.25,0
1905.5,1
1906.25,0
1906.5,1
1907.75,0
1908.25,1
1908.5,0
1908.75,1
1909.0,0
1909.25,1
1912.75,0
1913.0,1
1913.25,0
1913.5,1
1913.75,0
1916.25,1
1916.5,0
1917.75,1
1918.0,0
1926.5,1
1926.75,0
1927.0,1
1927.25,0
1929.25,1
1931.5,0
1932.0,1
1932.25,0
1932.5,1
1932.75,0
1933.0,1
1933.5,0
1933.75,1
1934.0,0
1934.25,1
1935.0,0
1935.25,1
1935.5,0
1935.75,1
1936.5,0
1949.5,1
1949.75,0
1952.75,1
1953.5,0
1953.75,1
1955.5,0
1955.75,1
1957.25,0
1957.5,1
1961.0,0
1965.25,1
1965.5,0
1975.25,1
1975.5,0
1977.0,1
1977.25,0
1977.5,1
1980.75,0
1981.0,1
1982.25,0
1982.5,1
1985.0,0
1989.25,1
1989.5,0
2048.75,1
2050.25,0
2050.5,1
2051.75,0
2052.25,1
2053.0,0
2053.25,1
2053.5,0
2053.75,1
2054.0,0
2054.75,1
2056.75,0
2057.0,1
2057.25,0
2057.5,1
2057.75,0
2071.75,1
2072.0,0
2072.5,1
2072.75,0
2074.25,1
2075.25,0
2075.5,1
2079.0,0
2079.25,1
2079.5,0
2080.0,1
2081.0,0
2084.25,1
2084.5,0
2096.25,1
2096.5,0
2097.0,1
2097.25,0
2098.0,1
2100.5,0
2100.75,1
2101.25,0
2101.5,1
2102.75,0
2103.5,1
2103.75,0
2104.0,1
2105.0,0
2118.0,1
2118.25,0
2119.0,1
2119.25,0
2121.25,1
2125.0,0
2125.5,1
2127.25,0
2127.5,1
2129.25,0
2144.5,1
2144.75,0
2145.25,1
2145.5,0
2146.0,1
2147.25,0
2147.5,1
2149.25,0
2149.75,1
2150.0,0
2150.25,1
2150.5,0
2150.75,1
2153.25,0
2214.25,1
2214.5,0
2215.75,1
2216.0,0
2216.5,1
2216.75,0
2217.0,1
2218.25,0
2218.75,1
2219.25,0
2219.5,1
2221.25,0
2221.75,1
2222.25,0
2222.5,1
2223.75,0
2224.0,1
2224.5,0
2225.0,1
2225.25,0
2227.25,1
2227.5,0
2238.0,1
2238.25,0
2239.5,1
2239.75,0
2240.75,1
2241.0,0
2241.75,1
2242.25,0
2242.5,1
2243.5,0
2243.75,1
2245.0,0
2245.25,1
2246.0,0
2246.25,1
2248.75,0
2249.0,1
2249.25,0
2262.0,1
2262.25,0
2262.5,1
2262.75,0
2264.75,1
2265.25,0
2265.75,1
2267.75,0
2268.0,1
2270.0,0
2270.25,1
2270.75,0
2271.75,1
2272.75,0
2277.5,1
2277.75,0
2286.5,1
2286.75,0
2289.25,1
2291.75,0
2292.0,1
2292.25,0
2293.0,1
2293.25,0
2293.5,1
2294.25,0
2294.75,1
2295.5,0
2295.75,1
2296.75,0
2297.0,1
2297.25,0
2302.5,1
2302.75,0
2310.75,1
2311.25,0
2311.5,1
2311.75,0
2313.0,1
2313.25,0
2313.5,1
2315.25,0
2315.5,1
2316.25,0
2316.5,1
2317.25,0
2317.5,1
2318.0,0
2318.25,1
2319.5,0
2320.0,1
2320.25,0
2320.5,1
2321.0,0
2321.25,1
2321.75,0
2383.25,1
2383.5,0
2384.5,1
2384.75,0
2385.0,1
2387.75,0
2388.0,1
2388.5,0
2388.75,1
2390.0,0
2390.25,1
2393.25,0
2406.75,1
2407.0,0
2407.75,1
2408.25,0
2409.0,1
2409.5,0
2410.0,1
2412.25,0
2412.75,1
2413.0,0
2413.25,1
2413.5,0
2413.75,1
2414.0,0
2414.25,1
2416.0,0
2416.25,1
2417.0,0
2421.75,1
2422.0,0
2430.25,1
2430.5,0
2431.25,1
2431.5,0
2431.75,1
2432.25,0
2432.5,1
2432.75,0
2433.25,1
2433.5,0
2433.75,1
2434.0,0
2434.5,1
2435.0,0
2435.25,1
2437.5,0
2437.75,1
2438.25,0
2438.5,1
2440.75,0
2441.0,1
2441.25,0
2455.25,1
2455.75,0
2456.25,1
2456.5,0
2457.5,1
2458.25,0
2458.5,1
2459.25,0
2459.5,1
2460.5,0
2460.75,1
2461.25,0
2461.75,1
2462.0,0
2462.25,1
2462.5,0
2462.75,1
2463.75,0
2464.0,1
2464.75,0
2465.5,1
2465.75,0
2469.75,1
2470.0,0
2479.0,1
2479.25,0
2479.5,1
2480.0,0
2480.5,1
2480.75,0
2481.0,1
2482.5,0
2482.75,1
2483.5,0
2483.75,1
2485.5,0
2485.75,1
2486.0,0
2486.25,1
2486.5,0
2486.75,1
2487.0,0
2487.25,1
2487.75,0
2488.0,1
2488.75,0
2493.25,1
2493.5,0
2550.75,1
2551.0,0
2553.0,1
2553.75,0
2554.25,1
2558.0,0
2558.25,1
2558.75,0
2559.0,1
2560.0,0
2560.25,1
2560.5,0
2560.75,1
2561.25,0
2565.0,1
2565.25,0
2574.75,1
2575.0,0
2576.0,1
2576.25,0
2577.25,1
2577.5,0
2577.75,1
2578.25,0
2578.75,1
2580.75,0
2581.25,1
2582.5,0
2582.75,1
2583.0,0
2583.5,1
2585.0,0
2589.25,1
2589.5,0
2598.75,1
2599.0,0
2599.25,1
2599.5,0
2600.25,1
2600.5,0
2600.75,1
2604.0,0
2604.25,1
2605.25,0
2605.5,1
2606.25,0
2606.5,1
2606.75,0
2607.0,1
2607.25,0
2607.5,1
2607.75,0
2608.0,1
2609.0,0
2623.75,1
2624.0,0
2624.5,1
2625.25,0
2625.5,1
2626.0,0
2626.25,1
2628.25,0
2628.5,1
2629.5,0
2629.75,1
2631.0,0
2631.5,1
2632.75,0
2633.0,1
2633.5,0
2636.75,1
2637.0,0
2646.0,1
2646.25,0
2646.5,1
2646.75,0
2647.5,1
2647.75,0
2648.75,1
2649.0,0
2649.25,1
2650.25,0
2650.5,1
2650.75,0
2651.0,1
2652.0,0
2652.25,1
2653.5,0
2653.75,1
2655.5,0
2655.75,1
2657.25,0
2660.25,1
2660.5,0
2661.0,1
2661.25,0
2720.75,1
2721.0,0
2721.5,1
2723.0,0
2723.5,1
2723.75,0
2724.0,1
2724.5,0
2724.75,1
2726.75,0
2727.25,1
2728.0,0
2728.25,1
2729.0,0
2744.0,1
2744.25,0
2745.25,1
2747.25,0
2747.5,1
2748.25,0
2748.75,1
2750.5,0
2750.75,1
2751.75,0
2752.0,1
2753.5,0
2765.25,1
2765.5,0
2766.25,1
2767.25,0
2768.0,1
2768.25,0
2768.75,1
2769.25,0
2769.5,1
2770.5,0
2770.75,1
2772.5,0
2772.75,1
2773.25,0
2773.5,1
2776.5,0
2776.75,1
2777.0,0
2781.25,1
2781.5,0
2792.75,1
2794.25,0
2794.5,1
2796.0,0
2796.25,1
2796.75,0
2797.0,1
2799.0,0
2800.0,1
2801.0,0
2816.0,1
2816.5,0
2817.5,1
2817.75,0
2818.25,1
2819.0,0
2819.75,1
2820.75,0
2821.0,1
2822.0,0
2822.25,1
2823.5,0
2823.75,1
2824.75,0
2825.0,1
2825.25,0
2829.5,1
2829.75,0
2887.0,1
2887.25,0
2889.0,1
2889.5,0
2889.75,1
2890.5,0
2890.75,1
2892.0,0
2892.25,1
2892.5,0
2892.75,1
2894.0,0
2894.25,1
2895.5,0
2895.75,1
2896.25,0
2896.5,1
2897.25,0
2900.25,1
2900.5,0
2901.0,1
2901.25,0
2909.75,1
2910.0,0
2910.75,1
2911.0,0
2912.25,1
2912.75,0
2913.25,1
2913.5,0
2913.75,1
2915.25,0
2915.5,1
2916.5,0
2916.75,1
2917.0,0
2917.25,1
2917.5,0
2917.75,1
2920.5,0
2920.75,1
2921.25,0
2934.75,1
2935.0,0
2936.75,1
2937.25,0
2937.5,1
2938.0,0
2938.5,1
2938.75,0
2939.0,1
2940.25,0
2940.5,1
2940.75,0
2941.25,1
2943.0,0
2943.25,1
2944.75,0
2948.75,1
2949.0,0
2958.0,1
2958.25,0
2960.25,1
2960.5,0
2960.75,1
2963.5,0
2963.75,1
2964.5,0
2964.75,1
2965.25,0
2965.5,1
2965.75,0
2966.0,1
2969.0,0
2974.25,1
2974.5,0
2981.75,1
2982.0,0
2982.5,1
2982.75,0
2985.0,1
2989.25,0
2989.5,1
2990.75,0
2991.0,1
2993.5,0
3056.75,1
3057.0,0
3057.25,1
3057.5,0
3057.75,1
3059.0,0
3059.25,1
3061.5,0
3061.75,1
3062.5,0
3063.0,1
3063.75,0
3064.0,1
3065.0,0
3065.25,1
3065.5,0
3075.5,1
3075.75,0
3077.25,1
3077.5,0
3078.25,1
3078.5,0
3080.75,1
3081.0,0
3081.25,1
3084.0,0
3084.5,1
3084.75,0
3085.0,1
3088.0,0
3088.5,1
3089.0,0
3089.25,1
3089.5,0
3095.0,1
3095.25,0
3105.0,1
3106.0,0
3106.25,1
3106.5,0
3106.75,1
3108.5,0
3108.75,1
3110.5,0
3111.0,1
3111.5,0
3111.75,1
3113.0,0
3115.5,1
3115.75,0
3128.75,1
3129.75,0
3130.0,1
3130.25,0
3130.5,1
3130.75,0
3131.25,1
3132.0,0
3132.25,1
3136.5,0
3136.75,1
3137.25,0
3152.0,1
3153.25,0
3153.5,1
3154.0,0
3154.5,1
3157.5,0
3157.75,1
3158.5,0
3158.75,1
3159.0,0
3159.5,1
3160.25,0
3160.75,1
3161.5,0
3222.25,1
3222.5,0
3224.75,1
3225.25,0
3225.5,1
3226.0,0
3226.5,1
3226.75,0
3227.25,1
3229.75,0
3230.0,1
3230.75,0
3231.25,1
3232.5,0
3232.75,1
3233.25,0
3246.0,1
3246.25,0
3248.0,1
3248.25,0
3248.75,1
3251.0,0
3251.25,1
3251.75,0
3252.0,1
3252.5,0
3252.75,1
3253.25,0
3253.75,1
3254.0,0
3254.5,1
3255.0,0
3255.25,1
3256.75,0
3257.0,1
3257.25,0
3260.0,1
3260.25,0
3261.75,1
3262.0,0
3270.5,1
3271.0,0
3271.75,1
3272.0,0
3273.25,1
3273.5,0
3273.75,1
3275.0,0
3275.25,1
3275.5,0
3275.75,1
3276.5,0
3276.75,1
3277.25,0
3277.5,1
3278.0,0
3278.75,1
3279.0,0
3279.25,1
3280.5,0
3280.75,1
3281.25,0
3281.5,1
3281.75,0
3284.5,1
3284.75,0
3294.25,1
3294.5,0
3296.75,1
3297.0,0
3297.25,1
3297.75,0
3298.0,1
3300.0,0
3300.25,1
3300.75,0
3301.0,1
3301.75,0
3302.0,1
3304.25,0
3304.75,1
3305.25,0
3317.5,1
3317.75,0
3318.5,1
3318.75,0
3319.25,1
3319.5,0
3320.0,1
3320.25,0
3320.75,1
3321.5,0
3322.0,1
3323.0,0
3323.25,1
3323.5,0
3323.75,1
3324.75,0
3325.25,1
3325.75,0
3326.25,1
3327.5,0
3327.75,1
3328.75,0
3333.25,1
3333.5,0
3390.0,1
3390.25,0
3390.75,1
3391.25,0
3392.75,1
3394.75,0
3395.0,1
3396.5,0
3396.75,1
3399.25,0
3400.0,1
3401.25,0
3404.75,1
3405.0,0
3415.0,1
3415.75,0
3416.75,1
3418.25,0
3418.5,1
3420.25,0
3420.5,1
3420.75,0
3421.0,1
3421.75,0
3422.0,1
3424.5,0
3424.75,1
3425.0,0
3429.25,1
3429.5,0
3441.25,1
3441.5,0
3441.75,1
3443.75,0
3444.0,1
3444.75,0
3445.0,1
3445.25,0
3445.5,1
3447.25,0
3447.5,1
3447.75,0
3448.0,1
3448.5,0
3449.0,1
3449.25,0
3452.25,1
3452.5,0
3453.0,1
3453.25,0
3462.25,1
3462.75,0
3464.75,1
3465.0,0
3465.25,1
3465.5,0
3466.0,1
3467.75,0
3468.0,1
3468.25,0
3468.5,1
3469.5,0
3470.0,1
3473.0,0
3487.25,1
3487.5,0
3488.75,1
3489.0,0
3489.25,1
3489.5,0
3489.75,1
3490.25,0
3490.5,1
3491.5,0
3491.75,1
3492.0,0
3492.5,1
3493.0,0
3493.25,1
3495.5,0
3495.75,1
3496.5,0
3496.75,1
3497.25,0
3559.75,1
3560.0,0
3561.0,1
3562.25,0
3562.5,1
3564.25,0
3564.5,1
3565.75,0
3566.0,1
3567.75,0
3568.0,1
3568.75,0
3569.0,1
3569.25,0
3573.0,1
3573.25,0
3607.0,1
3607.25,0
3608.75,1
3609.0,0
3609.5,1
3611.75,0
3612.0,1
3614.25,0
3614.5,1
3615.5,0
3615.75,1
3616.25,0
3616.5,1
3617.25,0
3631.25,1
3631.5,0
3632.0,1
3632.25,0
3632.5,1
3632.75,0
3633.0,1
3633.25,0
3633.5,1
3635.75,0
3636.25,1
3638.5,0
3638.75,1
3639.25,0
3639.5,1
3641.0,0
3641.25,1
3641.5,0
3645.5,1
3645.75,0
3654.0,1
3654.5,0
3655.75,1
3656.0,0
3658.0,1
3659.25,0
3659.5,1
3662.25,0
3662.5,1
3663.25,0
3663.5,1
3665.25,0
3668.75,1
3669.0,0
3726.5,1
3726.75,0
3727.0,1
3727.25,0
3727.5,1
3727.75,0
3729.0,1
3729.75,0
3730.5,1
3731.25,0
3731.5,1
3732.0,0
3732.25,1
3732.75,0
3733.25,1
3734.25,0
3735.0,1
3735.25,0
3735.75,1
3737.0,0
3753.0,1
3756.5,0
3756.75,1
3757.25,0
3757.75,1
3760.25,0
3760.5,1
3761.25,0
3774.25,1
3774.5,0
3777.0,1
3777.25,0
3777.75,1
3778.75,0
3779.0,1
3779.5,0
3779.75,1
3780.25,0
3780.75,1
3781.75,0
3782.0,1
3782.5,0
3783.0,1
3783.25,0
3784.0,1
3784.5,0
3784.75,1
3785.0,0
3785.75,1
3786.0,0
3799.0,1
3799.25,0
3800.0,1
3800.5,0
3801.0,1
3802.5,0
3802.75,1
3803.25,0
3803.5,1
3806.25,0
3806.5,1
3808.0,0
3808.25,1
3809.25,0
3814.5,1
3814.75,0
3822.25,1
3822.5,0
3823.25,1
3823.5,0
3825.5,1
3827.5,0
3827.75,1
3829.25,0
3829.75,1
3830.0,0
3830.5,1
3831.25,0
3831.75,1
3832.5,0
3833.0,1
3833.25,0
3833.5,1
3833.75,0
3836.5,1
3836.75,0
3838.0,1
3838.25,0
3838.75,1
3839.0,0
3894.25,1
3894.5,0
3895.75,1
3896.0,0
3897.0,1
3897.5,0
3897.75,1
3898.0,0
3898.25,1
3900.0,0
3901.0,1
3901.5,0
3901.75,1
3902.25,0
3902.75,1
3903.25,0
3903.5,1
3905.25,0
3909.5,1
3909.75,0
3917.75,1
3918.0,0
3918.5,1
3919.0,0
3921.25,1
3922.25,0
3922.5,1
3924.5,0
3924.75,1
3925.0,0
3925.25,1
3925.75,0
3926.0,1
3929.5,0
3933.75,1
3934.0,0
3943.75,1
3944.0,0
3945.5,1
3946.25,0
3946.5,1
3946.75,0
3947.0,1
3948.0,0
3948.25,1
3949.5,0
3949.75,1
3950.25,0
3950.5,1
3951.75,0
3952.0,1
3952.5,0
3953.75,1
3954.0,0
3955.5,1
3955.75,0
3958.0,1
3958.25,0
3967.0,1
3967.25,0
3969.25,1
3970.75,0
3971.0,1
3971.5,0
3971.75,1
3972.75,0
3973.0,1
3973.5,0
3974.0,1
3974.5,0
3975.0,1
3976.0,0
3976.25,1
3976.5,0
3976.75,1
3977.0,0
3977.75,1
3978.0,0
3980.0,1
3980.25,0
3993.25,1
3994.5,0
3994.75,1
3996.75,0
3997.0,1
3998.25,0
3998.5,1
3999.5,0
3999.75,1
4000.5,0
4000.75,1
4001.5,0
4004.5,1
4004.75,0
4062.75,1
4063.0,0
4064.75,1
4066.5,0
4066.75,1
4069.75,0
4070.25,1
4070.5,0
4070.75,1
4071.25,0
4071.5,1
4072.25,0
4072.5,1
4072.75,0
4073.0,1
4073.25,0
4073.5,1
4073.75,0
4086.75,1
4087.0,0
4088.25,1
4088.5,0
4089.25,1
4089.75,0
4090.0,1
4090.25,0
4090.75,1
4092.5,0
4092.75,1
4095.0,0
4095.25,1
4096.25,0
4096.5,1
4097.0,0
4097.5,1
4097.75,0
4103.25,1
4103.5,0
4109.5,1
4109.75,0
4110.75,1
4111.0,0
4112.5,1
4112.75,0
4113.25,1
4115.75,0
4116.0,1
4116.75,0
4117.5,1
4118.0,0
4118.25,1
4118.75,0
4119.0,1
4120.0,0
4120.5,1
4121.0,0
4135.25,1
4135.5,0
4135.75,1
4136.0,0
4137.0,1
4139.5,0
4139.75,1
4140.0,0
4140.25,1
4140.5,0
4140.75,1
4141.75,0
4142.0,1
4143.75,0
4144.25,1
4145.5,0
4147.75,1
4148.0,0
4161.0,1
4161.25,0
4161.5,1
4164.0,0
4164.5,1
4164.75,0
4165.0,1
4166.25,0
4166.75,1
4167.5,0
4168.0,1
4168.5,0
4168.75,1
4169.5,0
4173.0,1
4173.25,0
4230.75,1
4231.0,0
4232.0,1
4232.25,0
4233.0,1
4233.25,0
4233.5,1
4234.0,0
4234.25,1
4234.75,0
4235.0,1
4236.0,0
4236.5,1
4237.5,0
4237.75,1
4238.75,0
4239.0,1
4240.5,0
4241.0,1
4241.25,0
4244.5,1
4244.75,0
4255.5,1
4255.75,0
4256.75,1
4257.5,0
4257.75,1
4258.5,0
4258.75,1
4259.0,0
4259.25,1
4259.5,0
4259.75,1
4261.5,0
4261.75,1
4262.25,0
4262.5,1
4263.25,0
4263.5,1
4264.25,0
4264.75,1
4265.25,0
4268.25,1
4268.75,0
4270.25,1
4270.5,0
4277.5,1
4277.75,0
4279.75,1
4280.0,0
4280.25,1
4281.0,0
4281.5,1
4282.5,0
4282.75,1
4285.0,0
4285.25,1
4288.5,0
4288.75,1
4289.25,0
4305.0,1
4305.75,0
4306.25,1
4306.5,0
4306.75,1
4307.0,0
4307.25,1
4308.0,0
4308.25,1
4308.5,0
4308.75,1
4311.75,0
4312.0,1
4312.5,0
4312.75,1
4313.0,0
4326.25,1
4326.5,0
4326.75,1
4327.0,0
4329.0,1
4330.0,0
4330.75,1
4332.25,0
4332.5,1
4333.25,0
4334.0,1
4334.25,0
4334.5,1
4337.5,0
4341.5,1
4342.0,0
4400.25,1
4400.5,0
4401.0,1
4402.75,0
4403.0,1
4403.75,0
4404.0,1
4405.0,0
4405.25,1
4406.0,0
4406.25,1
4406.5,0
4407.0,1
4408.5,0
4408.75,1
4409.0,0
4412.25,1
4412.5,0
4446.0,1
4446.25,0
4446.75,1
4447.0,0
4449.25,1
4451.5,0
4452.0,1
4452.25,0
4453.0,1
4453.25,0
4453.5,1
4454.0,0
4454.25,1
4454.5,0
4454.75,1
4455.25,0
4455.5,1
4456.5,0
4456.75,1
4457.25,0
4457.5,1
4457.75,0
4461.75,1
4462.0,0
4462.5,1
4462.75,0
4471.75,1
4472.0,0
4472.25,1
4472.5,0
4472.75,1
4473.25,0
4473.5,1
4474.0,0
4474.25,1
4475.0,0
4475.25,1
4477.75,0
4478.0,1
4478.5,0
4479.0,1
4479.5,0
4479.75,1
4481.75,0
4485.0,1
4485.25,0
4494.75,1
4495.0,0
4495.25,1
4495.75,0
4496.5,1
4496.75,0
4497.0,1
4502.0,0
4502.25,1
4503.0,0
4503.25,1
4503.5,0
4503.75,1
4504.25,0
4504.5,1
4504.75,0
4505.25,1
4505.5,0
4566.0,1
4566.25,0
4566.5,1
4567.0,0
4569.0,1
4570.0,0
4570.25,1
4571.0,0
4571.5,1
4573.5,0
4573.75,1
4574.75,0
4575.25,1
4577.0,0
4582.5,1
4582.75,0
4592.0,1
4592.25,0
4593.5,1
4596.25,0
4596.5,1
4597.75,0
4598.25,1
4600.0,0
4600.25,1
4601.5,0
4602.0,1
4602.25,0
4604.75,1
4605.0,0
4614.0,1
4614.25,0
4615.0,1
4615.25,0
4617.5,1
4617.75,0
4618.0,1
4622.0,0
4622.25,1
4624.0,0
4624.25,1
4625.25,0
4628.5,1
4628.75,0
4637.75,1
4638.0,0
4638.5,1
4639.25,0
4640.25,1
4640.5,0
4641.25,1
4643.25,0
4643.5,1
4644.0,0
4644.25,1
4644.5,0
4644.75,1
4645.0,0
4645.25,1
4645.5,0
4645.75,1
4646.0,0
4646.5,1
4647.0,0
4647.25,1
4647.5,0
4647.75,1
4648.25,0
4648.5,1
4649.0,0
4649.25,1
4649.5,0
4661.75,1
4662.75,0
4664.5,1
4664.75,0
4665.0,1
4666.25,0
4666.75,1
4670.0,0
4670.75,1
4671.5,0
4672.0,1
4672.25,0
4672.5,1
4673.0,0
4673.25,1
4673.5,0
4736.75,1
4737.0,0
4737.25,1
4737.5,0
4737.75,1
4739.0,0
4739.25,1
4740.0,0
4740.5,1
4741.0,0
4741.25,1
4742.25,0
4742.5,1
4743.25,0
4743.5,1
4744.75,0
4745.0,1
4745.75,0
4748.5,1
4748.75,0
4758.25,1
4759.0,0
4761.0,1
4761.25,0
4761.5,1
4763.0,0
4763.25,1
4764.0,0
4764.25,1
4765.25,0
4765.5,1
4765.75,0
4766.0,1
4767.0,0
4767.25,1
4768.75,0
4785.25,1
4788.0,0
4788.25,1
4789.0,0
4789.25,1
4789.5,0
4789.75,1
4791.5,0
4792.0,1
4792.5,0
4792.75,1
4793.0,0
4796.5,1
4796.75,0
4806.25,1
4806.5,0
4809.0,1
4809.25,0
4809.75,1
4810.75,0
4811.0,1
4812.0,0
4812.25,1
4813.25,0
4813.5,1
4814.0,0
4814.25,1
4814.75,0
4815.0,1
4815.5,0
4815.75,1
4816.75,0
4817.0,1
4817.25,0
4830.5,1
4830.75,0
4832.5,1
4833.0,0
4833.25,1
4834.5,0
4834.75,1
4836.25,0
4836.5,1
4837.25,0
4837.5,1
4839.5,0
4839.75,1
4840.0,0
4840.25,1
4840.75,0
4845.0,1
4845.25,0
4845.5,1
4845.75,0
4902.75,1
4903.0,0
4903.75,1
4904.0,0
4904.5,1
4905.0,0
4905.25,1
4908.25,0
4908.5,1
4909.0,0
4909.25,1
4910.75,0
4911.0,1
4912.5,0
4912.75,1
4913.5,0
4927.0,1
4927.25,0
4928.0,1
4928.25,0
4928.75,1
4936.0,0
4936.5,1
4936.75,0
4950.25,1
4950.5,0
4951.0,1
4951.25,0
4952.75,1
4953.0,0
4953.5,1
4953.75,0
4954.25,1
4958.0,0
4958.25,1
4959.75,0
4960.0,1
4961.0,0
4963.5,1
4963.75,0
4978.0,1
4978.75,0
4979.0,1
4980.75,0
4981.0,1
4982.0,0
4982.25,1
4983.25,0
4983.5,1
4983.75,0
4984.75,1
4985.0,0
4985.25,1
4985.5,0
4988.75,1
4989.0,0
4997.75,1
4998.25,0
4998.75,1
4999.0,0
4999.25,1
4999.5,0
5000.75,1
5001.0,0
5001.5,1
5003.75,0
5004.0,1
5005.5,0
5005.75,1
5006.0,0
5006.25,1
5007.25,0
5007.5,1
5007.75,0
5008.0,1
5009.25,0
5009.5,1
5009.75,0
5014.0,1
5014.25,0
5070.75,1
5071.0,0
5072.25,1
5072.5,0
5073.25,1
5074.0,0
5074.25,1
5074.75,0
5075.25,1
5078.25,0
5078.5,1
5079.0,0
5079.25,1
5081.25,0
5095.0,1
5095.25,0
5095.75,1
5096.0,0
5096.5,1
5096.75,0
5097.0,1
5099.0,0
5099.25,1
5100.25,0
5100.75,1
5101.75,0
5102.0,1
5102.25,0
5102.5,1
5102.75,0
5103.0,1
5103.5,0
5103.75,1
5104.25,0
5104.5,1
5105.0,0
5119.0,1
5119.25,0
5119.5,1
5119.75,0
5121.25,1
5122.25,0
5122.5,1
5123.0,0
5123.25,1
5123.75,0
5124.25,1
5124.5,0
5124.75,1
5128.0,0
5128.25,1
5128.75,0
5142.25,1
5142.5,0
5144.25,1
5144.5,0
5145.25,1
5145.5,0
5146.0,1
5147.25,0
5147.5,1
5150.0,0
5150.25,1
5153.0,0
5157.0,1
5157.25,0
5166.0,1
5166.25,0
5167.0,1
5167.25,0
5168.75,1
5169.0,0
5169.25,1
5169.5,0
5170.0,1
5171.75,0
5172.0,1
5173.75,0
5174.0,1
5175.5,0
5175.75,1
5176.75,0
5177.0,1
5177.25,0
5180.75,1
5181.0,0
5181.5,1
5181.75,0
5239.75,1
5240.0,0
5240.75,1
5241.0,0
5241.25,1
5241.5,0
5242.5,1
5243.0,0
5243.25,1
5243.75,0
5244.0,1
5244.75,0
5245.0,1
5246.25,0
5246.5,1
5247.0,0
5247.25,1
5247.75,0
5248.0,1
5248.25,0
5249.0,1
5249.25,0
5252.0,1
5252.25,0
5264.75,1
5265.0,0
5265.25,1
5265.5,0
5265.75,1
5266.25,0
5266.5,1
5269.0,0
5269.25,1
5270.25,0
5270.75,1
5273.0,0
5277.0,1
5277.25,0
5278.0,1
5278.25,0
5288.0,1
5288.25,0
5288.5,1
5288.75,0
5289.5,1
5293.25,0
5293.5,1
5294.0,0
5294.25,1
5294.5,0
5295.0,1
5296.25,0
5296.5,1
5297.25,0
5300.25,1
5300.5,0
5310.5,1
5310.75,0
5311.75,1
5312.0,0
5312.75,1
5314.75,0
5315.0,1
5315.5,0
5315.75,1
5318.25,0
5318.5,1
5320.5,0
5320.75,1
5321.25,0
5334.25,1
5334.5,0
5335.75,1
5336.0,0
5336.75,1
5337.5,0
5337.75,1
5338.5,0
5338.75,1
5341.25,0
5341.75,1
5342.0,0
5342.25,1
5342.75,0
5343.25,1
5345.25,0
5408.75,1
5409.25,0
5410.0,1
5410.5,0
5410.75,1
5411.75,0
5412.0,1
5412.75,0
5413.0,1
5413.5,0
5413.75,1
5414.75,0
5415.0,1
5416.0,0
5416.5,1
5416.75,0
5417.0,1
5417.25,0
5431.5,1
5432.0,0
5432.5,1
5434.25,0
5434.5,1
5434.75,0
5435.25,1
5435.5,0
5435.75,1
5437.25,0
5437.5,1
5438.0,0
5438.5,1
5439.5,0
5439.75,1
5440.25,0
5440.5,1
5441.5,0
5453.75,1
5454.0,0
5454.75,1
5455.25,0
5455.5,1
5455.75,0
5456.75,1
5457.0,0
5457.25,1
5459.0,0
5459.25,1
5463.75,0
5464.0,1
5465.25,0
5465.5,1
5465.75,0
5469.5,1
5469.75,0
5479.25,1
5479.5,0
5480.75,1
5481.0,0
5481.25,1
5481.75,0
5482.0,1
5483.75,0
5484.0,1
5485.25,0
5485.5,1
5485.75,0
5486.0,1
5487.25,0
5487.5,1
5488.5,0
5489.0,1
5489.25,0
5505.0,1
5505.5,0
5506.0,1
5506.25,0
5506.5,1
5509.5,0
5510.25,1
5510.75,0
5511.0,1
5513.0,0
5575.5,1
5575.75,0
5576.0,1
5576.25,0
5577.0,1
5579.75,0
5580.25,1
5581.5,0
5582.0,1
5583.75,0
5584.0,1
5585.25,0
5600.25,1
5601.0,0
5601.25,1
5601.75,0
5602.0,1
5605.75,0
5606.25,1
5606.75,0
5607.0,1
5608.5,0
5608.75,1
5609.0,0
5623.25,1
5623.5,0
5624.25,1
5624.5,0
5625.0,1
5626.0,0
5626.25,1
5626.75,0
5627.0,1
5627.75,0
5628.25,1
5629.5,0
5629.75,1
5633.0,0
5633.25,1
5633.5,0
5635.75,1
5636.0,0
5637.25,1
5637.5,0
5648.25,1
5648.5,0
5648.75,1
5649.0,0
5649.25,1
5650.0,0
5650.25,1
5650.5,0
5651.0,1
5652.75,0
5653.25,1
5654.5,0
5654.75,1
5658.0,0
5661.5,1
5661.75,0
5672.25,1
5672.75,0
5673.0,1
5673.25,0
5673.5,1
5674.5,0
5675.0,1
5675.75,0
5676.0,1
5678.75,0
5679.0,1
5680.75,0
5681.0,1
5681.25,0
5744.75,1
5745.75,0
5746.0,1
5748.5,0
5748.75,1
5749.75,0
5750.0,1
5753.25,0
5755.75,1
5756.0,0
5766.75,1
5767.0,0
5768.75,1
5769.5,0
5769.75,1
5770.0,0
5770.25,1
5771.75,0
5772.0,1
5772.75,0
5773.0,1
5774.0,0
5774.25,1
5775.25,0
5775.5,1
5776.25,0
5776.5,1
5777.25,0
5777.5,1
5777.75,0
5781.0,1
5781.25,0
5790.5,1
5791.25,0
5791.5,1
5791.75,0
5792.25,1
5792.5,0
5792.75,1
5793.25,0
5793.5,1
5793.75,0
5794.25,1
5795.75,0
5796.0,1
5796.5,0
5797.0,1
5798.5,0
5798.75,1
5799.0,0
5799.25,1
5800.0,0
5800.25,1
5801.25,0
5802.0,1
5802.25,0
5804.0,1
5804.25,0
5814.75,1
5815.0,0
5815.25,1
5815.5,0
5816.75,1
5817.0,0
5817.5,1
5818.0,0
5818.25,1
5819.5,0
5819.75,1
5820.0,0
5820.25,1
5820.5,0
5820.75,1
5821.25,0
5821.5,1
5822.0,0
5822.5,1
5825.0,0
5840.5,1
5840.75,0
5841.25,1
5841.5,0
5841.75,1
5842.0,0
5842.25,1
5843.0,0
5843.25,1
5843.5,0
5843.75,1
5844.5,0
5844.75,1
5845.0,0
5845.25,1
5845.5,0
5846.0,1
5848.0,0
5848.25,1
5849.0,0
5849.5,1
5849.75,0
5853.25,1
5853.5,0
5911.75,1
5912.0,0
5912.5,1
5912.75,0
5913.0,1
5913.25,0
5913.5,1
5915.75,0
5916.0,1
5916.5,0
5916.75,1
5920.75,0
5924.0,1
5924.25,0
5960.25,1
5960.75,0
5961.0,1
5963.0,0
5963.25,1
5963.75,0
5964.0,1
5965.0,0
5965.5,1
5966.75,0
5967.0,1
5967.25,0
5967.5,1
5968.0,0
5968.25,1
5968.5,0
5968.75,1
5969.0,0
5969.5,1
5969.75,0
5982.75,1
5983.25,0
5983.75,1
5984.0,0
5984.75,1
5985.0,0
5985.25,1
5985.5,0
5986.25,1
5987.25,0
5987.5,1
5989.0,0
5989.25,1
5990.25,0
5990.5,1
5991.75,0
5992.0,1
5993.25,0
6007.75,1
6008.0,0
6009.75,1
6010.25,0
6010.5,1
6012.0,0
6012.5,1
6013.0,0
6013.25,1
6016.0,0
6016.5,1
6016.75,0
6078.5,1
6078.75,0
6079.5,1
6079.75,0
6080.25,1
6081.0,0
6081.25,1
6081.5,0
6081.75,1
6082.0,0
6082.25,1
6082.75,0
6083.0,1
6084.0,0
6084.25,1
6085.0,0
6085.25,1
6085.5,0
6085.75,1
6086.5,0
6086.75,1
6088.5,0
6088.75,1
6089.25,0
6105.0,1
6105.25,0
6105.5,1
6106.25,0
6106.5,1
6106.75,0
6107.0,1
6107.25,0
6107.5,1
6108.0,0
6109.0,1
6109.25,0
6109.5,1
6110.5,0
6110.75,1
6111.5,0
6111.75,1
6112.75,0
6127.5,1
6128.0,0
6129.0,1
6129.5,0
6129.75,1
6130.75,0
6131.0,1
6131.25,0
6131.5,1
6133.75,0
6134.25,1
6135.25,0
6135.75,1
6136.75,0
6137.25,1
6137.5,0
6141.25,1
6141.5,0
6151.25,1
6151.5,0
6151.75,1
6152.0,0
6152.75,1
6153.25,0
6153.5,1
6153.75,0
6154.0,1
6154.25,0
6154.5,1
6156.0,0
6156.75,1
6157.0,0
6157.25,1
6158.0,0
6158.25,1
6158.75,0
6159.0,1
6159.75,0
6160.0,1
6161.0,0
6165.25,1
6165.5,0
6174.5,1
6174.75,0
6175.0,1
6175.25,0
6176.75,1
6178.0,0
6178.25,1
6179.0,0
6179.25,1
6179.75,0
6180.0,1
6181.0,0
6181.25,1
6183.25,0
6183.5,1
6184.0,0
6184.25,1
6184.75,0
6185.5,1
6185.75,0
6246.25,1
6246.5,0
6248.5,1
6249.0,0
6249.25,1
6250.25,0
6250.5,1
6254.5,0
6254.75,1
6255.25,0
6255.5,1
6256.75,0
6257.0,1
6257.25,0
6257.5,1
6257.75,0
6260.0,1
6260.25,0
6273.0,1
6275.25,0
6275.75,1
6276.5,0
6276.75,1
6277.25,0
6277.5,1
6277.75,0
6278.0,1
6280.5,0
6281.0,1
6281.25,0
6297.75,1
6298.25,0
6298.5,1
6302.25,0
6302.5,1
6303.5,0
6303.75,1
6304.25,0
6304.5,1
6305.25,0
6318.25,1
6318.75,0
6319.25,1
6319.75,0
6320.75,1
6321.5,0
6321.75,1
6324.0,0
6324.5,1
6324.75,0
6325.25,1
6326.5,0
6326.75,1
6329.25,0
6343.25,1
6343.5,0
6345.0,1
6347.5,0
6348.25,1
6348.5,0
6348.75,1
6349.0,0
6350.0,1
6350.25,0
6350.5,1
6350.75,0
6351.0,1
6351.75,0
6352.75,1
6353.75,0
6415.0,1
6415.25,0
6415.5,1
6415.75,0
6416.25,1
6416.75,0
6417.0,1
6417.5,0
6417.75,1
6418.0,0
6418.25,1
6419.25,0
6419.5,1
6420.5,0
6420.75,1
6422.5,0
6422.75,1
6423.75,0
6424.0,1
6424.75,0
6425.0,1
6425.25,0
6429.75,1
6430.0,0
6439.25,1
6439.5,0
6441.0,1
6445.0,0
6445.75,1
6446.0,0
6446.5,1
6447.75,0
6448.0,1
6449.25,0
6464.25,1
6464.5,0
6465.0,1
6465.75,0
6466.25,1
6468.75,0
6469.0,1
6469.75,0
6470.0,1
6470.5,0
6470.75,1
6471.0,0
6471.25,1
6471.75,0
6472.25,1
6473.0,0
6477.25,1
6477.5,0
6478.0,1
6478.25,0
6486.0,1
6486.25,0
6487.25,1
6487.5,0
6489.0,1
6489.5,0
6490.75,1
6493.0,0
6493.25,1
6494.25,0
6494.5,1
6495.25,0
6495.5,1
6497.0,0
6501.0,1
6501.25,0
6512.5,1
6516.25,0
6516.5,1
6518.0,0
6518.25,1
6518.5,0
6518.75,1
6521.0,0
6526.0,1
6526.25,0
6584.5,1
6584.75,0
6585.25,1
6585.75,0
6586.0,1
6586.5,0
6586.75,1
6587.0,0
6587.25,1
6587.75,0
6588.0,1
6589.0,0
6589.5,1
6590.0,0
6590.25,1
6593.5,0
6606.0,1
6606.25,0
6607.25,1
6607.5,0
6608.5,1
6608.75,0
6609.25,1
6610.5,0
6611.0,1
6611.75,0
6612.0,1
6612.25,0
6612.5,1
6613.0,0
6613.25,1
6614.25,0
6614.5,1
6615.5,0
6616.0,1
6616.75,0
6619.5,1
6619.75,0
6630.75,1
6632.0,0
6632.75,1
6633.25,0
6633.75,1
6634.25,0
6634.5,1
6636.25,0
6636.5,1
6636.75,0
6637.0,1
6639.5,0
6639.75,1
6640.0,0
6640.25,1
6641.0,0
6654.25,1
6654.5,0
6656.75,1
6657.0,0
6657.5,1
6660.25,0
6660.5,1
6662.0,0
6662.25,1
6663.25,0
6663.5,1
6664.5,0
6664.75,1
6665.0,0
6678.5,1
6678.75,0
6681.5,1
6682.25,0
6682.5,1
6682.75,0
6683.0,1
6687.25,0
6687.75,1
6688.25,0
6688.75,1
6689.5,0
6691.25,1
6691.5,0
6692.75,1
6693.0,0
6750.25,1
6750.5,0
6751.75,1
6752.0,0
6753.25,1
6754.75,0
6755.0,1
6756.25,0
6757.25,1
6758.25,0
6758.5,1
6760.0,0
6760.25,1
6761.0,0
6764.5,1
6764.75,0
6765.75,1
6766.0,0
6800.75,1
6801.25,0
6801.5,1
6801.75,0
6802.0,1
6802.5,0
6802.75,1
6804.0,0
6804.25,1
6805.25,0
6805.5,1
6807.0,0
6807.25,1
6809.25,0
6822.5,1
6822.75,0
6825.25,1
6826.0,0
6826.25,1
6826.5,0
6826.75,1
6827.0,0
6827.25,1
6827.75,0
6828.0,1
6828.75,0
6829.0,1
6830.25,0
6830.5,1
6832.0,0
6832.75,1
6833.0,0
6833.5,1
6834.0,0
6846.0,1
6846.5,0
6848.5,1
6848.75,0
6849.5,1
6850.0,0
6850.25,1
6853.5,0
6854.0,1
6854.5,0
6854.75,1
6855.0,0
6855.25,1
6857.0,0
6859.5,1
6859.75,0
6917.75,1
6918.0,0
6920.5,1
6920.75,0
6921.75,1
6922.5,0
6922.75,1
6924.75,0
6925.0,1
6926.75,0
6927.0,1
6927.75,0
6928.0,1
6928.25,0
6929.25,1
6929.5,0
6945.0,1
6946.25,0
6946.5,1
6948.25,0
6948.5,1
6948.75,0
6949.0,1
6949.5,0
6950.0,1
6950.5,0
6950.75,1
6951.75,0
6952.0,1
6952.25,0
6952.5,1
6953.25,0
6967.0,1
6967.25,0
6967.5,1
6967.75,0
6968.25,1
6968.75,0
6969.25,1
6971.25,0
6971.5,1
6972.0,0
6972.25,1
6974.5,0
6974.75,1
6975.0,0
6975.5,1
6976.0,0
6976.25,1
6977.0,0
6977.25,1
6977.5,0
6990.75,1
6991.25,0
6992.0,1
6992.25,0
6992.5,1
6992.75,0
6993.25,1
6993.5,0
6994.0,1
6995.0,0
6995.25,1
6995.75,0
6996.0,1
6996.75,0
6997.0,1
6997.25,0
6997.75,1
6998.5,0
6998.75,1
7000.5,0
7004.5,1
7004.75,0
7014.5,1
7014.75,0
7015.75,1
7016.0,0
7017.5,1
7018.5,0
7018.75,1
7020.75,0
7021.0,1
7021.75,0
7022.0,1
7022.5,0
7022.75,1
7024.5,0
7086.5,1
7086.75,0
7089.0,1
7089.5,0
7089.75,1
7091.5,0
7091.75,1
7093.5,0
7093.75,1
7094.5,0
7094.75,1
7095.25,0
7095.5,1
7095.75,0
7096.0,1
7096.5,0
7096.75,1
7097.25,0
7110.5,1
7110.75,0
7111.75,1
7112.0,0
7112.75,1
7113.5,0
7113.75,1
7114.0,0
7114.25,1
7115.0,0
7115.25,1
7115.75,0
7116.75,1
7117.0,0
7117.25,1
7117.75,0
7118.0,1
7119.0,0
7119.25,1
7121.0,0
7122.0,1
7122.25,0
7124.75,1
7125.0,0
7135.25,1
7135.5,0
7136.0,1
7136.25,0
7137.25,1
7137.5,0
7137.75,1
7139.0,0
7139.75,1
7140.25,0
7140.75,1
7141.75,0
7142.0,1
7142.25,0
7143.0,1
7143.75,0
7144.0,1
7144.5,0
7160.25,1
7160.75,0
7161.0,1
7161.25,0
7161.5,1
7163.25,0
7163.5,1
7163.75,0
7164.25,1
7165.75,0
7166.0,1
7166.25,0
7166.5,1
7166.75,0
7167.0,1
7167.5,0
7167.75,1
7168.25,0
7168.5,1
7169.0,0
7173.5,1
7173.75,0
7183.0,1
7183.25,0
7184.0,1
7184.25,0
7184.75,1
7185.0,0
7185.5,1
7186.75,0
7187.0,1
7187.25,0
7187.5,1
7188.5,0
7188.75,1
7189.5,0
7190.0,1
7191.5,0
7191.75,1
7192.5,0
7192.75,1
7193.0,0
7195.0,1
7195.25,0
7254.75,1
7255.0,0
7255.75,1
7256.0,0
7256.75,1
7257.0,0
7257.5,1
7258.25,0
7258.5,1
7260.0,0
7260.5,1
7261.0,0
7261.5,1
7262.0,0
7262.25,1
7263.0,0
7263.5,1
7264.5,0
7265.0,1
7265.5,0
7279.25,1
7280.0,0
7280.75,1
7281.0,0
7281.25,1
7281.5,0
7281.75,1
7283.25,0
7283.5,1
7285.25,0
7285.5,1
7289.0,0
7303.5,1
7303.75,0
7305.75,1
7306.0,0
7306.25,1
7306.5,0
7306.75,1
7307.25,0
7307.5,1
7309.0,0
7309.5,1
7310.0,0
7310.25,1
7311.5,0
7311.75,1
7313.25,0
7313.5,1
7313.75,0
7315.75,1
7316.0,0
7326.75,1
7327.0,0
7327.75,1
7328.0,0
7328.5,1
7330.0,0
7330.5,1
7331.25,0
7331.5,1
7332.25,0
7332.5,1
7333.0,0
7333.25,1
7334.0,0
7334.25,1
7335.5,0
7335.75,1
7337.25,0
7337.5,1
7337.75,0
7342.0,1
7342.25,0
7350.75,1
7351.0,0
7351.25,1
7351.5,0
7352.25,1
7352.75,0
7353.25,1
7353.5,0
7354.0,1
7354.5,0
7354.75,1
7355.5,0
7355.75,1
7356.75,0
7357.0,1
7357.5,0
7357.75,1
7358.0,0
7358.25,1
7359.0,0
7359.5,1
7360.5,0
7360.75,1
7361.0,0
7361.75,1
7362.0,0
7364.0,1
7364.25,0
7423.5,1
7423.75,0
7424.25,1
7424.5,0
7424.75,1
7425.0,0
7425.5,1
7426.0,0
7426.25,1
7426.5,0
7426.75,1
7427.25,0
7427.5,1
7430.75,0
7431.25,1
7431.75,0
7432.0,1
7433.0,0
7447.25,1
7447.5,0
7449.25,1
7450.75,0
7451.0,1
7453.25,0
7453.75,1
7456.25,0
7456.5,1
7456.75,0
7457.0,1
7457.25,0
7460.5,1
7460.75,0
7469.5,1
7469.75,0
7470.25,1
7470.5,0
7473.25,1
7476.0,0
7476.25,1
7476.5,0
7477.0,1
7477.75,0
7478.0,1
7478.75,0
7479.0,1
7480.25,0
7480.5,1
7480.75,0
7496.75,1
7497.25,0
7497.5,1
7500.5,0
7501.0,1
7501.25,0
7501.75,1
7502.0,0
7502.25,1
7502.5,0
7503.0,1
7504.75,0
7505.25,1
7505.75,0
7518.75,1
7519.0,0
7519.25,1
7519.5,0
7520.75,1
7521.0,0
7521.25,1
7521.5,0
7521.75,1
7522.5,0
7523.25,1
7525.0,0
7525.25,1
7526.75,0
7527.0,1
7529.0,0
7529.25,1
7529.5,0
7529.75,1
7530.0,0
7532.0,1
7532.25,0
7593.0,1
7593.25,0
7593.5,1
7595.5,0
7595.75,1
7597.75,0
7598.5,1
7599.5,0
7599.75,1
7600.5,0
7600.75,1
7601.75,0
7607.0,1
7607.25,0
7614.5,1
7615.0,0
7616.25,1
7616.5,0
7617.0,1
7621.75,0
7622.0,1
7624.75,0
7631.75,1
7632.0,0
7641.0,1
7641.5,0
7641.75,1
7642.75,0
7643.0,1
7644.25,0
7644.5,1
7644.75,0
7645.25,1
7645.5,0
7645.75,1
7646.0,0
7646.25,1
7648.5,0
7648.75,1
7649.25,0
7663.75,1
7664.0,0
7664.5,1
7664.75,0
7665.25,1
7666.5,0
7666.75,1
7667.5,0
7667.75,1
7668.0,0
7668.25,1
7670.75,0
7671.0,1
7672.25,0
7672.5,1
7672.75,0
7673.0,1
7673.25,0
7673.5,1
7673.75,0
7675.5,1
7675.75,0
7689.25,1
7690.0,0
7690.25,1
7691.5,0
7691.75,1
7692.25,0
7692.5,1
7693.0,0
7693.25,1
7694.25,0
7694.5,1
7694.75,0
7695.0,1
7695.25,0
7695.5,1
7697.25,0
7700.5,1
7700.75,0
7701.25,1
7701.5,0
7759.0,1
7759.25,0
7761.25,1
7761.5,0
7761.75,1
7763.5,0
7763.75,1
7764.0,0
7764.25,1
7764.75,0
7765.5,1
7768.75,0
7769.0,1
7769.5,0
7772.25,1
7772.5,0
7774.25,1
7774.5,0
7782.5,1
7782.75,0
7783.0,1
7783.25,0
7783.75,1
7784.0,0
7784.75,1
7785.0,0
7785.25,1
7786.5,0
7786.75,1
7787.25,0
7787.5,1
7787.75,0
7788.5,1
7789.75,0
7790.0,1
7790.25,0
7790.5,1
7790.75,0
7791.0,1
7793.0,0
7793.75,1
7794.0,0
7797.5,1
7797.75,0
7806.75,1
7807.0,0
7809.0,1
7809.75,0
7810.0,1
7812.0,0
7812.25,1
7813.5,0
7814.0,1
7814.25,0
7814.75,1
7816.5,0
7817.25,1
7817.5,0
7817.75,1
7818.0,0
7831.5,1
7831.75,0
7832.0,1
7832.25,0
7832.75,1
7834.25,0
7834.5,1
7835.0,0
7835.25,1
7836.5,0
7836.75,1
7837.0,0
7837.25,1
7837.5,0
7837.75,1
7838.75,0
7839.0,1
7839.75,0
7840.0,1
7840.25,0
7840.5,1
7841.25,0
7926.5,1
7926.75,0
7927.5,1
7927.75,0
7929.0,1
7929.25,0
7929.5,1
7929.75,0
7930.0,1
7931.75,0
7932.0,1
7932.75,0
7933.0,1
7935.5,0
7935.75,1
7936.25,0
7936.5,1
7937.25,0
7941.75,1
7942.0,0
7951.0,1
7951.25,0
7952.25,1
7952.5,0
7953.5,1
7954.0,0
7954.25,1
7955.25,0
7955.5,1
7955.75,0
7956.25,1
7957.0,0
7957.5,1
7957.75,0
7958.0,1
7958.25,0
7958.75,1
7961.25,0
7974.25,1
7974.5,0
7976.75,1
7977.0,0
7977.25,1
7977.75,0
7978.5,1
7980.5,0
7980.75,1
7981.5,0
7982.0,1
7982.25,0
7983.0,1
7984.5,0
7984.75,1
7985.0,0
7985.25,1
7985.5,0
8001.0,1
8001.25,0
8001.75,1
8004.0,0
8004.5,1
8005.0,0
8005.25,1
8006.0,0
8006.25,1
8006.75,0
8007.25,1
8008.75,0
8009.5,1
8009.75,0
8013.0,1
8013.25,0
8025.25,1
8025.75,0
8026.0,1
8026.25,0
8026.5,1
8030.5,0
8030.75,1
8031.25,0
8031.5,1
8031.75,0
8032.25,1
8033.25,0
8037.25,1
8037.5,0
8094.5,1
8094.75,0
8096.5,1
8097.0,0
8097.25,1
8097.5,0
8097.75,1
8099.5,0
8099.75,1
8100.5,0
8100.75,1
8103.25,0
8103.5,1
8104.75,0
8121.25,1
8121.5,0
8122.25,1
8123.25,0
8124.25,1
8126.5,0
8126.75,1
8128.0,0
8128.75,1
8129.0,0
8133.0,1
8133.25,0
8145.0,1
8145.25,0
8145.5,1
8145.75,0
8146.25,1
8146.5,0
8147.0,1
8149.0,0
8149.5,1
8150.0,0
8150.25,1
8150.5,0
8150.75,1
8152.0,0
8152.5,1
8153.25,0
8166.75,1
8167.0,0
8168.25,1
8168.75,0
8169.25,1
8169.5,0
8169.75,1
8170.5,0
8170.75,1
8171.25,0
8171.75,1
8173.0,0
8173.5,1
8174.25,0
8174.5,1
8176.0,0
8176.25,1
8177.25,0
8193.5,1
8193.75,0
8194.5,1
8194.75,0
8195.0,1
8197.0,0
8197.25,1
8201.25,0
8258.25,1
8258.5,0
8263.5,1
8263.75,0
8264.0,1
8265.25,0
8265.5,1
8265.75,0
8266.0,1
8269.5,0
8270.0,1
8273.25,0
8288.75,1
8289.0,0
8289.25,1
8289.5,0
8289.75,1
8290.0,0
8290.25,1
8291.0,0
8291.25,1
8294.25,0
8294.5,1
8297.25,0
8310.75,1
8311.0,0
8313.0,1
8314.5,0
8314.75,1
8316.0,0
8316.25,1
8317.0,0
8317.25,1
8318.75,0
8319.5,1
8320.5,0
8320.75,1
8321.25,0
8334.75,1
8335.0,0
8335.25,1
8335.5,0
8337.0,1
8337.25,0
8337.5,1
8338.0,0
8338.25,1
8340.25,0
8340.5,1
8341.75,0
8342.0,1
8342.75,0
8343.0,1
8343.25,0
8343.5,1
8343.75,0
8344.25,1
8345.0,0
8361.0,1
8361.25,0
8361.5,1
8364.5,0
8364.75,1
8369.0,0
8432.5,1
8433.0,0
8433.25,1
8433.5,0
8433.75,1
8435.25,0
8435.5,1
8436.0,0
8436.75,1
8437.0,0
8437.75,1
8438.25,0
8438.5,1
8438.75,0
8439.0,1
8439.25,0
8439.5,1
8440.25,0
8440.5,1
8441.0,0
8454.5,1
8454.75,0
8457.0,1
8457.75,0
8458.0,1
8459.0,0
8459.25,1
8460.0,0
8460.25,1
8461.25,0
8461.5,1
8462.5,0
8462.75,1
8463.25,0
8463.5,1
8465.0,0
8478.25,1
8479.0,0
8480.5,1
8481.0,0
8481.25,1
8482.5,0
8482.75,1
8483.5,0
8483.75,1
8484.5,0
8484.75,1
8485.5,0
8485.75,1
8486.0,0
8486.25,1
8489.0,0
8489.25,1
8489.75,0
8492.5,1
8492.75,0
8493.25,1
8493.5,0
8493.75,1
8494.0,0
8503.75,1
8504.0,0
8504.25,1
8504.5,0
8505.25,1
8507.25,0
8507.75,1
8508.0,0
8508.25,1
8510.5,0
8510.75,1
8512.75,0
8529.25,1
8530.25,0
8530.5,1
8530.75,0
8531.0,1
8532.5,0
8533.25,1
8534.25,0
8534.5,1
8534.75,0
8535.0,1
8535.75,0
8536.0,1
8537.0,0
8542.25,1
8542.5,0
8622.75,1
8623.0,0
8623.5,1
8623.75,0
8624.25,1
8624.5,0
8624.75,1
8625.0,0
8625.25,1
8626.5,0
8626.75,1
8628.25,0
8629.0,1
8630.25,0
8630.75,1
8631.0,0
8631.25,1
8632.75,0
8646.5,1
8646.75,0
8647.0,1
8647.25,0
8647.5,1
8648.0,0
8648.25,1
8648.5,0
8649.25,1
8651.5,0
8651.75,1
8654.5,0
8654.75,1
8656.75,0
8657.0,1
8657.5,0
8672.25,1
8672.5,0
8673.5,1
8675.0,0
8675.25,1
8675.5,0
8675.75,1
8680.0,0
8680.5,1
8680.75,0
8684.75,1
8685.0,0
8693.5,1
8693.75,0
8694.5,1
8695.0,0
8696.75,1
8697.0,0
8697.25,1
8697.75,0
8698.0,1
8698.25,0
8698.5,1
8702.5,0
8702.75,1
8703.75,0
8704.0,1
8705.25,0
8709.0,1
8709.25,0
