#1


float Room-122B (1193,2)
0.0,0
32.0,1
41.5,0
55.75,1
56.0,0
56.25,1
56.5,0
56.75,1
66.25,0
77.5,1
77.75,0
80.0,1
89.5,0
104.75,1
114.5,0
127.5,1
127.75,0
128.5,1
137.75,0
141.0,1
141.25,0
141.5,1
141.75,0
200.0,1
200.25,0
200.75,1
209.75,0
212.25,1
212.75,0
224.5,1
233.5,0
236.25,1
236.5,0
236.75,1
237.0,0
248.0,1
248.25,0
248.75,1
258.25,0
272.75,1
281.75,0
285.75,1
286.0,0
293.75,1
294.0,0
296.5,1
305.25,0
367.5,1
377.5,0
389.75,1
390.0,0
390.5,1
390.75,0
392.75,1
402.0,0
438.0,1
438.25,0
440.0,1
449.75,0
464.25,1
474.0,0
536.5,1
546.25,0
546.5,1
546.75,0
557.75,1
558.0,0
560.5,1
569.5,0
571.75,1
572.0,0
582.75,1
583.0,0
584.25,1
593.5,0
596.0,1
596.25,0
608.25,1
617.25,0
617.5,1
617.75,0
622.25,1
622.5,0
632.25,1
632.5,0
632.75,1
642.0,0
704.5,1
713.0,0
726.25,1
726.5,0
728.25,1
737.75,0
739.5,1
739.75,0
751.0,1
751.25,0
752.5,1
761.25,0
761.5,1
761.75,0
775.75,1
785.75,0
799.25,1
799.5,0
800.0,1
800.5,0
800.75,1
810.0,0
872.0,1
882.0,0
896.5,1
906.0,0
920.25,1
929.25,0
929.5,1
929.75,0
943.75,1
944.0,0
944.25,1
953.0,0
953.5,1
953.75,0
968.25,1
968.5,0
968.75,1
978.0,0
1039.0,1
1039.25,0
1040.5,1
1049.5,0
1052.5,1
1052.75,0
1064.25,1
1073.75,0
1077.25,1
1077.75,0
1112.25,1
1121.25,0
1136.75,1
1145.25,0
1145.5,1
1145.75,0
1149.75,1
1150.0,0
1208.0,1
1208.25,0
1208.5,1
1217.5,0
1231.75,1
1232.5,0
1232.75,1
1241.5,0
1244.75,1
1245.0,0
1254.75,1
1255.0,0
1256.0,1
1265.75,0
1278.0,1
1278.25,0
1280.25,1
1280.5,0
1280.75,1
1289.5,0
1301.0,1
1301.25,0
1304.75,1
1313.75,0
1374.25,1
1374.5,0
1375.25,1
1375.5,0
1376.25,1
1385.5,0
1387.75,1
1388.0,0
1399.25,1
1399.5,0
1400.25,1
1409.75,0
1423.25,1
1423.5,0
1424.75,1
1433.5,0
1437.0,1
1437.25,0
1445.75,1
1446.0,0
1448.25,1
1458.0,0
1472.5,1
1481.25,0
1483.25,1
1483.5,0
1485.25,1
1485.5,0
1544.25,1
1553.5,0
1553.75,1
1554.0,0
1568.5,1
1577.5,0
1592.0,1
1601.75,0
1614.5,1
1614.75,0
1615.75,1
1616.0,0
1616.5,1
1625.25,0
1625.5,1
1625.75,0
1639.75,1
1640.0,0
1640.25,1
1649.5,0
1654.0,1
1654.25,0
1709.75,1
1710.0,0
1712.5,1
1721.5,0
1724.75,1
1725.0,0
1726.0,1
1726.25,0
1736.5,1
1745.25,0
1760.5,1
1770.0,0
1772.75,1
1773.0,0
1784.5,1
1793.5,0
1796.0,1
1796.25,0
1808.0,1
1817.5,0
1880.5,1
1889.75,0
1893.0,1
1893.25,0
1903.25,1
1903.5,0
1904.75,1
1913.75,0
1916.25,1
1916.5,0
1916.75,1
1917.0,0
1927.75,1
1937.75,0
1941.5,1
1941.75,0
1952.25,1
1961.5,0
1976.0,1
1976.25,0
1976.75,1
1986.0,0
2048.0,1
2058.0,0
2060.5,1
2060.75,0
2072.5,1
2081.25,0
2081.5,1
2082.0,0
2085.25,1
2085.5,0
2086.0,1
2086.25,0
2096.25,1
2096.75,0
2097.0,1
2105.5,0
2105.75,1
2106.0,0
2107.5,1
2107.75,0
2120.0,1
2130.25,0
2134.0,1
2134.25,0
2144.5,1
2153.0,0
2153.25,1
2153.75,0
2156.0,1
2156.25,0
2216.5,1
2225.75,0
2239.75,1
2240.0,0
2240.25,1
2250.0,0
2262.25,1
2262.5,0
2264.75,1
2273.25,0
2288.0,1
2288.5,0
2289.0,1
2298.0,0
2312.75,1
2321.25,0
2321.5,1
2321.75,0
2384.5,1
2394.25,0
2396.0,1
2396.25,0
2398.0,1
2398.25,0
2408.75,1
2417.75,0
2420.75,1
2421.0,0
2430.5,1
2430.75,0
2433.0,1
2441.75,0
2456.25,1
2465.25,0
2479.0,1
2479.25,0
2480.25,1
2489.25,0
2492.0,1
2492.25,0
2493.25,1
2493.5,0
2552.75,1
2561.25,0
2564.0,1
2564.25,0
2576.25,1
2585.5,0
2585.75,1
2586.0,0
2588.5,1
2588.75,0
2600.75,1
2609.5,0
2624.25,1
2633.75,0
2635.75,1
2636.0,0
2646.25,1
2646.5,0
2646.75,1
2647.0,0
2648.5,1
2658.0,0
2660.75,1
2661.0,0
2718.25,1
2718.5,0
2719.0,1
2719.25,0
2720.5,1
2729.75,0
2744.75,1
2753.75,0
2758.0,1
2758.25,0
2768.75,1
2778.0,0
2781.0,1
2781.25,0
2792.25,1
2802.0,0
2805.75,1
2806.0,0
2816.25,1
2826.25,0
2888.5,1
2897.5,0
2912.5,1
2921.75,0
2936.25,1
2946.0,0
2958.75,1
2959.0,0
2960.0,1
2960.25,0
2960.75,1
2969.5,0
2972.25,1
2972.5,0
2972.75,1
2973.0,0
2973.25,1
2973.5,0
2983.75,1
2993.75,0
2997.75,1
2998.0,0
3056.0,1
3065.75,0
3073.75,1
3074.0,0
3074.75,1
3075.0,0
3075.5,1
3075.75,0
3077.0,1
3077.25,0
3077.75,1
3078.0,0
3080.5,1
3089.25,0
3092.75,1
3093.0,0
3104.5,1
3113.75,0
3116.25,1
3116.5,0
3128.0,1
3137.75,0
3140.5,1
3140.75,0
3142.0,1
3142.25,0
3152.25,1
3161.5,0
3164.5,1
3164.75,0
3165.5,1
3165.75,0
3224.5,1
3233.0,0
3247.0,1
3247.25,0
3248.5,1
3257.5,0
3258.0,1
3258.25,0
3272.25,1
3282.0,0
3295.0,1
3295.25,0
3296.75,1
3305.75,0
3319.5,1
3319.75,0
3320.5,1
3330.0,0
3332.5,1
3332.75,0
3390.0,1
3390.25,0
3391.75,1
3392.0,0
3392.75,1
3401.5,0
3416.0,1
3416.25,0
3416.5,1
3425.25,0
3425.5,1
3426.0,0
3440.25,1
3449.5,0
3450.0,1
3450.5,0
3453.0,1
3453.25,0
3464.25,1
3473.25,0
3473.5,1
3473.75,0
3486.5,1
3486.75,0
3488.75,1
3498.5,0
3501.5,1
3501.75,0
3502.0,1
3502.25,0
3559.25,1
3559.5,0
3560.5,1
3569.75,0
3605.5,1
3606.0,0
3607.0,1
3607.25,0
3608.5,1
3617.5,0
3632.25,1
3641.25,0
3644.5,1
3645.0,0
3645.25,1
3645.5,0
3655.75,1
3665.75,0
3670.25,1
3670.5,0
3728.25,1
3737.5,0
3751.75,1
3752.0,0
3752.25,1
3762.0,0
3776.25,1
3785.25,0
3785.75,1
3786.0,0
3798.25,1
3798.5,0
3800.5,1
3809.5,0
3823.75,1
3834.0,0
3835.5,1
3835.75,0
3836.0,1
3836.5,0
3836.75,1
3837.0,0
3896.5,1
3906.0,0
3908.25,1
3908.5,0
3909.75,1
3910.0,0
3919.75,1
3930.25,0
3944.0,1
3944.25,0
3944.5,1
3945.5,0
3945.75,1
3953.75,0
3956.5,1
3956.75,0
3958.0,1
3958.25,0
3967.0,1
3967.25,0
3968.5,1
3977.75,0
3980.25,1
3980.5,0
3990.0,1
3990.25,0
3992.25,1
4001.75,0
4062.75,1
4063.0,0
4063.75,1
4064.0,0
4064.5,1
4073.5,0
4077.25,1
4077.5,0
4088.5,1
4097.0,0
4097.5,1
4097.75,0
4102.75,1
4103.0,0
4111.5,1
4111.75,0
4112.5,1
4121.75,0
4124.25,1
4124.5,0
4125.25,1
4125.5,0
4135.0,1
4135.25,0
4136.5,1
4145.25,0
4145.5,1
4145.75,0
4157.25,1
4157.5,0
4160.75,1
4169.25,0
4169.5,1
4170.0,0
4232.75,1
4241.75,0
4244.5,1
4244.75,0
4256.5,1
4265.75,0
4280.25,1
4290.0,0
4292.5,1
4292.75,0
4302.5,1
4302.75,0
4304.25,1
4313.75,0
4328.25,1
4337.5,0
4337.75,1
4338.0,0
4341.25,1
4341.5,0
4342.25,1
4342.5,0
4400.5,1
4409.75,0
4449.0,1
4457.25,0
4457.75,1
4458.0,0
4472.25,1
4481.5,0
4484.0,1
4484.25,0
4496.5,1
4505.5,0
4568.5,1
4577.5,0
4592.5,1
4601.25,0
4601.5,1
4602.25,0
4605.5,1
4605.75,0
4614.75,1
4615.0,0
4616.5,1
4625.25,0
4626.0,1
4626.25,0
4628.5,1
4628.75,0
4641.0,1
4649.75,0
4650.25,1
4650.5,0
4661.25,1
4661.5,0
4664.25,1
4673.75,0
4735.75,1
4736.0,0
4736.5,1
4746.0,0
4749.75,1
4750.0,0
4760.5,1
4769.25,0
4771.0,1
4771.25,0
4782.25,1
4782.5,0
4782.75,1
4783.0,0
4784.5,1
4793.5,0
4793.75,1
4794.0,0
4808.75,1
4817.5,0
4821.75,1
4822.0,0
4832.5,1
4832.75,0
4833.0,1
4841.75,0
4902.75,1
4903.0,0
4904.5,1
4912.75,0
4913.0,1
4913.5,0
4928.5,1
4937.0,0
4940.75,1
4941.0,0
4941.25,1
4941.5,0
4950.5,1
4950.75,0
4952.75,1
4961.5,0
4976.5,1
4985.0,0
4985.25,1
4985.75,0
5000.75,1
5009.75,0
5072.25,1
5081.75,0
5082.0,1
5082.25,0
5095.75,1
5096.0,0
5096.25,1
5105.5,0
5120.5,1
5129.25,0
5129.5,1
5129.75,0
5144.25,1
5153.25,0
5168.0,1
5168.25,0
5168.5,1
5177.25,0
5240.25,1
5249.75,0
5252.75,1
5253.0,0
5264.0,1
5273.25,0
5273.5,1
5274.25,0
5277.25,1
5277.5,0
5286.5,1
5286.75,0
5288.75,1
5297.5,0
5298.0,1
5298.25,0
5311.75,1
5312.0,0
5312.5,1
5322.25,0
5336.5,1
5345.5,0
5349.0,1
5349.25,0
5408.25,1
5417.75,0
5432.25,1
5441.5,0
5445.0,1
5445.25,0
5445.5,1
5445.75,0
5446.25,1
5446.5,0
5455.5,1
5456.0,0
5456.5,1
5465.25,0
5467.75,1
5468.0,0
5480.0,1
5480.5,0
5480.75,1
5489.75,0
5493.5,1
5493.75,0
5504.25,1
5504.75,0
5505.0,1
5513.5,0
5575.75,1
5586.0,0
5600.5,1
5609.75,0
5614.5,1
5614.75,0
5622.5,1
5622.75,0
5624.5,1
5633.75,0
5648.75,1
5658.0,0
5659.0,1
5659.25,0
5660.25,1
5660.5,0
5661.0,1
5661.25,0
5662.5,1
5662.75,0
5670.75,1
5671.0,0
5671.75,1
5681.25,0
5684.75,1
5685.0,0
5744.25,1
5754.25,0
5756.0,1
5756.25,0
5756.75,1
5757.0,0
5766.75,1
5767.0,0
5768.25,1
5777.75,0
5792.5,1
5792.75,0
5793.0,1
5801.75,0
5816.25,1
5825.5,0
5825.75,1
5826.0,0
5833.25,1
5833.5,0
5840.5,1
5850.0,0
5904.75,1
5905.0,0
5909.0,1
5909.25,0
5912.75,1
5922.0,0
5924.0,1
5924.25,0
5958.25,1
5958.5,0
5960.5,1
5969.5,0
5973.0,1
5973.25,0
5984.75,1
5993.75,0
6007.25,1
6007.5,0
6008.5,1
6017.0,0
6017.75,1
6018.0,0
6080.25,1
6090.0,0
6104.0,1
6104.25,0
6104.5,1
6113.75,0
6128.5,1
6138.0,0
6142.0,1
6142.25,0
6150.5,1
6150.75,0
6152.5,1
6161.25,0
6161.5,1
6162.0,0
6174.25,1
6174.5,0
6175.0,1
6175.25,0
6176.0,1
6185.25,0
6185.5,1
6186.0,0
6189.75,1
6190.0,0
6246.5,1
6246.75,0
6248.25,1
6257.75,0
6260.25,1
6260.5,0
6270.0,1
6270.25,0
6272.25,1
6281.75,0
6284.75,1
6285.0,0
6296.75,1
6305.5,0
6317.75,1
6318.0,0
6320.5,1
6329.75,0
6344.5,1
6353.0,0
6353.5,1
6354.0,0
6357.75,1
6358.0,0
6416.25,1
6425.5,0
6429.0,1
6429.25,0
6440.75,1
6449.5,0
6449.75,1
6450.0,0
6463.75,1
6473.5,0
6476.0,1
6476.25,0
6477.0,1
6477.25,0
6488.5,1
6497.25,0
6512.5,1
6521.5,0
6525.5,1
6525.75,0
6582.0,1
6582.25,0
6583.0,1
6583.25,0
6584.75,1
6593.25,0
6608.0,1
6617.75,0
6620.0,1
6620.25,0
6630.25,1
6630.5,0
6631.5,1
6632.25,0
6633.0,1
6641.5,0
6657.0,1
6665.5,0
6678.75,1
6679.0,0
6681.0,1
6689.5,0
6692.75,1
6693.0,0
6693.5,1
6693.75,0
6694.0,1
6694.25,0
6694.5,1
6694.75,0
6751.75,1
6752.0,0
6752.5,1
6762.0,0
6799.0,1
6799.25,0
6800.5,1
6809.25,0
6812.5,1
6812.75,0
6824.5,1
6833.75,0
6837.5,1
6837.75,0
6848.25,1
6848.5,0
6848.75,1
6856.5,0
6856.75,1
6857.5,0
6919.75,1
6920.0,0
6920.75,1
6930.0,0
6943.5,1
6943.75,0
6944.25,1
6953.25,0
6967.5,1
6977.5,0
6991.75,1
7001.75,0
7005.5,1
7005.75,0
7006.25,1
7006.5,0
7014.5,1
7014.75,0
7017.0,1
7026.5,0
7088.75,1
7097.5,0
7098.0,1
7098.25,0
7100.0,1
7100.25,0
7110.75,1
7111.0,0
7112.75,1
7122.0,0
7124.5,1
7124.75,0
7125.75,1
7126.0,0
7136.5,1
7145.25,0
7149.75,1
7150.0,0
7159.75,1
7169.5,0
7172.25,1
7172.5,0
7173.25,1
7173.5,0
7184.25,1
7193.75,0
7256.0,1
7256.5,0
7256.75,1
7265.25,0
7268.75,1
7269.0,0
7279.25,1
7279.5,0
7280.0,1
7280.25,0
7280.5,1
7280.75,0
7281.0,1
7289.25,0
7293.25,1
7293.5,0
7294.0,1
7294.25,0
7304.75,1
7313.0,0
7313.5,1
7313.75,0
7328.75,1
7337.75,0
7350.5,1
7350.75,0
7352.0,1
7352.5,0
7353.0,1
7361.25,0
7363.25,1
7363.5,0
7424.5,1
7433.5,0
7436.25,1
7436.5,0
7448.0,1
7457.5,0
7470.25,1
7470.5,0
7470.75,1
7471.0,0
7472.5,1
7481.25,0
7481.5,1
7481.75,0
7494.75,1
7495.0,0
7496.5,1
7505.5,0
7509.5,1
7509.75,0
7517.5,1
7517.75,0
7520.25,1
7529.75,0
7589.75,1
7590.0,0
7591.75,1
7592.0,0
7592.25,1
7602.0,0
7604.75,1
7605.0,0
7616.0,1
7625.25,0
7625.5,1
7625.75,0
7630.0,1
7630.25,0
7638.5,1
7638.75,0
7640.25,1
7650.0,0
7664.75,1
7674.0,0
7686.0,1
7686.25,0
7688.0,1
7688.25,0
7688.75,1
7697.5,0
7759.75,1
7760.0,0
7760.75,1
7769.25,0
7774.0,1
7774.25,0
7784.5,1
7793.75,0
7807.75,1
7808.0,0
7808.5,1
7817.75,0
7820.5,1
7820.75,0
7830.25,1
7830.5,0
7832.5,1
7841.5,0
7845.25,1
7845.5,0
7928.5,1
7938.0,0
7952.25,1
7961.75,0
7964.5,1
7964.75,0
7976.5,1
7985.25,0
7985.5,1
7985.75,0
8000.5,1
8009.75,0
8011.75,1
8012.0,0
8025.0,1
8033.75,0
8037.0,1
8037.25,0
8038.0,1
8038.25,0
8096.5,1
8105.75,0
8108.5,1
8108.75,0
8119.25,1
8119.5,0
8120.5,1
8129.25,0
8133.0,1
8133.25,0
8143.75,1
8153.25,0
8153.75,1
8154.0,0
8156.25,1
8156.5,0
8167.0,1
8167.25,0
8168.5,1
8178.0,0
8192.5,1
8201.75,0
8264.5,1
8273.75,0
8288.5,1
8297.5,0
8312.25,1
8312.5,0
8312.75,1
8321.5,0
8336.5,1
8345.75,0
8348.75,1
8349.0,0
8360.25,1
8369.0,0
8372.0,1
8372.25,0
8432.5,1
8441.25,0
8456.25,1
8456.5,0
8456.75,1
8465.75,0
8468.5,1
8468.75,0
8469.25,1
8469.5,0
8469.75,1
8470.0,0
8480.5,1
8489.75,0
8504.5,1
8514.0,0
8528.5,1
8537.75,0
8540.75,1
8541.0,0
8624.25,1
8633.5,0
8634.0,1
8634.5,0
8637.5,1
8637.75,0
8648.25,1
8657.5,0
8661.75,1
8662.0,0
8672.0,1
8682.25,0
8683.75,1
8684.0,0
8696.0,1
8696.25,0
8696.5,1
8705.5,0
