#1


float Room-206 (4299,2)
0.0,0
33.0,1
33.5,0
33.75,1
35.75,0
36.0,1
37.0,0
37.25,1
37.75,0
38.0,1
40.75,0
41.5,1
41.75,0
45.25,1
45.5,0
55.25,1
55.5,0
56.25,1
56.5,0
57.0,1
57.25,0
57.5,1
57.75,0
58.0,1
58.75,0
59.0,1
60.0,0
60.5,1
60.75,0
61.0,1
61.25,0
61.5,1
61.75,0
62.0,1
65.0,0
78.5,1
78.75,0
81.0,1
81.5,0
82.25,1
83.5,0
83.75,1
85.0,0
85.25,1
86.0,0
86.5,1
89.0,0
92.75,1
93.25,0
102.5,1
102.75,0
104.25,1
104.5,0
105.25,1
106.0,0
106.25,1
106.5,0
106.75,1
107.0,0
107.25,1
107.5,0
107.75,1
108.75,0
109.0,1
112.25,0
112.5,1
112.75,0
113.25,1
113.5,0
129.25,1
130.0,0
130.25,1
132.5,0
132.75,1
133.0,0
133.25,1
136.75,0
137.0,1
137.25,0
201.0,1
201.25,0
201.5,1
202.0,0
202.5,1
204.25,0
204.5,1
205.0,0
205.25,1
207.0,0
207.25,1
207.5,0
207.75,1
208.5,0
208.75,1
209.0,0
225.25,1
225.5,0
225.75,1
226.0,0
226.25,1
227.0,0
227.25,1
228.0,0
228.5,1
230.0,0
230.25,1
231.75,0
232.0,1
232.25,0
232.75,1
233.0,0
247.25,1
247.75,0
248.75,1
249.0,0
249.25,1
249.5,0
249.75,1
250.25,0
250.5,1
252.0,0
252.25,1
253.5,0
253.75,1
254.0,0
254.5,1
254.75,0
255.25,1
256.5,0
272.25,1
272.5,0
273.0,1
274.5,0
274.75,1
276.0,0
276.25,1
276.5,0
276.75,1
277.5,0
277.75,1
278.5,0
278.75,1
281.5,0
286.25,1
286.5,0
287.0,1
287.25,0
294.0,1
294.25,0
295.5,1
296.0,0
296.75,1
297.0,0
297.25,1
297.75,0
298.25,1
299.25,0
299.5,1
299.75,0
300.25,1
300.75,0
301.0,1
302.25,0
302.75,1
303.25,0
303.75,1
304.5,0
304.75,1
305.25,0
308.0,1
308.25,0
309.0,1
309.25,0
369.0,1
369.5,0
369.75,1
370.5,0
370.75,1
371.0,0
371.5,1
372.25,0
372.5,1
374.0,0
374.25,1
375.5,0
375.75,1
376.5,0
376.75,1
377.0,0
392.5,1
392.75,0
393.25,1
394.0,0
394.25,1
395.75,0
396.0,1
396.75,0
397.0,1
397.5,0
398.0,1
398.25,0
398.5,1
398.75,0
399.25,1
399.5,0
399.75,1
400.25,0
400.5,1
401.25,0
405.0,1
405.25,0
406.25,1
406.5,0
438.5,1
438.75,0
441.0,1
442.0,0
442.25,1
442.75,0
443.0,1
444.25,0
444.5,1
445.5,0
446.0,1
446.5,0
446.75,1
448.0,0
448.25,1
448.5,0
449.25,1
449.5,0
464.75,1
465.25,0
465.75,1
466.0,0
466.75,1
468.25,0
468.5,1
469.25,0
469.5,1
470.0,0
470.5,1
470.75,0
471.0,1
472.5,0
472.75,1
473.25,0
477.75,1
478.0,0
537.0,1
537.5,0
537.75,1
538.0,0
538.25,1
539.0,0
539.25,1
539.5,0
540.0,1
541.25,0
541.5,1
541.75,0
542.25,1
542.5,0
543.0,1
544.25,0
544.5,1
544.75,0
550.25,1
550.5,0
561.25,1
561.5,0
562.0,1
564.75,0
565.0,1
565.25,0
565.5,1
565.75,0
566.0,1
566.5,0
566.75,1
568.5,0
568.75,1
569.0,0
582.0,1
582.25,0
585.0,1
586.75,0
587.0,1
592.75,0
595.75,1
596.0,0
597.5,1
597.75,0
608.5,1
608.75,0
609.0,1
609.75,0
610.0,1
610.5,0
610.75,1
612.0,0
612.25,1
613.25,0
613.5,1
614.25,0
614.5,1
614.75,0
615.0,1
616.0,0
616.25,1
617.25,0
617.5,1
617.75,0
619.75,1
620.0,0
630.0,1
630.25,0
631.25,1
631.5,0
631.75,1
632.0,0
633.25,1
633.5,0
633.75,1
635.25,0
635.5,1
635.75,0
636.25,1
636.5,0
636.75,1
637.5,0
637.75,1
638.5,0
639.0,1
640.0,0
640.25,1
640.75,0
641.0,1
641.5,0
705.5,1
708.75,0
709.0,1
709.75,0
710.0,1
710.25,0
710.75,1
711.75,0
712.25,1
712.5,0
712.75,1
713.0,0
713.25,1
713.5,0
725.75,1
726.0,0
726.5,1
726.75,0
728.0,1
728.25,0
728.75,1
729.5,0
730.25,1
732.25,0
732.75,1
733.25,0
734.0,1
735.0,0
735.25,1
736.0,0
736.5,1
737.0,0
737.25,1
737.5,0
750.25,1
750.5,0
753.0,1
753.25,0
753.5,1
754.5,0
754.75,1
755.0,0
755.25,1
757.25,0
757.75,1
758.5,0
758.75,1
760.5,0
760.75,1
761.25,0
761.5,1
761.75,0
764.5,1
764.75,0
765.0,1
765.25,0
765.75,1
766.0,0
773.75,1
774.0,0
774.75,1
775.0,0
776.25,1
776.5,0
777.25,1
781.0,0
781.25,1
783.5,0
783.75,1
784.5,0
785.25,1
785.5,0
798.0,1
798.25,0
799.25,1
799.5,0
801.0,1
802.0,0
802.25,1
802.5,0
802.75,1
803.0,0
803.25,1
803.75,0
804.0,1
804.75,0
805.0,1
805.75,0
806.25,1
806.5,0
806.75,1
807.0,0
807.25,1
808.0,0
808.25,1
808.75,0
809.0,1
809.25,0
873.25,1
875.75,0
876.0,1
876.5,0
876.75,1
878.25,0
878.5,1
878.75,0
879.25,1
880.75,0
881.0,1
881.25,0
894.0,1
894.25,0
895.0,1
895.25,0
897.5,1
898.0,0
898.25,1
899.5,0
899.75,1
900.75,0
901.0,1
901.5,0
901.75,1
904.75,0
905.0,1
905.5,0
905.75,1
906.0,0
917.25,1
917.5,0
919.5,1
919.75,0
921.25,1
921.5,0
921.75,1
922.0,0
922.25,1
922.5,0
922.75,1
923.25,0
924.5,1
925.25,0
925.5,1
926.0,0
926.25,1
926.5,0
926.75,1
927.75,0
928.0,1
929.0,0
933.75,1
934.0,0
942.75,1
943.0,0
943.75,1
944.0,0
945.75,1
946.0,0
946.25,1
949.25,0
949.75,1
951.0,0
951.5,1
953.25,0
965.75,1
966.0,0
966.25,1
966.5,0
966.75,1
967.0,0
968.75,1
969.0,0
969.25,1
971.25,0
971.5,1
973.0,0
973.5,1
974.0,0
974.5,1
975.25,0
975.75,1
977.0,0
977.25,1
977.75,0
980.25,1
980.5,0
1038.5,1
1038.75,0
1039.75,1
1040.0,0
1041.0,1
1041.5,0
1041.75,1
1042.0,0
1042.25,1
1042.5,0
1043.0,1
1044.5,0
1044.75,1
1046.0,0
1047.25,1
1048.5,0
1048.75,1
1049.0,0
1049.25,1
1049.5,0
1062.75,1
1063.0,0
1064.75,1
1065.0,0
1065.25,1
1066.75,0
1067.0,1
1068.5,0
1068.75,1
1070.25,0
1070.5,1
1071.5,0
1071.75,1
1073.5,0
1111.5,1
1111.75,0
1112.75,1
1113.0,0
1113.25,1
1116.0,0
1116.5,1
1117.25,0
1117.5,1
1118.0,0
1118.5,1
1119.5,0
1119.75,1
1120.25,0
1120.5,1
1121.25,0
1125.5,1
1125.75,0
1134.0,1
1134.25,0
1135.75,1
1136.0,0
1137.0,1
1137.5,0
1137.75,1
1138.0,0
1138.5,1
1139.75,0
1140.25,1
1140.5,0
1142.0,1
1142.5,0
1142.75,1
1143.0,0
1143.5,1
1143.75,0
1144.0,1
1144.5,0
1145.25,1
1146.0,0
1207.0,1
1207.25,0
1209.0,1
1212.5,0
1213.25,1
1216.5,0
1216.75,1
1217.5,0
1220.75,1
1221.0,0
1232.25,1
1232.5,0
1233.25,1
1237.25,0
1237.5,1
1238.0,0
1238.5,1
1239.25,0
1239.5,1
1241.5,0
1245.75,1
1246.0,0
1253.5,1
1253.75,0
1255.0,1
1255.25,0
1256.75,1
1260.0,0
1260.25,1
1261.5,0
1262.25,1
1264.25,0
1264.5,1
1265.0,0
1270.0,1
1270.25,0
1273.75,1
1274.0,0
1274.5,1
1274.75,0
1279.0,1
1279.25,0
1279.75,1
1280.0,0
1281.0,1
1282.75,0
1283.25,1
1284.75,0
1285.0,1
1286.25,0
1286.5,1
1289.25,0
1293.5,1
1293.75,0
1303.0,1
1303.25,0
1303.5,1
1303.75,0
1305.0,1
1308.5,0
1308.75,1
1310.0,0
1310.25,1
1310.5,0
1310.75,1
1311.0,0
1311.25,1
1311.75,0
1312.0,1
1312.75,0
1313.0,1
1313.25,0
1376.75,1
1377.0,0
1377.25,1
1377.75,0
1378.5,1
1379.75,0
1380.5,1
1380.75,0
1381.0,1
1382.75,0
1383.25,1
1385.0,0
1385.75,1
1386.0,0
1401.0,1
1405.5,0
1406.0,1
1406.75,0
1407.0,1
1407.25,0
1407.5,1
1407.75,0
1408.0,1
1408.5,0
1425.0,1
1425.25,0
1426.0,1
1427.75,0
1428.0,1
1428.25,0
1428.75,1
1431.0,0
1431.25,1
1433.0,0
1433.5,1
1433.75,0
1437.75,1
1438.0,0
1448.25,1
1448.5,0
1448.75,1
1449.0,0
1449.25,1
1449.5,0
1449.75,1
1450.0,0
1450.25,1
1450.5,0
1450.75,1
1451.5,0
1451.75,1
1452.25,0
1452.5,1
1455.5,0
1455.75,1
1457.0,0
1459.75,1
1460.0,0
1460.75,1
1461.0,0
1469.75,1
1470.0,0
1470.5,1
1470.75,0
1471.5,1
1471.75,0
1472.25,1
1472.75,0
1473.0,1
1473.5,0
1473.75,1
1476.25,0
1476.5,1
1477.5,0
1478.25,1
1478.75,0
1479.0,1
1479.75,0
1480.0,1
1480.75,0
1484.5,1
1484.75,0
1542.0,1
1542.25,0
1544.5,1
1544.75,0
1545.25,1
1545.5,0
1545.75,1
1546.25,0
1546.5,1
1546.75,0
1547.0,1
1548.0,0
1548.25,1
1548.75,0
1549.25,1
1549.75,0
1550.0,1
1551.5,0
1552.0,1
1552.75,0
1553.0,1
1553.25,0
1559.0,1
1559.25,0
1566.25,1
1566.5,0
1566.75,1
1567.0,0
1567.5,1
1568.0,0
1568.75,1
1569.0,0
1569.25,1
1570.5,0
1570.75,1
1571.0,0
1571.25,1
1573.0,0
1573.25,1
1573.75,0
1574.0,1
1574.25,0
1574.5,1
1575.5,0
1575.75,1
1576.5,0
1576.75,1
1577.0,0
1590.0,1
1590.25,0
1592.5,1
1596.0,0
1596.25,1
1598.25,0
1598.5,1
1599.25,0
1599.5,1
1600.75,0
1605.0,1
1605.25,0
1614.25,1
1614.5,0
1614.75,1
1615.0,0
1617.5,1
1619.0,0
1619.5,1
1620.5,0
1621.0,1
1622.5,0
1622.75,1
1623.5,0
1623.75,1
1624.25,0
1624.5,1
1624.75,0
1625.0,1
1625.25,0
1627.75,1
1628.0,0
1629.25,1
1629.5,0
1641.0,1
1644.0,0
1644.25,1
1645.25,0
1645.5,1
1648.75,0
1649.25,1
1649.5,0
1710.5,1
1710.75,0
1712.5,1
1713.0,0
1713.75,1
1714.25,0
1714.75,1
1717.25,0
1717.75,1
1719.75,0
1720.25,1
1720.75,0
1734.5,1
1735.0,0
1736.25,1
1736.5,0
1737.75,1
1740.25,0
1740.75,1
1741.0,0
1741.25,1
1742.0,0
1742.25,1
1742.5,0
1742.75,1
1743.5,0
1743.75,1
1745.25,0
1760.75,1
1761.0,0
1761.25,1
1761.75,0
1762.0,1
1762.25,0
1762.5,1
1766.25,0
1766.75,1
1769.0,0
1773.25,1
1773.5,0
1785.0,1
1786.5,0
1786.75,1
1789.0,0
1789.25,1
1791.25,0
1791.5,1
1792.5,0
1793.0,1
1793.5,0
1796.25,1
1796.75,0
1808.75,1
1809.75,0
1810.0,1
1812.75,0
1813.25,1
1814.25,0
1814.5,1
1816.25,0
1816.75,1
1817.25,0
1878.0,1
1878.25,0
1879.5,1
1879.75,0
1880.25,1
1880.5,0
1881.0,1
1882.5,0
1882.75,1
1885.0,0
1885.25,1
1887.0,0
1887.5,1
1888.0,0
1888.25,1
1888.5,0
1888.75,1
1889.0,0
1902.5,1
1902.75,0
1905.0,1
1906.75,0
1907.0,1
1907.5,0
1907.75,1
1908.25,0
1908.5,1
1909.0,0
1909.75,1
1911.5,0
1912.25,1
1913.25,0
1926.0,1
1926.25,0
1926.5,1
1926.75,0
1928.75,1
1929.0,0
1929.25,1
1929.5,0
1929.75,1
1931.25,0
1931.75,1
1932.25,0
1933.0,1
1933.25,0
1933.75,1
1935.25,0
1935.5,1
1936.25,0
1936.75,1
1937.0,0
1937.25,1
1937.5,0
1953.25,1
1956.25,0
1956.75,1
1957.75,0
1958.0,1
1958.5,0
1959.0,1
1959.5,0
1959.75,1
1961.25,0
1974.5,1
1974.75,0
1977.0,1
1977.25,0
1977.75,1
1978.75,0
1979.0,1
1979.25,0
1979.5,1
1981.5,0
1982.0,1
1984.25,0
1984.5,1
1984.75,0
1985.0,1
1985.25,0
1985.5,1
1985.75,0
1989.0,1
1989.25,0
2046.75,1
2047.0,0
2048.5,1
2048.75,0
2049.0,1
2049.25,0
2049.5,1
2049.75,0
2050.0,1
2051.75,0
2052.0,1
2052.25,0
2052.5,1
2053.0,0
2053.25,1
2053.5,0
2054.0,1
2054.25,0
2055.0,1
2056.5,0
2056.75,1
2057.5,0
2061.0,1
2061.25,0
2070.5,1
2070.75,0
2071.5,1
2071.75,0
2073.0,1
2074.25,0
2074.5,1
2076.0,0
2076.75,1
2077.5,0
2077.75,1
2080.5,0
2081.0,1
2081.25,0
2085.5,1
2085.75,0
2094.0,1
2094.25,0
2097.0,1
2097.25,0
2097.5,1
2099.25,0
2099.75,1
2100.0,0
2100.25,1
2101.0,0
2101.5,1
2102.25,0
2102.5,1
2105.0,0
2120.75,1
2121.75,0
2122.0,1
2123.0,0
2123.25,1
2124.25,0
2124.5,1
2126.25,0
2126.5,1
2127.0,0
2127.25,1
2129.5,0
2142.5,1
2142.75,0
2145.25,1
2146.5,0
2146.75,1
2148.0,0
2148.25,1
2149.5,0
2149.75,1
2151.0,0
2151.5,1
2152.25,0
2152.5,1
2153.0,0
2153.5,1
2153.75,0
2157.0,1
2157.25,0
2214.5,1
2214.75,0
2215.75,1
2216.0,0
2216.5,1
2216.75,0
2217.0,1
2218.75,0
2219.0,1
2219.25,0
2219.5,1
2220.0,0
2220.25,1
2220.5,0
2220.75,1
2221.0,0
2221.25,1
2223.25,0
2223.75,1
2224.5,0
2224.75,1
2225.0,0
2225.5,1
2225.75,0
2238.75,1
2239.0,0
2241.0,1
2242.75,0
2243.0,1
2243.25,0
2243.5,1
2244.25,0
2244.5,1
2245.25,0
2245.5,1
2245.75,0
2246.0,1
2248.25,0
2249.0,1
2249.25,0
2249.5,1
2250.0,0
2262.75,1
2263.0,0
2264.75,1
2265.0,0
2265.5,1
2265.75,0
2266.0,1
2267.5,0
2267.75,1
2269.0,0
2269.75,1
2270.0,0
2270.75,1
2271.0,0
2271.25,1
2272.0,0
2272.5,1
2273.0,0
2273.25,1
2273.5,0
2275.75,1
2276.0,0
2276.5,1
2276.75,0
2286.25,1
2286.5,0
2287.0,1
2287.25,0
2289.25,1
2289.5,0
2290.0,1
2290.75,0
2291.0,1
2291.5,0
2291.75,1
2292.25,0
2292.5,1
2295.0,0
2295.25,1
2295.5,0
2295.75,1
2296.0,0
2296.25,1
2296.5,0
2296.75,1
2297.5,0
2310.5,1
2311.0,0
2311.75,1
2312.0,0
2313.0,1
2313.5,0
2313.75,1
2318.0,0
2318.5,1
2318.75,0
2319.5,1
2320.25,0
2320.5,1
2321.0,0
2321.25,1
2321.5,0
2384.5,1
2384.75,0
2385.0,1
2385.25,0
2385.5,1
2385.75,0
2386.0,1
2386.5,0
2387.0,1
2387.75,0
2388.0,1
2388.5,0
2388.75,1
2389.25,0
2389.5,1
2390.0,0
2390.25,1
2390.5,0
2390.75,1
2391.0,0
2391.5,1
2392.75,0
2393.0,1
2393.25,0
2398.25,1
2398.75,0
2408.5,1
2409.0,0
2409.25,1
2410.25,0
2410.5,1
2411.5,0
2411.75,1
2415.25,0
2416.25,1
2416.5,0
2430.5,1
2430.75,0
2432.5,1
2432.75,0
2433.25,1
2433.75,0
2434.0,1
2434.25,0
2434.5,1
2435.0,0
2435.25,1
2436.0,0
2436.25,1
2437.5,0
2438.0,1
2438.25,0
2438.5,1
2440.5,0
2441.0,1
2441.25,0
2455.25,1
2456.0,0
2457.25,1
2459.75,0
2460.75,1
2463.0,0
2463.25,1
2464.0,0
2464.5,1
2464.75,0
2465.5,1
2465.75,0
2478.75,1
2479.0,0
2481.25,1
2481.5,0
2481.75,1
2484.75,0
2485.0,1
2485.5,0
2485.75,1
2486.75,0
2487.0,1
2488.5,0
2489.0,1
2489.5,0
2550.75,1
2551.0,0
2551.75,1
2552.0,0
2552.75,1
2556.75,0
2557.0,1
2558.25,0
2559.0,1
2559.75,0
2560.75,1
2561.0,0
2561.5,1
2561.75,0
2565.25,1
2565.5,0
2574.5,1
2575.0,0
2575.75,1
2576.0,0
2577.0,1
2578.0,0
2578.5,1
2579.75,0
2580.0,1
2580.5,0
2580.75,1
2581.5,0
2581.75,1
2582.5,0
2582.75,1
2583.0,0
2583.25,1
2583.5,0
2583.75,1
2584.75,0
2585.0,1
2585.5,0
2598.75,1
2599.0,0
2600.5,1
2600.75,0
2601.0,1
2601.75,0
2602.0,1
2602.5,0
2602.75,1
2603.25,0
2603.5,1
2604.0,0
2604.25,1
2604.75,0
2605.0,1
2605.25,0
2605.5,1
2609.25,0
2622.5,1
2622.75,0
2623.5,1
2623.75,0
2624.0,1
2624.25,0
2624.75,1
2625.0,0
2625.75,1
2628.0,0
2628.25,1
2629.25,0
2629.75,1
2630.0,0
2630.5,1
2630.75,0
2631.0,1
2632.5,0
2645.75,1
2646.0,0
2646.25,1
2646.5,0
2648.25,1
2648.5,0
2648.75,1
2649.25,0
2649.5,1
2649.75,0
2650.25,1
2652.0,0
2652.25,1
2653.25,0
2653.75,1
2654.0,0
2654.25,1
2657.0,0
2718.0,1
2718.25,0
2721.0,1
2721.5,0
2721.75,1
2722.25,0
2722.75,1
2723.5,0
2723.75,1
2724.25,0
2724.5,1
2726.75,0
2728.0,1
2728.75,0
2729.0,1
2729.25,0
2729.5,1
2730.0,0
2733.5,1
2733.75,0
2742.25,1
2742.5,0
2744.5,1
2744.75,0
2745.0,1
2745.25,0
2745.5,1
2746.25,0
2746.5,1
2746.75,0
2747.0,1
2747.5,0
2747.75,1
2749.25,0
2749.5,1
2750.25,0
2750.5,1
2752.5,0
2766.5,1
2766.75,0
2767.25,1
2767.5,0
2768.25,1
2770.5,0
2770.75,1
2771.5,0
2772.25,1
2773.75,0
2774.25,1
2776.25,0
2776.5,1
2777.25,0
2792.5,1
2792.75,0
2793.0,1
2793.25,0
2793.5,1
2795.0,0
2795.25,1
2796.0,0
2796.25,1
2796.75,0
2797.0,1
2799.5,0
2800.0,1
2800.75,0
2801.5,1
2801.75,0
2813.75,1
2814.0,0
2814.5,1
2814.75,0
2816.0,1
2816.25,0
2816.5,1
2816.75,0
2817.5,1
2817.75,0
2818.0,1
2819.0,0
2819.25,1
2819.75,0
2820.0,1
2821.25,0
2821.75,1
2824.5,0
2886.25,1
2886.5,0
2889.25,1
2890.5,0
2890.75,1
2893.25,0
2893.5,1
2894.25,0
2894.5,1
2895.25,0
2895.5,1
2896.75,0
2897.5,1
2898.0,0
2900.25,1
2900.5,0
2901.0,1
2901.25,0
2912.0,1
2912.25,0
2912.5,1
2912.75,0
2913.25,1
2913.75,0
2914.0,1
2915.5,0
2915.75,1
2916.0,0
2916.25,1
2921.0,0
2935.5,1
2935.75,0
2937.0,1
2937.25,0
2937.5,1
2938.25,0
2938.5,1
2940.0,0
2941.0,1
2942.0,0
2942.25,1
2942.5,0
2942.75,1
2943.0,0
2943.25,1
2944.25,0
2944.5,1
2944.75,0
2959.5,1
2959.75,0
2960.0,1
2960.25,0
2961.0,1
2961.5,0
2961.75,1
2963.25,0
2963.5,1
2964.0,0
2964.25,1
2965.75,0
2966.0,1
2967.5,0
2967.75,1
2968.75,0
2981.75,1
2982.0,0
2982.75,1
2983.0,0
2984.25,1
2984.5,0
2985.0,1
2987.75,0
2988.0,1
2989.0,0
2989.25,1
2989.5,0
2989.75,1
2990.0,0
2990.25,1
2990.75,0
2991.0,1
2992.75,0
2993.0,1
2993.25,0
2996.75,1
2997.25,0
2997.5,1
2997.75,0
3054.25,1
3054.5,0
3054.75,1
3055.0,0
3055.25,1
3055.5,0
3057.0,1
3057.25,0
3057.5,1
3057.75,0
3058.0,1
3062.25,0
3062.75,1
3064.75,0
3068.0,1
3068.25,0
3080.25,1
3081.0,0
3081.25,1
3083.0,0
3083.25,1
3083.5,0
3083.75,1
3084.5,0
3084.75,1
3085.5,0
3086.0,1
3086.25,0
3086.5,1
3089.25,0
3093.0,1
3093.25,0
3104.75,1
3105.0,0
3105.75,1
3106.5,0
3106.75,1
3107.75,0
3108.0,1
3108.25,0
3108.5,1
3110.25,0
3110.5,1
3111.5,0
3111.75,1
3112.0,0
3112.25,1
3113.25,0
3116.75,1
3117.0,0
3117.5,1
3118.0,0
3127.0,1
3127.25,0
3128.75,1
3129.0,0
3129.25,1
3130.75,0
3131.25,1
3131.75,0
3132.25,1
3133.25,0
3133.5,1
3134.0,0
3134.25,1
3134.5,0
3135.0,1
3136.75,0
3140.0,1
3140.25,0
3150.75,1
3151.25,0
3152.0,1
3152.25,0
3152.5,1
3152.75,0
3153.0,1
3155.75,0
3156.0,1
3156.25,0
3156.5,1
3157.25,0
3157.5,1
3157.75,0
3158.0,1
3159.75,0
3160.0,1
3160.75,0
3161.0,1
3161.25,0
3224.5,1
3224.75,0
3225.0,1
3225.25,0
3225.5,1
3226.0,0
3226.25,1
3226.5,0
3226.75,1
3227.5,0
3227.75,1
3230.5,0
3231.0,1
3231.5,0
3231.75,1
3232.0,0
3232.25,1
3233.25,0
3245.75,1
3246.0,0
3248.25,1
3248.5,0
3249.25,1
3249.5,0
3249.75,1
3250.0,0
3250.25,1
3251.25,0
3251.5,1
3251.75,0
3252.0,1
3252.25,0
3252.75,1
3253.75,0
3254.0,1
3254.5,0
3255.25,1
3256.0,0
3256.25,1
3257.0,0
3270.75,1
3271.25,0
3272.75,1
3273.75,0
3274.0,1
3275.0,0
3275.25,1
3276.0,0
3276.25,1
3277.25,0
3277.5,1
3278.0,0
3279.25,1
3280.25,0
3280.5,1
3281.25,0
3284.25,1
3284.5,0
3295.75,1
3296.0,0
3296.75,1
3297.5,0
3297.75,1
3298.25,0
3298.5,1
3301.0,0
3301.25,1
3301.75,0
3302.75,1
3303.5,0
3303.75,1
3304.75,0
3305.25,1
3305.5,0
3318.25,1
3318.75,0
3319.0,1
3319.25,0
3320.5,1
3320.75,0
3321.0,1
3321.25,0
3321.5,1
3321.75,0
3322.0,1
3323.75,0
3324.0,1
3324.75,0
3325.25,1
3325.75,0
3326.0,1
3328.25,0
3328.5,1
3329.0,0
3329.5,1
3330.0,0
3332.75,1
3333.0,0
3391.25,1
3392.0,0
3393.25,1
3393.5,0
3393.75,1
3397.5,0
3397.75,1
3400.5,0
3401.0,1
3401.25,0
3414.0,1
3414.25,0
3416.75,1
3417.0,0
3417.75,1
3418.0,0
3418.75,1
3419.0,0
3419.25,1
3420.0,0
3420.25,1
3421.0,0
3421.25,1
3421.5,0
3421.75,1
3422.0,0
3422.25,1
3425.25,0
3441.5,1
3441.75,0
3442.0,1
3442.75,0
3443.0,1
3443.75,0
3444.25,1
3444.5,0
3445.0,1
3446.75,0
3447.25,1
3448.0,0
3448.25,1
3449.0,0
3463.25,1
3464.0,0
3465.0,1
3466.0,0
3466.25,1
3468.0,0
3468.25,1
3469.0,0
3469.25,1
3469.75,0
3470.0,1
3470.25,0
3470.75,1
3471.25,0
3471.5,1
3472.5,0
3472.75,1
3473.0,0
3473.75,1
3474.0,0
3486.5,1
3486.75,0
3488.75,1
3489.0,0
3489.5,1
3490.25,0
3490.5,1
3491.5,0
3491.75,1
3492.25,0
3492.75,1
3493.5,0
3494.25,1
3494.75,0
3495.0,1
3496.0,0
3496.25,1
3497.25,0
3497.5,1
3497.75,0
3499.75,1
3500.0,0
3558.5,1
3559.0,0
3559.25,1
3559.5,0
3560.5,1
3560.75,0
3561.25,1
3561.5,0
3562.0,1
3562.75,0
3563.0,1
3563.75,0
3564.0,1
3564.25,0
3565.0,1
3566.25,0
3566.5,1
3568.0,0
3568.5,1
3568.75,0
3569.0,1
3569.25,0
3608.5,1
3609.75,0
3610.0,1
3612.0,0
3612.25,1
3612.75,0
3613.0,1
3613.25,0
3613.5,1
3614.0,0
3614.25,1
3614.75,0
3615.0,1
3615.75,0
3616.0,1
3617.0,0
3621.0,1
3621.25,0
3632.75,1
3633.25,0
3633.5,1
3634.0,0
3634.25,1
3635.75,0
3636.25,1
3636.75,0
3637.25,1
3637.75,0
3638.0,1
3639.25,0
3639.5,1
3641.0,0
3646.75,1
3647.0,0
3656.25,1
3657.0,0
3657.25,1
3658.0,0
3658.25,1
3659.25,0
3659.5,1
3660.75,0
3661.25,1
3661.75,0
3662.25,1
3664.75,0
3665.0,1
3665.25,0
3668.5,1
3668.75,0
3728.75,1
3729.75,0
3730.0,1
3732.75,0
3733.0,1
3734.5,0
3734.75,1
3735.5,0
3735.75,1
3736.75,0
3737.25,1
3737.5,0
3740.0,1
3740.25,0
3750.25,1
3750.75,0
3753.25,1
3754.25,0
3754.5,1
3754.75,0
3755.0,1
3756.0,0
3756.25,1
3757.75,0
3758.0,1
3759.0,0
3759.25,1
3759.75,0
3760.25,1
3760.75,0
3761.0,1
3761.25,0
3777.0,1
3777.75,0
3778.0,1
3778.75,0
3779.0,1
3783.25,0
3783.5,1
3785.0,0
3785.25,1
3785.5,0
3788.75,1
3789.0,0
3798.5,1
3798.75,0
3800.25,1
3800.5,0
3801.0,1
3801.25,0
3801.5,1
3802.0,0
3802.25,1
3803.0,0
3803.25,1
3805.5,0
3805.75,1
3806.0,0
3806.5,1
3807.5,0
3807.75,1
3808.0,0
3808.25,1
3809.0,0
3813.5,1
3813.75,0
3822.75,1
3823.0,0
3824.25,1
3824.5,0
3824.75,1
3825.0,0
3825.25,1
3829.5,0
3830.0,1
3831.75,0
3832.25,1
3833.0,0
3833.75,1
3834.0,0
3838.25,1
3838.5,0
3838.75,1
3839.0,0
3895.75,1
3896.25,0
3896.75,1
3897.0,0
3897.25,1
3897.5,0
3897.75,1
3900.0,0
3900.25,1
3902.25,0
3902.5,1
3903.5,0
3904.0,1
3904.5,0
3904.75,1
3905.0,0
3909.5,1
3909.75,0
3918.25,1
3918.5,0
3921.0,1
3923.75,0
3924.25,1
3925.0,0
3925.25,1
3926.25,0
3926.5,1
3928.25,0
3928.5,1
3928.75,0
3929.0,1
3929.25,0
3933.25,1
3933.5,0
3945.5,1
3947.0,0
3947.5,1
3948.0,0
3948.75,1
3951.25,0
3951.5,1
3952.5,0
3952.75,1
3953.25,0
3969.0,1
3969.25,0
3969.5,1
3970.5,0
3970.75,1
3971.25,0
3971.75,1
3972.25,0
3972.5,1
3973.0,0
3973.25,1
3976.25,0
3976.5,1
3976.75,0
3980.5,1
3980.75,0
3993.5,1
3995.25,0
3995.5,1
3995.75,0
3996.0,1
3997.25,0
3997.5,1
3998.0,0
3998.25,1
3999.5,0
3999.75,1
4000.25,0
4000.5,1
4000.75,0
4001.25,1
4001.5,0
4062.75,1
4063.0,0
4064.75,1
4066.0,0
4066.25,1
4066.5,0
4066.75,1
4067.0,0
4067.25,1
4069.25,0
4069.5,1
4070.25,0
4070.5,1
4071.0,0
4071.25,1
4071.75,0
4072.0,1
4072.5,0
4072.75,1
4073.25,0
4077.5,1
4077.75,0
4086.75,1
4087.0,0
4088.75,1
4092.25,0
4092.5,1
4092.75,0
4093.0,1
4093.25,0
4093.75,1
4094.0,0
4094.25,1
4094.75,0
4095.0,1
4095.25,0
4095.5,1
4096.5,0
4096.75,1
4097.25,0
4100.75,1
4101.0,0
4101.25,1
4101.5,0
4102.25,1
4102.5,0
4111.0,1
4111.25,0
4112.75,1
4113.25,0
4113.5,1
4115.5,0
4115.75,1
4116.5,0
4116.75,1
4117.75,0
4118.0,1
4120.75,0
4121.0,1
4121.75,0
4125.75,1
4126.0,0
4134.5,1
4134.75,0
4135.0,1
4135.25,0
4136.75,1
4137.25,0
4137.5,1
4139.0,0
4139.25,1
4140.0,0
4140.25,1
4141.25,0
4141.75,1
4142.0,0
4142.5,1
4143.0,0
4143.25,1
4144.0,0
4144.25,1
4145.25,0
4147.25,1
4147.5,0
4148.5,1
4148.75,0
4149.5,1
4149.75,0
4161.0,1
4162.0,0
4162.25,1
4163.0,0
4163.5,1
4163.75,0
4164.0,1
4164.75,0
4165.25,1
4166.5,0
4166.75,1
4169.25,0
4232.0,1
4232.25,0
4232.5,1
4232.75,0
4233.25,1
4234.0,0
4234.25,1
4238.25,0
4238.5,1
4238.75,0
4239.25,1
4240.0,0
4240.5,1
4240.75,0
4241.0,1
4241.5,0
4257.25,1
4259.75,0
4260.0,1
4261.25,0
4261.5,1
4264.5,0
4265.25,1
4265.5,0
4279.0,1
4279.25,0
4280.0,1
4281.0,0
4282.0,1
4284.0,0
4284.25,1
4285.25,0
4285.5,1
4287.0,0
4287.5,1
4288.25,0
4288.5,1
4288.75,0
4289.25,1
4289.5,0
4293.5,1
4293.75,0
4303.5,1
4303.75,0
4304.25,1
4304.75,0
4305.25,1
4306.5,0
4307.25,1
4309.25,0
4309.75,1
4313.25,0
4326.75,1
4327.0,0
4328.75,1
4329.0,0
4330.0,1
4332.25,0
4332.5,1
4332.75,0
4333.0,1
4333.75,0
4334.25,1
4334.75,0
4335.25,1
4336.25,0
4336.75,1
4337.5,0
4340.5,1
4340.75,0
4343.0,1
4343.25,0
4400.5,1
4400.75,0
4401.25,1
4403.0,0
4403.5,1
4404.75,0
4405.0,1
4405.25,0
4405.5,1
4405.75,0
4406.0,1
4407.25,0
4407.5,1
4408.0,0
4408.25,1
4408.5,0
4408.75,1
4409.0,0
4412.75,1
4413.0,0
4446.75,1
4447.0,0
4448.5,1
4451.25,0
4451.5,1
4452.0,0
4452.25,1
4452.5,0
4452.75,1
4455.0,0
4455.5,1
4457.0,0
4461.75,1
4462.0,0
4470.5,1
4470.75,0
4473.0,1
4473.75,0
4474.0,1
4475.0,0
4475.25,1
4475.75,0
4476.0,1
4476.5,0
4477.5,1
4477.75,0
4478.0,1
4478.5,0
4478.75,1
4481.25,0
4481.5,1
4481.75,0
4494.5,1
4494.75,0
4496.0,1
4496.25,0
4496.75,1
4497.0,0
4497.25,1
4497.5,0
4497.75,1
4498.0,0
4498.5,1
4499.0,0
4499.5,1
4500.0,0
4500.25,1
4501.5,0
4501.75,1
4503.0,0
4503.25,1
4505.0,0
4505.25,1
4505.5,0
4505.75,1
4506.0,0
4568.75,1
4569.0,0
4569.25,1
4570.25,0
4570.5,1
4572.0,0
4572.25,1
4572.75,0
4573.0,1
4574.0,0
4574.5,1
4576.25,0
4576.5,1
4577.0,0
4591.5,1
4591.75,0
4593.0,1
4596.0,0
4596.75,1
4598.0,0
4598.25,1
4599.75,0
4600.0,1
4600.5,0
4600.75,1
4601.0,0
4617.0,1
4618.5,0
4618.75,1
4619.75,0
4620.0,1
4620.25,0
4620.5,1
4622.75,0
4623.0,1
4625.25,0
4625.5,1
4625.75,0
4629.0,1
4629.25,0
4637.75,1
4638.0,0
4641.0,1
4641.25,0
4641.75,1
4642.5,0
4642.75,1
4643.0,0
4643.25,1
4644.0,0
4644.25,1
4644.75,0
4645.0,1
4646.75,0
4647.0,1
4647.25,0
4647.5,1
4648.0,0
4648.5,1
4649.25,0
4651.0,1
4651.25,0
4662.5,1
4662.75,0
4664.5,1
4665.0,0
4665.25,1
4665.5,0
4665.75,1
4667.75,0
4668.0,1
4669.0,0
4669.25,1
4669.5,0
4669.75,1
4670.5,0
4670.75,1
4671.0,0
4671.25,1
4673.0,0
4677.5,1
4677.75,0
4734.5,1
4735.0,0
4737.25,1
4737.5,0
4737.75,1
4740.0,0
4740.75,1
4741.25,0
4742.25,1
4742.75,0
4743.0,1
4743.75,0
4744.25,1
4745.25,0
4748.75,1
4749.0,0
4758.0,1
4758.5,0
4761.0,1
4761.25,0
4761.75,1
4762.25,0
4762.75,1
4763.0,0
4763.25,1
4764.0,0
4764.25,1
4765.25,0
4765.5,1
4766.25,0
4766.5,1
4768.5,0
4768.75,1
4769.25,0
4769.5,1
4769.75,0
4785.0,1
4785.5,0
4785.75,1
4787.5,0
4787.75,1
4788.25,0
4788.5,1
4789.0,0
4789.25,1
4789.75,0
4790.25,1
4793.25,0
4807.5,1
4807.75,0
4808.25,1
4808.5,0
4809.0,1
4811.25,0
4811.5,1
4812.5,0
4812.75,1
4813.0,0
4813.25,1
4813.5,0
4814.0,1
4814.25,0
4814.5,1
4815.5,0
4816.0,1
4816.75,0
4817.0,1
4818.0,0
4820.5,1
4820.75,0
4821.0,1
4821.25,0
4830.25,1
4830.5,0
4832.5,1
4833.0,0
4833.25,1
4834.25,0
4834.75,1
4835.75,0
4836.0,1
4839.25,0
4839.5,1
4840.0,0
4840.25,1
4840.5,0
4904.25,1
4904.5,0
4904.75,1
4905.0,0
4905.5,1
4907.5,0
4907.75,1
4909.0,0
4909.25,1
4909.75,0
4910.0,1
4912.0,0
4912.25,1
4912.5,0
4912.75,1
4913.25,0
4926.75,1
4927.0,0
4927.25,1
4927.5,0
4928.75,1
4929.0,0
4929.5,1
4933.75,0
4934.0,1
4936.25,0
4936.5,1
4937.0,0
4951.0,1
4951.25,0
4953.25,1
4956.5,0
4956.75,1
4958.25,0
4958.5,1
4959.0,0
4959.25,1
4961.25,0
4964.75,1
4965.0,0
4965.25,1
4965.5,0
4976.25,1
4976.5,0
4976.75,1
4977.25,0
4977.5,1
4977.75,0
4978.0,1
4979.0,0
4979.25,1
4982.0,0
4982.25,1
4982.75,0
4983.0,1
4984.25,0
4984.5,1
4985.25,0
4988.75,1
4989.0,0
4997.75,1
4998.0,0
4999.25,1
4999.75,0
5001.25,1
5001.5,0
5001.75,1
5002.0,0
5002.25,1
5003.75,0
5004.0,1
5004.25,0
5004.5,1
5004.75,0
5005.0,1
5005.5,0
5005.75,1
5006.75,0
5007.0,1
5008.0,0
5008.25,1
5009.0,0
5070.5,1
5070.75,0
5072.5,1
5073.0,0
5073.25,1
5073.5,0
5073.75,1
5076.0,0
5076.25,1
5077.5,0
5078.0,1
5079.0,0
5079.25,1
5079.75,0
5080.0,1
5080.75,0
5081.25,1
5081.5,0
5085.25,1
5085.5,0
5094.0,1
5094.5,0
5095.5,1
5096.0,0
5096.5,1
5096.75,0
5097.0,1
5097.25,0
5097.75,1
5098.0,0
5098.25,1
5098.75,0
5099.0,1
5099.25,0
5099.5,1
5100.5,0
5101.0,1
5102.5,0
5102.75,1
5104.75,0
5105.0,1
5105.5,0
5105.75,1
5106.0,0
5109.0,1
5109.25,0
5110.5,1
5110.75,0
5119.75,1
5120.0,0
5121.5,1
5122.75,0
5123.0,1
5123.25,0
5123.5,1
5123.75,0
5124.0,1
5124.25,0
5124.5,1
5126.0,0
5126.25,1
5128.25,0
5128.5,1
5129.0,0
5129.25,1
5129.5,0
5130.0,1
5130.25,0
5144.25,1
5144.5,0
5145.5,1
5149.5,0
5149.75,1
5150.0,0
5150.25,1
5150.5,0
5150.75,1
5151.5,0
5151.75,1
5152.5,0
5152.75,1
5153.0,0
5153.25,1
5153.5,0
5169.0,1
5173.75,0
5174.0,1
5177.25,0
5177.5,1
5177.75,0
5178.0,1
5178.25,0
5180.5,1
5180.75,0
5239.75,1
5240.0,0
5241.25,1
5241.5,0
5241.75,1
5242.25,0
5242.5,1
5242.75,0
5243.0,1
5244.25,0
5244.5,1
5245.0,0
5245.25,1
5245.5,0
5246.0,1
5246.5,0
5246.75,1
5248.75,0
5253.25,1
5253.5,0
5261.75,1
5262.0,0
5262.5,1
5262.75,0
5265.0,1
5265.5,0
5265.75,1
5266.5,0
5266.75,1
5267.5,0
5268.0,1
5272.5,0
5277.75,1
5278.0,0
5287.5,1
5287.75,0
5289.25,1
5290.0,0
5290.25,1
5292.25,0
5292.5,1
5292.75,0
5293.25,1
5294.0,0
5294.25,1
5294.5,0
5294.75,1
5297.0,0
5297.25,1
5297.5,0
5312.75,1
5313.0,0
5313.5,1
5314.0,0
5314.25,1
5317.25,0
5317.75,1
5320.75,0
5321.25,1
5321.5,0
5335.5,1
5335.75,0
5337.0,1
5337.5,0
5338.25,1
5340.5,0
5341.0,1
5342.75,0
5343.0,1
5345.25,0
5345.5,1
5345.75,0
5349.25,1
5349.5,0
5408.25,1
5408.5,0
5408.75,1
5409.0,0
5409.5,1
5410.25,0
5410.5,1
5411.75,0
5412.0,1
5413.0,0
5413.25,1
5415.5,0
5415.75,1
5416.5,0
5417.0,1
5417.25,0
5421.75,1
5422.0,0
5422.5,1
5422.75,0
5431.25,1
5431.5,0
5431.75,1
5432.0,0
5432.75,1
5433.0,0
5433.25,1
5433.5,0
5433.75,1
5436.5,0
5436.75,1
5437.25,0
5437.5,1
5438.0,0
5438.5,1
5441.25,0
5441.5,1
5441.75,0
5445.75,1
5446.0,0
5457.0,1
5457.75,0
5458.0,1
5458.25,0
5458.5,1
5460.0,0
5460.25,1
5460.75,0
5462.0,1
5462.25,0
5462.75,1
5463.75,0
5464.0,1
5464.25,0
5464.5,1
5465.0,0
5481.5,1
5482.5,0
5482.75,1
5483.5,0
5484.0,1
5484.25,0
5484.5,1
5484.75,0
5485.0,1
5485.75,0
5486.0,1
5487.5,0
5487.75,1
5488.25,0
5488.5,1
5489.0,0
5502.0,1
5502.25,0
5503.5,1
5503.75,0
5504.75,1
5506.5,0
5506.75,1
5507.0,0
5507.25,1
5507.75,0
5508.0,1
5508.5,0
5508.75,1
5509.0,0
5509.5,1
5510.25,0
5510.5,1
5511.0,0
5511.25,1
5512.25,0
5512.5,1
5513.5,0
5516.5,1
5516.75,0
5575.0,1
5575.25,0
5576.0,1
5576.25,0
5577.25,1
5577.75,0
5578.0,1
5578.75,0
5579.0,1
5580.5,0
5581.0,1
5581.75,0
5582.0,1
5583.25,0
5584.5,1
5585.25,0
5588.75,1
5589.0,0
5600.5,1
5602.75,0
5603.5,1
5604.5,0
5604.75,1
5605.5,0
5605.75,1
5608.0,0
5608.25,1
5609.25,0
5623.5,1
5623.75,0
5624.25,1
5624.5,0
5625.0,1
5625.5,0
5625.75,1
5626.25,0
5626.5,1
5627.75,0
5628.0,1
5628.25,0
5628.5,1
5628.75,0
5629.0,1
5629.25,0
5629.75,1
5630.5,0
5630.75,1
5631.0,0
5631.25,1
5633.0,0
5637.0,1
5637.25,0
5645.0,1
5645.5,0
5646.0,1
5646.25,0
5648.5,1
5648.75,0
5649.0,1
5650.0,0
5650.25,1
5655.0,0
5655.25,1
5656.25,0
5656.5,1
5657.0,0
5662.0,1
5662.25,0
5670.25,1
5670.5,0
5671.5,1
5671.75,0
5673.25,1
5676.0,0
5676.25,1
5676.75,0
5677.0,1
5678.0,0
5678.25,1
5678.5,0
5678.75,1
5680.5,0
5680.75,1
5681.0,0
5681.25,1
5681.5,0
5681.75,1
5682.0,0
5745.0,1
5746.0,0
5746.5,1
5747.25,0
5747.5,1
5747.75,0
5748.0,1
5748.25,0
5748.5,1
5750.75,0
5751.0,1
5751.25,0
5751.5,1
5751.75,0
5752.25,1
5753.0,0
5753.75,1
5754.0,0
5768.25,1
5768.5,0
5768.75,1
5769.0,0
5769.5,1
5769.75,0
5770.0,1
5772.5,0
5772.75,1
5773.5,0
5773.75,1
5774.0,0
5774.25,1
5775.75,0
5776.0,1
5776.5,0
5776.75,1
5777.0,0
5790.5,1
5790.75,0
5791.0,1
5791.25,0
5792.75,1
5793.25,0
5793.75,1
5795.75,0
5797.0,1
5800.25,0
5800.5,1
5801.25,0
5817.25,1
5818.25,0
5818.5,1
5820.75,0
5821.0,1
5821.25,0
5821.75,1
5822.0,0
5822.25,1
5822.5,0
5822.75,1
5823.0,0
5823.25,1
5823.75,0
5824.0,1
5825.0,0
5838.75,1
5839.0,0
5841.25,1
5841.75,0
5842.0,1
5842.5,0
5843.0,1
5843.5,0
5843.75,1
5844.25,0
5844.5,1
5848.25,0
5848.5,1
5848.75,0
5849.0,1
5849.5,0
5852.75,1
5853.25,0
5909.5,1
5910.0,0
5911.0,1
5911.25,0
5912.25,1
5914.0,0
5914.25,1
5915.0,0
5915.25,1
5916.5,0
5916.75,1
5917.0,0
5917.25,1
5917.5,0
5918.0,1
5919.75,0
5920.0,1
5921.0,0
5925.75,1
5926.0,0
5960.75,1
5961.25,0
5961.5,1
5962.0,0
5963.0,1
5963.25,0
5963.5,1
5964.25,0
5964.5,1
5965.25,0
5965.5,1
5969.0,0
5969.5,1
5969.75,0
5984.25,1
5984.5,0
5984.75,1
5985.0,0
5985.25,1
5985.5,0
5985.75,1
5986.5,0
5986.75,1
5987.5,0
5987.75,1
5990.25,0
5990.5,1
5991.25,0
5991.5,1
5992.25,0
5992.5,1
5993.25,0
6007.5,1
6007.75,0
6009.75,1
6010.0,0
6010.5,1
6011.75,0
6012.0,1
6012.5,0
6012.75,1
6014.5,0
6014.75,1
6015.75,0
6016.0,1
6017.0,0
6021.5,1
6021.75,0
6078.0,1
6078.5,0
6079.0,1
6079.5,0
6079.75,1
6080.0,0
6080.5,1
6080.75,0
6081.5,1
6082.0,0
6082.25,1
6083.25,0
6083.5,1
6083.75,0
6084.0,1
6087.0,0
6087.25,1
6088.0,0
6088.25,1
6088.75,0
6089.0,1
6089.25,0
6104.5,1
6104.75,0
6105.0,1
6105.5,0
6105.75,1
6107.75,0
6108.0,1
6108.75,0
6109.0,1
6110.0,0
6110.25,1
6110.5,0
6110.75,1
6111.25,0
6111.75,1
6113.0,0
6113.25,1
6113.5,0
6129.75,1
6130.25,0
6130.5,1
6132.75,0
6133.0,1
6133.75,0
6134.0,1
6134.5,0
6134.75,1
6136.0,0
6136.25,1
6137.5,0
6151.5,1
6152.0,0
6153.5,1
6158.5,0
6158.75,1
6160.5,0
6160.75,1
6161.5,0
6164.75,1
6165.0,0
6174.25,1
6174.5,0
6174.75,1
6175.25,0
6176.5,1
6176.75,0
6177.0,1
6177.25,0
6177.5,1
6181.0,0
6181.5,1
6183.0,0
6183.5,1
6183.75,0
6184.0,1
6184.5,0
6185.0,1
6185.25,0
6185.5,1
6185.75,0
6248.75,1
6249.0,0
6249.5,1
6250.0,0
6250.25,1
6250.5,0
6250.75,1
6251.5,0
6252.0,1
6252.25,0
6252.5,1
6253.25,0
6253.5,1
6254.0,0
6254.25,1
6254.5,0
6255.25,1
6256.75,0
6257.25,1
6257.75,0
6272.25,1
6272.75,0
6273.0,1
6273.25,0
6273.5,1
6275.0,0
6275.25,1
6276.25,0
6276.5,1
6277.25,0
6277.5,1
6277.75,0
6278.25,1
6279.5,0
6279.75,1
6281.0,0
6281.25,1
6281.5,0
6294.75,1
6295.0,0
6296.5,1
6296.75,0
6297.75,1
6300.25,0
6300.5,1
6303.75,0
6304.25,1
6304.75,0
6305.0,1
6305.5,0
6318.25,1
6318.75,0
6319.25,1
6319.5,0
6321.0,1
6321.25,0
6321.5,1
6321.75,0
6322.0,1
6322.5,0
6322.75,1
6323.75,0
6324.0,1
6324.5,0
6324.75,1
6325.0,0
6325.25,1
6327.5,0
6327.75,1
6328.75,0
6342.75,1
6343.0,0
6344.75,1
6345.75,0
6346.0,1
6347.5,0
6347.75,1
6349.75,0
6350.25,1
6350.5,0
6350.75,1
6352.25,0
6352.75,1
6353.0,0
6416.75,1
6417.0,0
6417.25,1
6417.75,0
6418.0,1
6418.5,0
6418.75,1
6419.25,0
6419.75,1
6420.0,0
6420.75,1
6421.5,0
6421.75,1
6422.0,0
6422.25,1
6423.0,0
6423.25,1
6424.0,0
6424.5,1
6425.0,0
6425.25,1
6425.5,0
6428.5,1
6428.75,0
6439.5,1
6440.0,0
6441.0,1
6441.5,0
6441.75,1
6442.0,0
6442.25,1
6442.75,0
6443.0,1
6444.5,0
6445.25,1
6445.5,0
6445.75,1
6446.5,0
6446.75,1
6447.0,0
6447.75,1
6448.25,0
6448.75,1
6449.25,0
6452.5,1
6452.75,0
6454.25,1
6454.5,0
6461.75,1
6462.0,0
6464.5,1
6466.5,0
6466.75,1
6468.0,0
6468.5,1
6469.5,0
6469.75,1
6470.75,0
6471.25,1
6472.25,0
6472.5,1
6473.25,0
6473.5,1
6473.75,0
6485.5,1
6485.75,0
6486.25,1
6486.5,0
6487.0,1
6487.25,0
6488.5,1
6488.75,0
6489.25,1
6491.75,0
6492.25,1
6492.5,0
6493.0,1
6493.5,0
6493.75,1
6494.0,0
6494.75,1
6496.25,0
6496.5,1
6497.0,0
6497.5,1
6498.0,0
6502.0,1
6502.25,0
6510.0,1
6510.25,0
6512.5,1
6512.75,0
6513.0,1
6513.25,0
6513.5,1
6514.0,0
6514.25,1
6515.75,0
6516.0,1
6516.5,0
6516.75,1
6521.0,0
6582.0,1
6582.5,0
6583.0,1
6583.25,0
6585.0,1
6586.25,0
6586.5,1
6588.25,0
6588.5,1
6589.0,0
6589.25,1
6589.5,0
6590.0,1
6592.25,0
6593.25,1
6593.75,0
6597.0,1
6597.25,0
6608.75,1
6610.75,0
6611.25,1
6613.25,0
6613.5,1
6613.75,0
6614.0,1
6614.5,0
6615.0,1
6616.75,0
6617.0,1
6617.5,0
6630.25,1
6630.5,0
6632.5,1
6632.75,0
6633.0,1
6635.5,0
6635.75,1
6636.25,0
6636.5,1
6639.25,0
6639.5,1
6639.75,0
6640.0,1
6641.0,0
6641.25,1
6641.5,0
6645.5,1
6645.75,0
6654.25,1
6654.5,0
6656.75,1
6659.25,0
6659.5,1
6659.75,0
6660.0,1
6660.5,0
6660.75,1
6663.25,0
6663.75,1
6665.0,0
6675.75,1
6676.0,0
6679.25,1
6679.75,0
6680.75,1
6682.5,0
6683.0,1
6683.25,0
6683.5,1
6685.25,0
6685.5,1
6687.0,0
6687.25,1
6688.25,0
6688.75,1
6689.0,0
6689.25,1
6689.5,0
6751.25,1
6751.5,0
6753.0,1
6753.25,0
6753.5,1
6753.75,0
6754.0,1
6755.25,0
6755.5,1
6756.0,0
6756.5,1
6757.25,0
6757.5,1
6761.0,0
6761.25,1
6761.5,0
6801.25,1
6801.5,0
6802.0,1
6807.75,0
6808.0,1
6808.25,0
6808.5,1
6809.5,0
6813.0,1
6813.25,0
6823.0,1
6823.25,0
6824.75,1
6825.0,0
6825.25,1
6826.25,0
6826.5,1
6826.75,0
6827.0,1
6827.5,0
6828.0,1
6828.25,0
6828.75,1
6829.5,0
6830.0,1
6830.75,0
6831.0,1
6831.25,0
6831.5,1
6832.0,0
6833.0,1
6833.25,0
6849.0,1
6849.5,0
6850.25,1
6851.5,0
6851.75,1
6853.5,0
6853.75,1
6854.0,0
6854.25,1
6854.75,0
6855.0,1
6856.75,0
6857.5,1
6857.75,0
6918.25,1
6918.5,0
6919.75,1
6920.0,0
6921.0,1
6923.75,0
6924.0,1
6924.25,0
6924.5,1
6925.5,0
6925.75,1
6926.5,0
6926.75,1
6928.75,0
6929.0,1
6929.25,0
6943.75,1
6944.0,0
6945.25,1
6945.75,0
6946.0,1
6949.5,0
6949.75,1
6950.0,0
6950.25,1
6952.75,0
6953.25,1
6953.5,0
6967.75,1
6968.0,0
6968.75,1
6971.5,0
6971.75,1
6973.75,0
6974.0,1
6974.5,0
6974.75,1
6975.25,0
6975.5,1
6977.0,0
6990.5,1
6990.75,0
6991.0,1
6991.25,0
6992.75,1
6993.0,0
6993.25,1
6995.0,0
6995.75,1
6998.25,0
6998.5,1
6999.75,0
7000.0,1
7000.25,0
7000.5,1
7001.0,0
7001.25,1
7001.5,0
7005.0,1
7005.25,0
7005.75,1
7006.0,0
7014.0,1
7014.25,0
7016.0,1
7016.25,0
7017.0,1
7018.5,0
7018.75,1
7019.75,0
7020.0,1
7021.25,0
7021.5,1
7021.75,0
7022.0,1
7023.5,0
7024.5,1
7024.75,0
7025.0,1
7025.25,0
7025.5,1
7025.75,0
7029.75,1
7030.0,0
7030.25,1
7030.5,0
7086.25,1
7086.5,0
7086.75,1
7087.0,0
7089.0,1
7089.25,0
7089.5,1
7091.5,0
7091.75,1
7092.25,0
7092.5,1
7094.5,0
7094.75,1
7095.5,0
7095.75,1
7096.25,0
7096.75,1
7097.0,0
7110.25,1
7110.5,0
7112.5,1
7113.0,0
7113.5,1
7114.0,0
7114.25,1
7114.75,0
7115.0,1
7116.0,0
7116.5,1
7117.75,0
7118.75,1
7119.5,0
7119.75,1
7120.0,0
7120.5,1
7121.0,0
7121.25,1
7121.75,0
7137.25,1
7140.5,0
7140.75,1
7142.5,0
7142.75,1
7143.75,0
7144.0,1
7144.25,0
7144.5,1
7145.0,0
7159.75,1
7160.0,0
7161.25,1
7162.0,0
7162.25,1
7162.5,0
7162.75,1
7164.25,0
7164.5,1
7164.75,0
7165.0,1
7165.25,0
7165.5,1
7166.25,0
7166.5,1
7168.25,0
7168.5,1
7169.0,0
7183.0,1
7183.25,0
7184.0,1
7184.25,0
7184.75,1
7185.5,0
7185.75,1
7186.25,0
7186.5,1
7189.5,0
7189.75,1
7190.0,0
7190.25,1
7191.0,0
7191.25,1
7191.5,0
7191.75,1
7192.5,0
7257.5,1
7260.0,0
7260.5,1
7261.25,0
7262.5,1
7262.75,0
7263.25,1
7265.0,0
7278.25,1
7278.5,0
7279.25,1
7279.5,0
7279.75,1
7280.0,0
7280.25,1
7280.5,0
7280.75,1
7281.5,0
7281.75,1
7283.5,0
7283.75,1
7284.25,0
7284.5,1
7285.5,0
7285.75,1
7289.25,0
7303.5,1
7303.75,0
7305.0,1
7305.25,0
7305.5,1
7306.0,0
7306.25,1
7308.0,0
7308.25,1
7310.25,0
7310.5,1
7311.0,0
7311.25,1
7313.0,0
7326.0,1
7326.25,0
7327.25,1
7327.5,0
7329.5,1
7331.0,0
7331.25,1
7331.5,0
7331.75,1
7332.75,0
7333.5,1
7335.75,0
7336.25,1
7336.75,0
7350.5,1
7350.75,0
7351.75,1
7352.0,0
7352.25,1
7352.5,0
7353.25,1
7354.5,0
7354.75,1
7355.25,0
7355.5,1
7355.75,0
7356.0,1
7357.0,0
7357.25,1
7358.25,0
7358.5,1
7359.75,0
7360.0,1
7360.75,0
7424.75,1
7425.0,0
7425.5,1
7426.75,0
7427.0,1
7429.75,0
7430.5,1
7432.5,0
7433.0,1
7433.25,0
7433.5,1
7433.75,0
7446.0,1
7446.25,0
7449.25,1
7449.5,0
7449.75,1
7450.0,0
7450.25,1
7451.25,0
7451.5,1
7453.0,0
7453.25,1
7457.0,0
7470.75,1
7471.0,0
7471.25,1
7471.5,0
7473.0,1
7474.5,0
7474.75,1
7475.25,0
7475.5,1
7476.0,0
7476.25,1
7478.25,0
7478.5,1
7479.25,0
7479.5,1
7479.75,0
7480.25,1
7481.0,0
7481.25,1
7481.5,0
7484.25,1
7484.5,0
7494.25,1
7494.5,0
7497.25,1
7500.0,0
7500.5,1
7502.25,0
7502.75,1
7505.25,0
7509.5,1
7509.75,0
7520.0,1
7520.25,0
7521.0,1
7524.0,0
7524.25,1
7524.5,0
7524.75,1
7527.25,0
7527.5,1
7528.75,0
7591.5,1
7591.75,0
7592.0,1
7592.25,0
7592.5,1
7593.0,0
7594.0,1
7595.25,0
7595.5,1
7595.75,0
7596.0,1
7596.25,0
7596.5,1
7598.25,0
7598.75,1
7600.25,0
7600.75,1
7601.25,0
7601.5,1
7601.75,0
7614.75,1
7615.0,0
7616.0,1
7616.25,0
7616.75,1
7618.0,0
7618.75,1
7619.0,0
7619.25,1
7621.25,0
7621.5,1
7621.75,0
7622.0,1
7624.25,0
7624.75,1
7625.25,0
7640.75,1
7641.0,0
7641.5,1
7642.5,0
7642.75,1
7644.25,0
7644.5,1
7645.0,0
7645.25,1
7645.75,0
7646.5,1
7647.0,0
7647.25,1
7648.75,0
7649.25,1
7649.5,0
7649.75,1
7650.0,0
7665.25,1
7668.25,0
7668.5,1
7669.0,0
7670.0,1
7670.75,0
7671.0,1
7671.25,0
7671.5,1
7672.0,0
7672.25,1
7673.25,0
7688.0,1
7688.5,0
7688.75,1
7689.75,0
7690.0,1
7691.75,0
7692.0,1
7692.25,0
7692.5,1
7693.5,0
7693.75,1
7695.0,0
7695.25,1
7696.5,0
7696.75,1
7697.25,0
7697.5,1
7698.0,0
7761.0,1
7761.5,0
7761.75,1
7763.25,0
7763.5,1
7764.5,0
7765.5,1
7766.0,0
7766.25,1
7766.5,0
7767.25,1
7767.5,0
7768.25,1
7768.5,0
7768.75,1
7769.0,0
7769.5,1
7769.75,0
7773.75,1
7774.0,0
7784.0,1
7785.25,0
7785.5,1
7786.5,0
7786.75,1
7787.75,0
7788.0,1
7788.75,0
7789.0,1
7789.25,0
7789.5,1
7790.25,0
7790.5,1
7790.75,0
7791.0,1
7793.0,0
7793.25,1
7793.5,0
7807.0,1
7807.25,0
7807.75,1
7808.25,0
7808.5,1
7808.75,0
7809.25,1
7810.5,0
7810.75,1
7811.75,0
7812.0,1
7812.25,0
7812.5,1
7812.75,0
7813.0,1
7813.25,0
7813.5,1
7814.0,0
7814.25,1
7814.5,0
7814.75,1
7816.75,0
7831.5,1
7831.75,0
7832.25,1
7832.5,0
7832.75,1
7834.0,0
7834.25,1
7835.0,0
7835.25,1
7836.25,0
7837.25,1
7838.25,0
7838.5,1
7841.25,0
7927.0,1
7927.25,0
7928.75,1
7929.0,0
7929.25,1
7932.5,0
7933.0,1
7933.25,0
7933.5,1
7936.75,0
7937.25,1
7937.5,0
7937.75,1
7938.0,0
7950.5,1
7950.75,0
7951.75,1
7952.0,0
7953.0,1
7954.0,0
7954.5,1
7956.5,0
7956.75,1
7957.0,0
7957.25,1
7958.5,0
7958.75,1
7959.5,0
7960.25,1
7960.5,0
7960.75,1
7961.0,0
7976.75,1
7977.75,0
7978.25,1
7980.0,0
7980.25,1
7980.75,0
7981.0,1
7981.25,0
7981.5,1
7982.5,0
7982.75,1
7983.0,0
7983.25,1
7983.75,0
7984.0,1
7984.5,0
7984.75,1
7985.5,0
7988.5,1
7988.75,0
8000.75,1
8001.0,0
8001.5,1
8001.75,0
8002.0,1
8002.75,0
8003.0,1
8004.25,0
8004.5,1
8005.25,0
8005.5,1
8006.25,0
8006.5,1
8007.5,0
8008.0,1
8008.75,0
8022.75,1
8023.0,0
8024.75,1
8025.0,0
8025.75,1
8026.25,0
8026.75,1
8027.75,0
8028.25,1
8028.5,0
8028.75,1
8030.5,0
8030.75,1
8032.75,0
8033.0,1
8033.25,0
8097.0,1
8097.25,0
8097.5,1
8098.0,0
8098.25,1
8099.25,0
8099.5,1
8101.75,0
8102.0,1
8102.25,0
8102.5,1
8103.0,0
8103.25,1
8103.5,0
8104.0,1
8104.75,0
8117.75,1
8118.0,0
8121.0,1
8121.75,0
8122.0,1
8123.25,0
8123.5,1
8124.25,0
8124.5,1
8128.25,0
8132.5,1
8132.75,0
8145.0,1
8145.25,0
8145.75,1
8146.25,0
8146.5,1
8147.75,0
8148.0,1
8150.25,0
8150.5,1
8151.25,0
8151.5,1
8152.0,0
8152.5,1
8153.0,0
8167.0,1
8167.25,0
8167.5,1
8167.75,0
8169.0,1
8169.25,0
8169.5,1
8170.5,0
8170.75,1
8173.0,0
8173.25,1
8173.5,0
8174.0,1
8175.75,0
8176.0,1
8177.25,0
8180.5,1
8180.75,0
8192.75,1
8193.5,0
8193.75,1
8194.5,0
8194.75,1
8195.5,0
8195.75,1
8196.0,0
8196.25,1
8197.25,0
8197.75,1
8199.5,0
8200.0,1
8201.0,0
8201.5,1
8201.75,0
8256.25,1
8256.5,0
8258.0,1
8258.25,0
8262.75,1
8263.0,0
8263.5,1
8263.75,0
8264.0,1
8264.25,0
8264.5,1
8264.75,0
8265.5,1
8268.0,0
8268.25,1
8268.5,0
8269.0,1
8272.75,0
8273.0,1
8273.25,0
8274.0,1
8274.25,0
8276.25,1
8276.5,0
8285.75,1
8286.0,0
8287.75,1
8288.0,0
8288.5,1
8288.75,0
8289.0,1
8289.25,0
8289.75,1
8290.25,0
8290.5,1
8293.0,0
8293.5,1
8293.75,0
8294.0,1
8295.25,0
8295.5,1
8296.75,0
8310.0,1
8310.25,0
8311.0,1
8311.25,0
8312.75,1
8313.5,0
8314.0,1
8315.75,0
8316.25,1
8316.5,0
8317.0,1
8317.5,0
8317.75,1
8318.25,0
8318.5,1
8319.25,0
8319.5,1
8320.25,0
8320.5,1
8321.25,0
8335.75,1
8336.0,0
8336.5,1
8337.0,0
8337.5,1
8337.75,0
8338.0,1
8339.75,0
8340.0,1
8342.75,0
8343.0,1
8343.25,0
8343.5,1
8345.0,0
8348.5,1
8348.75,0
8359.5,1
8359.75,0
8360.25,1
8360.5,0
8361.0,1
8361.25,0
8361.5,1
8362.5,0
8362.75,1
8363.75,0
8364.0,1
8364.25,0
8364.5,1
8365.0,0
8365.5,1
8366.25,0
8366.75,1
8369.0,0
8369.25,1
8369.5,0
8432.25,1
8432.5,0
8432.75,1
8433.0,0
8433.75,1
8435.25,0
8435.5,1
8436.0,0
8436.25,1
8438.75,0
8439.0,1
8440.0,0
8440.25,1
8440.75,0
8456.5,1
8457.0,0
8457.25,1
8457.5,0
8458.0,1
8458.25,0
8458.5,1
8458.75,0
8459.0,1
8462.25,0
8462.5,1
8463.25,0
8463.5,1
8464.0,0
8464.25,1
8465.0,0
8465.75,1
8466.0,0
8468.5,1
8468.75,0
8481.75,1
8482.0,0
8482.5,1
8482.75,0
8483.0,1
8484.0,0
8484.25,1
8487.0,0
8487.75,1
8488.5,0
8488.75,1
8489.25,0
8492.0,1
8492.25,0
8502.25,1
8503.0,0
8504.5,1
8504.75,0
8505.0,1
8505.5,0
8505.75,1
8506.25,0
8506.5,1
8507.0,0
8507.25,1
8508.0,0
8508.25,1
8508.5,0
8508.75,1
8509.5,0
8509.75,1
8512.0,0
8512.25,1
8513.0,0
8513.25,1
8513.5,0
8516.5,1
8516.75,0
8529.0,1
8529.5,0
8529.75,1
8531.25,0
8532.0,1
8532.25,0
8532.75,1
8534.25,0
8534.5,1
8535.0,0
8535.25,1
8535.5,0
8535.75,1
8536.75,0
8622.0,1
8622.25,0
8624.25,1
8624.75,0
8625.5,1
8628.0,0
8628.25,1
8629.75,0
8630.0,1
8630.25,0
8630.5,1
8632.75,0
8648.0,1
8648.25,0
8648.5,1
8648.75,0
8649.25,1
8650.75,0
8651.0,1
8651.25,0
8651.5,1
8652.75,0
8653.0,1
8653.25,0
8653.75,1
8654.0,0
8654.25,1
8654.5,0
8654.75,1
8657.0,0
8670.25,1
8670.5,0
8672.75,1
8673.25,0
8673.5,1
8675.5,0
8676.25,1
8681.0,0
8684.0,1
8684.25,0
8694.5,1
8694.75,0
8697.5,1
8697.75,0
8698.0,1
8700.75,0
8701.0,1
8701.25,0
8701.5,1
8705.25,0
