#1


float Room-219 (1043,2)
0.0,0
32.5,1
33.5,0
36.5,1
38.5,0
57.0,1
58.5,0
59.5,1
60.5,0
61.0,1
63.0,0
64.0,1
65.0,0
103.0,1
104.5,0
105.0,1
107.0,0
107.5,1
108.5,0
109.5,1
110.0,0
110.5,1
112.5,0
131.0,1
131.5,0
132.0,1
133.5,0
136.5,1
137.0,0
207.0,1
208.0,0
224.5,1
225.5,0
227.0,1
230.0,0
232.0,1
233.5,0
296.5,1
297.5,0
304.0,1
305.0,0
368.5,1
370.0,0
371.0,1
372.0,0
372.5,1
374.0,0
374.5,1
375.0,0
394.5,1
396.0,0
442.0,1
443.0,0
443.5,1
444.5,0
445.0,1
446.5,0
448.0,1
448.5,0
537.5,1
538.5,0
540.0,1
543.0,0
583.0,1
584.5,0
585.0,1
586.5,0
588.0,1
589.5,0
590.5,1
592.0,0
607.5,1
608.5,0
610.0,1
610.5,0
612.5,1
613.0,0
616.0,1
617.5,0
632.0,1
633.0,0
634.5,1
636.5,0
637.5,1
638.5,0
639.0,1
640.0,0
641.0,1
641.5,0
729.0,1
730.0,0
733.0,1
735.0,0
752.5,1
753.5,0
755.5,1
757.5,0
872.5,1
873.5,0
874.0,1
875.5,0
876.0,1
876.5,0
877.5,1
878.5,0
899.5,1
901.5,0
926.0,1
927.0,0
945.0,1
946.0,0
949.0,1
951.0,0
951.5,1
953.5,0
970.0,1
971.0,0
972.0,1
973.5,0
974.0,1
975.5,0
977.0,1
977.5,0
1041.0,1
1042.0,0
1064.5,1
1068.0,0
1070.0,1
1070.5,0
1114.0,1
1115.5,0
1116.0,1
1118.5,0
1120.0,1
1121.5,0
1140.0,1
1142.5,0
1209.0,1
1211.5,0
1212.5,1
1215.0,0
1216.5,1
1217.5,0
1232.5,1
1234.5,0
1236.5,1
1237.5,0
1257.5,1
1259.5,0
1261.5,1
1262.5,0
1263.0,1
1263.5,0
1264.0,1
1265.5,0
1282.0,1
1283.0,0
1284.0,1
1284.5,0
1285.0,1
1286.5,0
1287.5,1
1289.5,0
1376.0,1
1378.5,0
1379.0,1
1381.0,0
1383.5,1
1384.5,0
1400.5,1
1403.0,0
1404.5,1
1406.0,0
1408.0,1
1409.0,0
1425.0,1
1430.0,0
1431.0,1
1432.5,0
1544.5,1
1545.5,0
1547.5,1
1549.0,0
1571.0,1
1572.0,0
1573.0,1
1574.0,0
1592.0,1
1592.5,0
1596.0,1
1598.0,0
1599.5,1
1600.5,0
1621.0,1
1621.5,0
1642.5,1
1643.5,0
1647.0,1
1647.5,0
1713.0,1
1714.0,0
1737.0,1
1738.5,0
1739.5,1
1741.5,0
1742.0,1
1744.5,0
1761.5,1
1764.0,0
1767.5,1
1768.5,0
1787.0,1
1787.5,0
1791.0,1
1794.0,0
1807.5,1
1809.0,0
1809.5,1
1811.0,0
1812.0,1
1812.5,0
1813.0,1
1816.5,0
1887.5,1
1889.5,0
1907.0,1
1908.0,0
1908.5,1
1910.0,0
1912.5,1
1913.5,0
1928.5,1
1930.0,0
1931.5,1
1933.5,0
1934.5,1
1937.0,0
2049.0,1
2049.5,0
2052.0,1
2054.0,0
2055.0,1
2056.5,0
2057.0,1
2057.5,0
2074.5,1
2075.5,0
2076.0,1
2077.0,0
2078.0,1
2080.0,0
2081.0,1
2082.0,0
2096.5,1
2097.0,0
2122.0,1
2123.0,0
2216.0,1
2216.5,0
2218.0,1
2218.5,0
2263.0,1
2264.0,0
2264.5,1
2266.0,0
2268.0,1
2269.0,0
2270.5,1
2272.5,0
2297.0,1
2297.5,0
2317.0,1
2318.5,0
2319.0,1
2319.5,0
2321.0,1
2321.5,0
2386.5,1
2388.0,0
2388.5,1
2390.0,0
2391.0,1
2392.0,0
2408.5,1
2412.5,0
2413.0,1
2413.5,0
2415.0,1
2416.5,0
2433.0,1
2435.0,0
2435.5,1
2436.5,0
2437.0,1
2438.5,0
2457.0,1
2458.5,0
2463.5,1
2464.5,0
2480.0,1
2482.0,0
2486.0,1
2488.5,0
2553.5,1
2556.5,0
2558.5,1
2559.5,0
2577.5,1
2579.0,0
2584.0,1
2584.5,0
2600.5,1
2601.5,0
2603.0,1
2604.5,0
2626.0,1
2627.0,0
2627.5,1
2629.5,0
2630.0,1
2631.5,0
2632.0,1
2633.0,0
2650.0,1
2651.5,0
2652.5,1
2653.5,0
2723.0,1
2725.0,0
2751.5,1
2752.0,0
2769.0,1
2770.0,0
2770.5,1
2771.5,0
2774.5,1
2776.0,0
2777.0,1
2777.5,0
2797.0,1
2798.0,0
2798.5,1
2800.0,0
2819.5,1
2821.0,0
2823.0,1
2823.5,0
2887.0,1
2888.0,0
2888.5,1
2889.5,0
2890.5,1
2891.5,0
2893.5,1
2894.0,0
2896.0,1
2897.5,0
2913.0,1
2913.5,0
2917.5,1
2919.5,0
2983.5,1
2984.5,0
2987.0,1
2987.5,0
2988.0,1
2989.0,0
2989.5,1
2990.0,0
2990.5,1
2991.5,0
3057.0,1
3058.0,0
3059.0,1
3060.0,0
3063.5,1
3065.5,0
3081.0,1
3082.0,0
3112.5,1
3113.0,0
3129.5,1
3131.0,0
3133.0,1
3137.5,0
3154.0,1
3155.0,0
3155.5,1
3157.0,0
3160.5,1
3161.0,0
3227.0,1
3227.5,0
3254.0,1
3255.5,0
3272.5,1
3274.0,0
3277.0,1
3278.0,0
3278.5,1
3281.0,0
3297.5,1
3298.0,0
3392.0,1
3393.0,0
3393.5,1
3396.0,0
3396.5,1
3398.0,0
3398.5,1
3400.5,0
3416.0,1
3417.0,0
3420.5,1
3421.5,0
3424.5,1
3425.0,0
3441.0,1
3442.0,0
3447.0,1
3449.5,0
3566.0,1
3566.5,0
3608.5,1
3609.5,0
3610.0,1
3612.0,0
3612.5,1
3613.5,0
3614.5,1
3616.5,0
3634.0,1
3635.0,0
3636.5,1
3638.5,0
3639.5,1
3641.0,0
3655.0,1
3655.5,0
3664.5,1
3665.0,0
3729.0,1
3730.0,0
3734.0,1
3735.0,0
3752.5,1
3756.0,0
3756.5,1
3757.5,0
3758.0,1
3759.5,0
3808.5,1
3809.5,0
3824.5,1
3825.0,0
3826.0,1
3828.0,0
3830.0,1
3831.0,0
3831.5,1
3832.5,0
3896.5,1
3897.5,0
3898.5,1
3900.0,0
3901.5,1
3903.0,0
3924.0,1
3925.5,0
3944.5,1
3947.5,0
3951.0,1
3952.0,0
3952.5,1
3953.5,0
3971.5,1
3973.5,0
3975.0,1
3976.0,0
3990.5,1
3992.0,0
3994.0,1
3995.0,0
3997.0,1
3998.5,0
4000.0,1
4001.5,0
4065.5,1
4067.0,0
4072.5,1
4073.5,0
4136.5,1
4139.0,0
4140.0,1
4141.0,0
4141.5,1
4142.5,0
4143.0,1
4145.0,0
4160.5,1
4161.5,0
4164.0,1
4165.5,0
4166.0,1
4167.0,0
4168.5,1
4169.5,0
4235.0,1
4236.0,0
4286.5,1
4288.0,0
4307.0,1
4309.0,0
4310.5,1
4311.5,0
4312.5,1
4313.5,0
4328.5,1
4329.5,0
4332.0,1
4334.0,0
4335.0,1
4337.0,0
4401.0,1
4402.5,0
4407.0,1
4408.5,0
4448.5,1
4450.0,0
4451.5,1
4452.5,0
4453.5,1
4456.0,0
4472.5,1
4474.5,0
4475.5,1
4476.5,0
4477.0,1
4479.0,0
4479.5,1
4481.0,0
4497.5,1
4499.0,0
4501.5,1
4503.5,0
4569.5,1
4570.5,0
4572.5,1
4573.5,0
4576.0,1
4577.5,0
4594.5,1
4595.0,0
4596.5,1
4597.5,0
4598.0,1
4599.0,0
4599.5,1
4600.5,0
4622.5,1
4624.0,0
4624.5,1
4625.0,0
4642.5,1
4643.0,0
4645.5,1
4647.0,0
4664.5,1
4665.5,0
4666.0,1
4667.0,0
4669.0,1
4670.5,0
4672.0,1
4673.5,0
4735.0,1
4736.0,0
4737.5,1
4739.5,0
4744.0,1
4745.0,0
4760.5,1
4762.5,0
4763.5,1
4764.0,0
4764.5,1
4766.5,0
4788.0,1
4789.5,0
4792.0,1
4793.0,0
4808.5,1
4809.5,0
4810.0,1
4811.0,0
4811.5,1
4813.5,0
4815.0,1
4817.0,0
4836.5,1
4838.5,0
4904.5,1
4905.0,0
4909.0,1
4910.5,0
4926.0,1
4926.5,0
4930.5,1
4931.5,0
4933.5,1
4934.5,0
4936.0,1
4937.5,0
4959.0,1
4960.5,0
4976.0,1
4977.0,0
5007.5,1
5009.0,0
5079.0,1
5080.0,0
5080.5,1
5081.5,0
5097.0,1
5098.5,0
5102.5,1
5103.0,0
5144.5,1
5145.5,0
5149.0,1
5150.0,0
5152.0,1
5153.5,0
5241.0,1
5243.5,0
5246.5,1
5247.0,0
5248.5,1
5249.5,0
5266.0,1
5267.5,0
5268.0,1
5269.5,0
5270.0,1
5273.0,0
5289.0,1
5290.0,0
5291.0,1
5291.5,0
5292.0,1
5293.5,0
5313.5,1
5318.0,0
5319.0,1
5320.0,0
5337.0,1
5339.0,0
5340.0,1
5341.0,0
5342.0,1
5344.0,0
5409.5,1
5410.0,0
5411.0,1
5411.5,0
5412.5,1
5413.0,0
5415.5,1
5416.5,0
5432.5,1
5433.5,0
5436.0,1
5436.5,0
5438.0,1
5440.0,0
5458.5,1
5464.5,0
5480.5,1
5481.0,0
5483.5,1
5485.0,0
5488.5,1
5490.0,0
5505.0,1
5507.0,0
5508.0,1
5509.5,0
5510.0,1
5511.5,0
5583.0,1
5584.0,0
5585.5,1
5586.0,0
5603.5,1
5605.0,0
5606.0,1
5606.5,0
5625.0,1
5625.5,0
5626.5,1
5628.5,0
5629.5,1
5631.5,0
5632.0,1
5633.0,0
5673.5,1
5674.0,0
5675.0,1
5675.5,0
5677.0,1
5678.5,0
5680.0,1
5682.0,0
5747.5,1
5748.0,0
5750.5,1
5752.0,0
5767.0,1
5767.5,0
5768.5,1
5771.0,0
5773.0,1
5774.5,0
5776.0,1
5777.0,0
5791.5,1
5792.5,0
5794.0,1
5795.0,0
5795.5,1
5796.0,0
5796.5,1
5797.0,0
5800.0,1
5801.5,0
5819.0,1
5819.5,0
5823.5,1
5824.0,0
5842.0,1
5843.0,0
5844.0,1
5847.0,0
5914.0,1
5914.5,0
5916.5,1
5918.0,0
5918.5,1
5920.0,0
5962.0,1
5963.5,0
6008.5,1
6009.0,0
6013.0,1
6015.0,0
6016.0,1
6017.5,0
6081.5,1
6082.0,0
6085.0,1
6085.5,0
6086.0,1
6087.5,0
6089.0,1
6089.5,0
6107.0,1
6107.5,0
6108.0,1
6109.5,0
6110.0,1
6111.5,0
6112.0,1
6113.5,0
6176.0,1
6178.5,0
6180.0,1
6184.5,0
6249.0,1
6250.0,0
6253.0,1
6254.0,0
6255.5,1
6257.0,0
6272.5,1
6274.0,0
6295.5,1
6297.0,0
6300.5,1
6302.0,0
6351.5,1
6352.0,0
6417.5,1
6418.0,0
6489.5,1
6491.5,0
6493.0,1
6496.0,0
6497.0,1
6497.5,0
6510.5,1
6511.5,0
6513.0,1
6517.0,0
6584.5,1
6585.5,0
6587.5,1
6588.5,0
6589.5,1
6592.5,0
6609.0,1
6612.5,0
6613.5,1
6614.5,0
6615.5,1
6616.0,0
6637.0,1
6638.0,0
6800.0,1
6802.0,0
6803.5,1
6804.5,0
6805.0,1
6806.0,0
6824.5,1
6828.5,0
6829.0,1
6831.0,0
6832.0,1
6833.5,0
6854.5,1
6856.5,0
6926.5,1
6928.0,0
6945.5,1
6948.5,0
6949.0,1
6950.0,0
6950.5,1
6951.5,0
6970.0,1
6972.0,0
6973.0,1
6973.5,0
6975.5,1
6976.5,0
7017.0,1
7019.0,0
7019.5,1
7023.0,0
7023.5,1
7025.0,0
7087.0,1
7090.0,0
7091.5,1
7093.0,0
7093.5,1
7094.0,0
7095.5,1
7097.0,0
7136.5,1
7137.5,0
7138.5,1
7140.5,0
7141.5,1
7144.0,0
7163.0,1
7166.0,0
7169.0,1
7169.5,0
7185.0,1
7186.5,0
7187.0,1
7190.0,0
7191.0,1
7192.5,0
7193.0,1
7193.5,0
7256.5,1
7257.5,0
7307.0,1
7308.5,0
7310.5,1
7311.5,0
7312.0,1
7313.5,0
7329.0,1
7330.0,0
7354.5,1
7355.0,0
7357.0,1
7357.5,0
7360.5,1
7361.5,0
7425.5,1
7427.5,0
7428.0,1
7431.0,0
7431.5,1
7433.0,0
7449.0,1
7449.5,0
7451.0,1
7453.0,0
7472.5,1
7477.0,0
7480.5,1
7481.5,0
7496.5,1
7498.0,0
7498.5,1
7499.5,0
7500.5,1
7502.0,0
7503.0,1
7504.5,0
7520.5,1
7521.5,0
7523.0,1
7524.5,0
7525.5,1
7527.5,0
7594.5,1
7595.5,0
7597.0,1
7598.5,0
7600.0,1
7601.5,0
7623.5,1
7624.5,0
7640.5,1
7642.0,0
7644.5,1
7646.5,0
7667.0,1
7667.5,0
7668.5,1
7670.5,0
7693.0,1
7694.0,0
7696.0,1
7697.5,0
7784.5,1
7786.5,0
7788.0,1
7788.5,0
7789.0,1
7790.5,0
7791.0,1
7792.5,0
7930.0,1
7932.0,0
7957.0,1
7958.5,0
7978.0,1
7978.5,0
7982.0,1
7984.0,0
8002.5,1
8004.5,0
8006.0,1
8006.5,0
8026.0,1
8026.5,0
8030.0,1
8033.5,0
8098.5,1
8100.0,0
8102.5,1
8103.5,0
8120.0,1
8121.0,0
8121.5,1
8122.0,0
8126.0,1
8127.0,0
8127.5,1
8129.0,0
8145.0,1
8146.0,0
8151.5,1
8153.0,0
8173.5,1
8174.5,0
8193.0,1
8193.5,0
8198.5,1
8199.5,0
8200.0,1
8201.5,0
8270.0,1
8271.0,0
8271.5,1
8273.5,0
8288.5,1
8289.5,0
8290.0,1
8292.0,0
8297.0,1
8297.5,0
8343.5,1
8344.0,0
8364.5,1
8365.0,0
8368.0,1
8369.5,0
8431.0,1
8432.0,0
8434.0,1
8434.5,0
8436.0,1
8436.5,0
8437.5,1
8438.5,0
8439.0,1
8440.0,0
8460.5,1
8462.5,0
8464.0,1
8465.0,0
8502.5,1
8503.5,0
8507.0,1
8508.0,0
8529.0,1
8534.0,0
8534.5,1
8535.5,0
8537.5,1
8538.0,0
8625.0,1
8626.0,0
8626.5,1
8629.5,0
8631.0,1
8633.5,0
8651.5,1
8653.0,0
8656.0,1
8657.0,0
8678.5,1
8680.0,0
8703.5,1
8704.5,0
