#1


float Room-335 (4497,2)
0.0,0
32.0,1
32.25,0
32.5,1
34.25,0
34.5,1
35.0,0
35.25,1
36.0,0
36.75,1
37.0,0
37.25,1
37.5,0
38.0,1
39.25,0
39.5,1
40.25,0
40.5,1
41.5,0
45.0,1
45.25,0
45.75,1
46.0,0
56.75,1
57.5,0
57.75,1
59.0,0
59.5,1
60.0,0
60.25,1
61.0,0
61.25,1
62.5,0
62.75,1
64.75,0
69.5,1
69.75,0
78.0,1
78.25,0
78.5,1
78.75,0
79.0,1
79.25,0
80.5,1
80.75,0
81.0,1
81.25,0
81.5,1
83.75,0
84.25,1
89.0,0
89.25,1
89.5,0
92.5,1
92.75,0
105.0,1
105.25,0
105.75,1
112.5,0
112.75,1
113.25,0
126.25,1
126.5,0
129.5,1
129.75,0
130.0,1
131.25,0
131.5,1
132.75,0
133.25,1
133.5,0
133.75,1
135.5,0
135.75,1
137.0,0
198.25,1
198.75,0
200.5,1
200.75,0
201.0,1
201.75,0
202.0,1
203.25,0
203.5,1
204.0,0
204.5,1
206.25,0
206.75,1
208.0,0
208.5,1
208.75,0
209.25,1
209.5,0
213.5,1
213.75,0
223.0,1
223.5,0
225.0,1
226.0,0
226.25,1
227.75,0
228.0,1
228.5,0
228.75,1
229.0,0
229.25,1
229.5,0
230.5,1
231.0,0
231.25,1
231.5,0
231.75,1
232.0,0
232.25,1
233.0,0
234.25,1
234.5,0
247.75,1
248.0,0
248.25,1
248.5,0
249.0,1
251.75,0
252.0,1
252.25,0
252.5,1
253.75,0
254.0,1
254.25,0
254.5,1
256.25,0
256.5,1
256.75,0
272.0,1
272.25,0
273.25,1
274.5,0
274.75,1
275.75,0
276.25,1
276.5,0
276.75,1
277.25,0
277.5,1
278.5,0
278.75,1
279.0,0
279.25,1
280.25,0
280.75,1
281.0,0
295.0,1
295.25,0
296.0,1
296.25,0
297.0,1
297.5,0
298.0,1
298.75,0
299.0,1
301.25,0
301.5,1
303.75,0
304.25,1
305.0,0
305.25,1
305.5,0
368.25,1
368.5,0
370.0,1
372.5,0
372.75,1
373.25,0
373.5,1
373.75,0
374.25,1
375.0,0
375.25,1
375.5,0
375.75,1
376.75,0
377.0,1
377.5,0
381.25,1
381.5,0
392.75,1
393.0,0
393.25,1
394.25,0
394.5,1
398.5,0
398.75,1
399.25,0
399.5,1
400.75,0
401.0,1
401.25,0
401.75,1
402.0,0
405.25,1
405.5,0
439.75,1
440.0,0
440.25,1
440.5,0
441.0,1
442.0,0
442.25,1
443.5,0
443.75,1
445.0,0
445.5,1
446.0,0
446.25,1
447.5,0
447.75,1
448.75,0
449.25,1
449.5,0
462.25,1
462.5,0
464.25,1
464.5,0
465.0,1
465.5,0
466.0,1
467.0,0
467.5,1
470.0,0
470.5,1
471.5,0
471.75,1
473.0,0
535.0,1
535.5,0
537.0,1
537.25,0
537.5,1
538.0,0
538.25,1
539.5,0
539.75,1
542.0,0
542.25,1
542.5,0
542.75,1
545.25,0
549.0,1
549.25,0
561.25,1
564.0,0
564.25,1
565.5,0
565.75,1
566.75,0
567.0,1
567.5,0
567.75,1
569.0,0
582.75,1
583.0,0
585.25,1
586.0,0
586.25,1
588.5,0
588.75,1
589.0,0
589.25,1
590.75,0
591.0,1
591.75,0
592.0,1
592.75,0
593.25,1
593.5,0
606.25,1
606.5,0
608.25,1
608.5,0
608.75,1
609.25,0
609.75,1
610.0,0
610.5,1
610.75,0
611.0,1
611.75,0
612.0,1
612.5,0
612.75,1
613.5,0
613.75,1
614.0,0
614.25,1
614.5,0
614.75,1
615.25,0
615.5,1
616.75,0
617.0,1
617.25,0
630.5,1
630.75,0
631.0,1
631.25,0
632.5,1
632.75,0
633.0,1
634.0,0
634.25,1
635.25,0
635.5,1
636.25,0
636.5,1
637.25,0
637.5,1
637.75,0
638.0,1
639.5,0
639.75,1
640.0,0
640.25,1
640.5,0
640.75,1
641.5,0
641.75,1
642.0,0
702.75,1
703.0,0
705.0,1
707.0,0
707.25,1
710.5,0
710.75,1
711.25,0
711.5,1
712.25,0
712.5,1
712.75,0
713.0,1
713.75,0
716.75,1
717.0,0
727.5,1
728.0,0
728.75,1
729.75,0
730.0,1
730.75,0
731.0,1
732.5,0
732.75,1
733.0,0
733.25,1
733.5,0
733.75,1
734.0,0
734.25,1
734.5,0
735.0,1
735.5,0
735.75,1
736.5,0
736.75,1
737.25,0
741.75,1
742.0,0
753.5,1
754.5,0
754.75,1
755.0,0
755.5,1
755.75,0
756.0,1
756.75,0
757.0,1
757.75,0
758.25,1
759.0,0
759.5,1
760.25,0
760.5,1
760.75,0
761.75,1
762.0,0
774.0,1
774.25,0
774.75,1
775.0,0
775.25,1
775.5,0
777.0,1
779.0,0
779.25,1
780.0,0
780.75,1
781.0,0
781.25,1
781.5,0
781.75,1
783.5,0
783.75,1
784.5,0
784.75,1
785.5,0
799.0,1
799.5,0
801.25,1
801.5,0
802.0,1
802.5,0
802.75,1
804.25,0
804.5,1
805.75,0
806.0,1
806.5,0
806.75,1
807.25,0
807.5,1
808.25,0
808.5,1
809.0,0
809.25,1
809.5,0
812.25,1
812.5,0
872.5,1
873.0,0
873.5,1
874.0,0
874.5,1
877.25,0
877.5,1
878.0,0
878.25,1
880.5,0
881.0,1
881.25,0
881.75,1
882.0,0
885.5,1
885.75,0
895.5,1
895.75,0
897.0,1
897.25,0
897.5,1
897.75,0
898.0,1
898.25,0
898.75,1
901.75,0
902.0,1
902.25,0
902.5,1
904.75,0
905.0,1
905.25,0
905.5,1
905.75,0
909.25,1
909.5,0
919.0,1
919.25,0
919.75,1
920.0,0
921.0,1
921.25,0
921.5,1
923.5,0
924.0,1
924.75,0
925.0,1
925.5,0
926.0,1
926.25,0
927.0,1
928.25,0
928.5,1
928.75,0
929.0,1
929.5,0
932.0,1
932.25,0
943.0,1
943.5,0
944.25,1
944.5,0
944.75,1
945.0,0
945.5,1
948.5,0
948.75,1
949.0,0
949.25,1
949.5,0
949.75,1
950.25,0
950.5,1
950.75,0
951.0,1
951.25,0
952.0,1
952.5,0
952.75,1
953.0,0
968.75,1
969.5,0
970.0,1
970.5,0
971.0,1
971.75,0
972.0,1
972.75,0
973.0,1
973.25,0
973.5,1
975.0,0
975.25,1
975.5,0
975.75,1
976.0,0
976.5,1
977.0,0
981.0,1
981.25,0
1038.5,1
1038.75,0
1039.0,1
1039.25,0
1039.75,1
1040.0,0
1040.5,1
1041.0,0
1041.25,1
1041.75,0
1042.25,1
1043.5,0
1044.0,1
1045.0,0
1045.25,1
1045.75,0
1046.0,1
1046.5,0
1046.75,1
1048.75,0
1049.0,1
1049.25,0
1062.0,1
1062.25,0
1064.0,1
1064.25,0
1065.0,1
1065.5,0
1066.0,1
1066.25,0
1066.5,1
1066.75,0
1067.0,1
1071.25,0
1071.5,1
1072.5,0
1110.75,1
1111.0,0
1112.5,1
1114.0,0
1114.25,1
1116.25,0
1116.75,1
1117.5,0
1117.75,1
1118.25,0
1118.5,1
1119.5,0
1119.75,1
1121.5,0
1135.5,1
1135.75,0
1137.25,1
1139.75,0
1140.0,1
1140.5,0
1140.75,1
1141.5,0
1141.75,1
1142.25,0
1142.5,1
1144.0,0
1144.25,1
1144.75,0
1145.0,1
1145.5,0
1207.75,1
1208.0,0
1209.5,1
1209.75,0
1210.5,1
1211.25,0
1211.5,1
1212.0,0
1212.25,1
1213.25,0
1213.75,1
1214.5,0
1214.75,1
1215.25,0
1215.75,1
1217.25,0
1233.0,1
1235.75,0
1236.0,1
1236.5,0
1236.75,1
1238.0,0
1238.25,1
1238.5,0
1238.75,1
1239.0,0
1239.25,1
1239.5,0
1239.75,1
1240.75,0
1245.25,1
1245.5,0
1255.0,1
1255.25,0
1256.0,1
1256.5,0
1256.75,1
1257.5,0
1257.75,1
1260.0,0
1260.5,1
1262.0,0
1262.75,1
1263.25,0
1263.5,1
1264.75,0
1265.25,1
1265.5,0
1271.0,1
1271.25,0
1272.75,1
1273.0,0
1278.25,1
1278.5,0
1279.0,1
1279.25,0
1279.5,1
1279.75,0
1281.0,1
1281.75,0
1282.0,1
1282.5,0
1282.75,1
1283.25,0
1283.5,1
1284.25,0
1284.75,1
1285.25,0
1285.5,1
1286.0,0
1286.75,1
1287.0,0
1287.25,1
1288.0,0
1288.25,1
1289.25,0
1289.5,1
1289.75,0
1304.5,1
1305.0,0
1305.5,1
1307.75,0
1308.0,1
1308.5,0
1308.75,1
1309.75,0
1310.5,1
1311.0,0
1311.25,1
1311.5,0
1311.75,1
1312.75,0
1316.5,1
1316.75,0
1374.5,1
1375.0,0
1377.0,1
1377.25,0
1377.5,1
1378.5,0
1379.0,1
1379.5,0
1380.0,1
1380.25,0
1380.5,1
1382.75,0
1383.25,1
1384.5,0
1400.5,1
1400.75,0
1401.25,1
1402.0,0
1402.5,1
1403.75,0
1404.0,1
1406.25,0
1406.5,1
1408.5,0
1408.75,1
1409.0,0
1413.75,1
1414.0,0
1422.25,1
1422.75,0
1423.0,1
1423.25,0
1425.0,1
1427.0,0
1427.25,1
1427.75,0
1428.0,1
1428.75,0
1429.0,1
1431.0,0
1431.25,1
1432.0,0
1432.25,1
1432.5,0
1432.75,1
1433.0,0
1433.5,1
1433.75,0
1436.5,1
1436.75,0
1437.5,1
1437.75,0
1446.25,1
1446.5,0
1448.75,1
1449.0,0
1449.25,1
1449.5,0
1450.25,1
1451.75,0
1452.0,1
1453.0,0
1453.25,1
1453.75,0
1454.0,1
1457.0,0
1471.25,1
1471.5,0
1472.75,1
1474.0,0
1474.25,1
1476.0,0
1476.25,1
1476.75,0
1477.0,1
1477.5,0
1477.75,1
1478.0,0
1478.25,1
1478.5,0
1478.75,1
1479.5,0
1479.75,1
1480.0,0
1480.25,1
1480.75,0
1481.0,1
1481.25,0
1485.0,1
1485.25,0
1544.25,1
1544.5,0
1545.0,1
1545.75,0
1546.0,1
1546.5,0
1546.75,1
1547.75,0
1548.75,1
1549.25,0
1549.75,1
1551.0,0
1551.5,1
1551.75,0
1552.0,1
1552.75,0
1567.25,1
1567.5,0
1568.75,1
1570.5,0
1570.75,1
1571.0,0
1571.25,1
1572.0,0
1572.25,1
1572.5,0
1572.75,1
1573.5,0
1574.0,1
1576.0,0
1576.25,1
1577.25,0
1592.25,1
1592.5,0
1593.5,1
1594.0,0
1594.25,1
1595.75,0
1596.25,1
1597.0,0
1598.0,1
1601.25,0
1602.0,1
1602.25,0
1605.75,1
1606.25,0
1614.75,1
1615.25,0
1617.25,1
1620.25,0
1621.0,1
1621.5,0
1621.75,1
1622.25,0
1622.5,1
1623.5,0
1623.75,1
1624.0,0
1624.25,1
1624.5,0
1625.5,1
1625.75,0
1628.5,1
1628.75,0
1639.25,1
1639.5,0
1641.0,1
1641.5,0
1642.25,1
1643.0,0
1643.25,1
1645.25,0
1645.5,1
1646.0,0
1646.25,1
1646.75,0
1647.0,1
1648.75,0
1649.0,1
1649.25,0
1649.5,1
1649.75,0
1713.0,1
1714.25,0
1714.5,1
1716.5,0
1717.25,1
1717.5,0
1718.0,1
1718.25,0
1718.5,1
1721.0,0
1721.25,1
1721.5,0
1734.0,1
1734.25,0
1734.5,1
1734.75,0
1737.0,1
1737.25,0
1737.5,1
1739.5,0
1739.75,1
1740.25,0
1740.5,1
1741.25,0
1741.5,1
1741.75,0
1742.0,1
1742.25,0
1742.5,1
1742.75,0
1743.5,1
1745.0,0
1747.25,1
1747.5,0
1757.5,1
1757.75,0
1760.25,1
1760.5,0
1761.0,1
1762.25,0
1763.0,1
1764.0,0
1764.5,1
1765.25,0
1765.5,1
1766.75,0
1767.0,1
1767.5,0
1767.75,1
1768.5,0
1768.75,1
1769.0,0
1769.25,1
1769.75,0
1773.5,1
1773.75,0
1781.5,1
1782.0,0
1782.5,1
1782.75,0
1784.5,1
1786.75,0
1787.25,1
1789.0,0
1789.25,1
1792.0,0
1792.25,1
1793.25,0
1797.0,1
1797.25,0
1808.25,1
1808.5,0
1808.75,1
1809.0,0
1809.25,1
1809.5,0
1809.75,1
1810.25,0
1810.5,1
1814.25,0
1814.5,1
1814.75,0
1815.0,1
1815.25,0
1815.5,1
1815.75,0
1816.0,1
1817.25,0
1879.5,1
1879.75,0
1880.5,1
1881.0,0
1881.25,1
1881.75,0
1882.0,1
1882.25,0
1882.5,1
1883.25,0
1883.5,1
1883.75,0
1884.0,1
1884.25,0
1884.5,1
1886.0,0
1886.5,1
1888.25,0
1888.75,1
1889.25,0
1893.25,1
1893.5,0
1902.5,1
1902.75,0
1905.5,1
1908.5,0
1908.75,1
1909.0,0
1909.5,1
1910.5,0
1910.75,1
1911.0,0
1911.5,1
1912.5,0
1912.75,1
1913.25,0
1926.75,1
1927.25,0
1928.0,1
1928.25,0
1929.0,1
1930.5,0
1930.75,1
1931.5,0
1931.75,1
1932.0,0
1932.25,1
1933.75,0
1934.0,1
1934.75,0
1935.0,1
1935.25,0
1935.5,1
1936.75,0
1952.75,1
1953.0,0
1953.25,1
1954.5,0
1954.75,1
1955.75,0
1956.0,1
1956.25,0
1956.5,1
1956.75,0
1957.0,1
1957.25,0
1957.5,1
1960.5,0
1960.75,1
1961.0,0
1964.25,1
1964.5,0
1974.25,1
1974.5,0
1976.75,1
1977.0,0
1977.25,1
1977.5,0
1977.75,1
1978.25,0
1978.5,1
1980.25,0
1980.5,1
1981.0,0
1981.25,1
1981.75,0
1982.25,1
1983.75,0
1984.0,1
1985.0,0
2049.25,1
2049.5,0
2049.75,1
2054.25,0
2054.5,1
2056.25,0
2056.5,1
2056.75,0
2070.25,1
2070.5,0
2070.75,1
2071.0,0
2072.25,1
2072.5,0
2073.25,1
2073.75,0
2074.0,1
2075.5,0
2075.75,1
2076.5,0
2076.75,1
2078.0,0
2078.25,1
2078.5,0
2079.5,1
2081.0,0
2081.25,1
2082.0,0
2084.75,1
2085.25,0
2096.0,1
2096.25,0
2096.75,1
2100.75,0
2101.0,1
2101.75,0
2102.25,1
2103.0,0
2103.25,1
2104.25,0
2104.5,1
2104.75,0
2107.75,1
2108.0,0
2108.25,1
2108.5,0
2119.0,1
2119.5,0
2120.0,1
2120.25,0
2120.75,1
2121.25,0
2121.5,1
2122.5,0
2122.75,1
2125.0,0
2125.25,1
2126.5,0
2126.75,1
2129.0,0
2129.25,1
2129.75,0
2142.5,1
2142.75,0
2143.0,1
2143.25,0
2143.5,1
2143.75,0
2145.0,1
2145.5,0
2145.75,1
2147.25,0
2147.75,1
2151.5,0
2151.75,1
2152.75,0
2153.0,1
2153.25,0
2214.25,1
2214.5,0
2215.0,1
2215.5,0
2216.5,1
2216.75,0
2217.0,1
2217.25,0
2217.5,1
2218.25,0
2218.5,1
2220.0,0
2220.5,1
2222.25,0
2222.5,1
2224.0,0
2224.5,1
2224.75,0
2225.5,1
2225.75,0
2239.75,1
2240.0,0
2240.25,1
2240.5,0
2240.75,1
2241.75,0
2242.0,1
2242.25,0
2242.5,1
2244.25,0
2244.5,1
2245.25,0
2245.5,1
2246.5,0
2246.75,1
2247.0,0
2247.25,1
2247.5,0
2247.75,1
2249.0,0
2249.25,1
2249.5,0
2262.75,1
2263.0,0
2264.5,1
2264.75,0
2265.5,1
2265.75,0
2266.0,1
2268.75,0
2269.0,1
2269.25,0
2269.5,1
2270.0,0
2270.25,1
2271.25,0
2271.5,1
2273.25,0
2276.25,1
2276.5,0
2277.0,1
2277.25,0
2286.0,1
2286.25,0
2286.75,1
2287.0,0
2287.5,1
2288.0,0
2288.75,1
2289.75,0
2290.0,1
2290.75,0
2291.0,1
2292.25,0
2292.75,1
2293.0,0
2293.25,1
2294.75,0
2295.0,1
2295.75,0
2296.0,1
2296.75,0
2311.25,1
2311.5,0
2313.0,1
2313.25,0
2313.5,1
2314.0,0
2314.5,1
2315.0,0
2315.25,1
2316.0,0
2316.25,1
2317.0,0
2317.25,1
2318.5,0
2319.0,1
2320.25,0
2320.5,1
2321.0,0
2321.5,1
2321.75,0
2384.5,1
2384.75,0
2385.0,1
2385.25,0
2385.75,1
2386.75,0
2387.0,1
2388.0,0
2388.25,1
2388.5,0
2389.0,1
2390.25,0
2390.5,1
2392.0,0
2392.75,1
2393.0,0
2393.25,1
2393.5,0
2397.75,1
2398.0,0
2399.25,1
2399.5,0
2408.75,1
2409.75,0
2410.0,1
2410.75,0
2411.0,1
2412.0,0
2412.25,1
2413.0,0
2413.25,1
2414.25,0
2415.0,1
2415.5,0
2415.75,1
2416.75,0
2421.75,1
2422.0,0
2432.5,1
2432.75,0
2433.0,1
2433.25,0
2433.5,1
2434.25,0
2434.5,1
2435.25,0
2435.5,1
2436.75,0
2437.0,1
2437.75,0
2438.0,1
2439.5,0
2440.0,1
2441.5,0
2445.0,1
2445.25,0
2454.5,1
2455.0,0
2455.25,1
2455.5,0
2455.75,1
2456.0,0
2456.25,1
2456.5,0
2456.75,1
2457.5,0
2457.75,1
2459.75,0
2460.75,1
2461.5,0
2461.75,1
2462.25,0
2462.5,1
2464.5,0
2464.75,1
2465.25,0
2479.75,1
2480.0,0
2480.25,1
2480.5,0
2481.0,1
2482.0,0
2482.25,1
2483.5,0
2484.0,1
2484.75,0
2485.25,1
2487.0,0
2487.5,1
2489.0,0
2489.5,1
2489.75,0
2550.5,1
2551.0,0
2553.0,1
2553.75,0
2554.0,1
2557.0,0
2557.25,1
2557.75,0
2558.0,1
2558.5,0
2558.75,1
2559.0,0
2559.25,1
2559.5,0
2559.75,1
2560.25,0
2560.75,1
2561.25,0
2576.75,1
2577.0,0
2577.25,1
2580.25,0
2580.5,1
2581.0,0
2581.25,1
2581.5,0
2582.25,1
2582.75,0
2583.0,1
2585.25,0
2589.25,1
2589.5,0
2598.0,1
2598.75,0
2599.0,1
2599.5,0
2600.25,1
2600.5,0
2600.75,1
2601.75,0
2602.25,1
2603.75,0
2604.0,1
2605.5,0
2606.0,1
2606.75,0
2607.0,1
2607.75,0
2608.0,1
2608.5,0
2608.75,1
2609.0,0
2624.0,1
2624.25,0
2625.0,1
2625.25,0
2626.0,1
2627.5,0
2627.75,1
2630.5,0
2630.75,1
2632.25,0
2632.5,1
2633.25,0
2637.0,1
2637.25,0
2645.75,1
2646.0,0
2648.75,1
2650.25,0
2650.5,1
2651.5,0
2651.75,1
2652.0,0
2652.25,1
2652.75,0
2653.0,1
2653.25,0
2653.75,1
2654.25,0
2654.75,1
2655.25,0
2655.5,1
2656.75,0
2657.0,1
2657.25,0
2660.0,1
2660.25,0
2660.75,1
2661.25,0
2718.0,1
2718.25,0
2720.75,1
2721.75,0
2722.75,1
2724.25,0
2724.5,1
2725.5,0
2725.75,1
2726.5,0
2726.75,1
2728.0,0
2729.25,1
2729.5,0
2741.75,1
2742.0,0
2742.75,1
2743.25,0
2744.5,1
2745.25,0
2745.75,1
2746.0,0
2746.25,1
2747.5,0
2748.25,1
2749.25,0
2749.5,1
2750.0,0
2750.25,1
2751.0,0
2751.5,1
2751.75,0
2752.0,1
2752.25,0
2752.5,1
2753.25,0
2757.25,1
2757.5,0
2767.0,1
2767.5,0
2768.75,1
2769.0,0
2769.25,1
2770.5,0
2770.75,1
2772.25,0
2772.75,1
2774.0,0
2774.5,1
2774.75,0
2775.0,1
2775.75,0
2776.0,1
2776.5,0
2790.25,1
2790.5,0
2792.75,1
2793.0,0
2793.25,1
2794.25,0
2794.5,1
2795.75,0
2796.0,1
2798.75,0
2799.0,1
2799.25,0
2799.75,1
2800.0,0
2800.25,1
2800.5,0
2801.25,1
2801.5,0
2816.75,1
2818.0,0
2818.25,1
2819.75,0
2820.25,1
2820.75,0
2821.0,1
2821.5,0
2821.75,1
2822.75,0
2823.0,1
2823.25,0
2823.5,1
2825.0,0
2829.0,1
2829.25,0
2889.25,1
2891.0,0
2891.25,1
2893.25,0
2893.75,1
2894.5,0
2894.75,1
2896.0,0
2896.25,1
2896.75,0
2897.0,1
2897.25,0
2900.5,1
2900.75,0
2901.0,1
2901.25,0
2912.0,1
2912.25,0
2912.75,1
2913.0,0
2913.25,1
2913.5,0
2913.75,1
2916.0,0
2916.25,1
2917.75,0
2918.0,1
2921.25,0
2921.75,1
2922.0,0
2934.5,1
2934.75,0
2935.0,1
2935.5,0
2936.25,1
2936.5,0
2937.0,1
2937.25,0
2937.75,1
2939.25,0
2939.5,1
2939.75,0
2940.0,1
2940.75,0
2941.5,1
2943.5,0
2944.0,1
2945.25,0
2958.5,1
2958.75,0
2960.75,1
2961.0,0
2961.25,1
2963.75,0
2964.25,1
2964.5,0
2965.0,1
2965.25,0
2965.5,1
2966.0,0
2966.25,1
2969.0,0
2969.25,1
2969.5,0
2984.25,1
2984.5,0
2985.0,1
2985.75,0
2986.0,1
2987.5,0
2987.75,1
2988.25,0
2988.5,1
2989.75,0
2990.0,1
2992.0,0
2992.25,1
2993.5,0
2997.0,1
2997.25,0
3057.25,1
3057.5,0
3057.75,1
3058.5,0
3059.0,1
3061.75,0
3062.0,1
3062.25,0
3062.5,1
3065.25,0
3080.75,1
3081.25,0
3081.5,1
3081.75,0
3082.0,1
3082.25,0
3082.5,1
3083.0,0
3083.25,1
3083.5,0
3083.75,1
3084.0,0
3084.25,1
3084.75,0
3085.0,1
3085.25,0
3085.5,1
3086.75,0
3087.25,1
3088.75,0
3089.0,1
3089.25,0
3090.75,1
3091.0,0
3103.25,1
3104.25,0
3104.5,1
3104.75,0
3105.0,1
3105.5,0
3105.75,1
3107.25,0
3107.75,1
3108.5,0
3108.75,1
3109.75,0
3110.25,1
3112.25,0
3112.75,1
3113.0,0
3127.5,1
3127.75,0
3128.0,1
3128.25,0
3128.75,1
3129.0,0
3129.25,1
3129.75,0
3130.0,1
3130.5,0
3130.75,1
3131.25,0
3131.5,1
3135.0,0
3135.25,1
3137.0,0
3141.0,1
3141.25,0
3150.0,1
3150.25,0
3150.5,1
3150.75,0
3153.0,1
3153.75,0
3154.0,1
3155.25,0
3155.5,1
3155.75,0
3156.0,1
3156.25,0
3156.75,1
3157.0,0
3157.5,1
3158.0,0
3158.25,1
3160.75,0
3161.0,1
3161.5,0
3165.25,1
3165.5,0
3225.0,1
3225.25,0
3225.5,1
3226.25,0
3227.0,1
3227.5,0
3228.5,1
3228.75,0
3229.75,1
3230.25,0
3230.5,1
3231.5,0
3231.75,1
3233.25,0
3247.0,1
3247.25,0
3248.75,1
3249.0,0
3249.25,1
3250.75,0
3251.0,1
3251.25,0
3251.5,1
3253.0,0
3253.25,1
3253.75,0
3254.0,1
3254.25,0
3254.5,1
3254.75,0
3255.25,1
3255.5,0
3256.0,1
3256.75,0
3257.25,1
3257.5,0
3270.5,1
3270.75,0
3271.5,1
3271.75,0
3272.5,1
3272.75,0
3273.25,1
3274.0,0
3274.25,1
3275.5,0
3275.75,1
3277.25,0
3277.5,1
3277.75,0
3278.5,1
3279.25,0
3279.5,1
3279.75,0
3280.0,1
3281.25,0
3285.5,1
3285.75,0
3286.0,1
3286.25,0
3286.5,1
3286.75,0
3294.5,1
3294.75,0
3296.75,1
3297.75,0
3298.0,1
3300.25,0
3300.5,1
3304.5,0
3304.75,1
3305.25,0
3317.75,1
3318.0,0
3318.75,1
3319.0,0
3319.75,1
3320.0,0
3320.75,1
3323.75,0
3324.0,1
3324.25,0
3324.5,1
3325.75,0
3326.0,1
3328.5,0
3329.0,1
3329.5,0
3390.25,1
3390.5,0
3391.5,1
3391.75,0
3393.0,1
3394.5,0
3394.75,1
3395.0,0
3395.25,1
3396.0,0
3396.25,1
3397.0,0
3397.25,1
3398.5,0
3398.75,1
3400.0,0
3400.25,1
3400.75,0
3401.0,1
3401.25,0
3401.5,1
3401.75,0
3416.75,1
3417.0,0
3417.75,1
3419.0,0
3419.25,1
3420.5,0
3420.75,1
3421.0,0
3421.25,1
3421.75,0
3422.25,1
3422.75,0
3423.0,1
3423.25,0
3423.5,1
3424.25,0
3424.5,1
3424.75,0
3425.0,1
3425.5,0
3425.75,1
3426.0,0
3428.25,1
3428.5,0
3441.25,1
3441.5,0
3443.0,1
3444.0,0
3444.5,1
3445.25,0
3445.5,1
3446.25,0
3447.0,1
3447.5,0
3447.75,1
3449.0,0
3449.5,1
3449.75,0
3463.75,1
3464.0,0
3465.0,1
3465.25,0
3465.5,1
3468.0,0
3468.25,1
3468.75,0
3469.0,1
3471.5,0
3471.75,1
3472.0,0
3472.25,1
3472.5,0
3472.75,1
3473.5,0
3488.0,1
3488.25,0
3489.0,1
3489.5,0
3490.0,1
3490.25,0
3490.75,1
3492.0,0
3492.25,1
3492.5,0
3492.75,1
3496.0,0
3496.25,1
3496.5,0
3496.75,1
3497.25,0
3497.5,1
3497.75,0
3498.0,1
3498.25,0
3560.75,1
3561.0,0
3561.25,1
3561.75,0
3562.0,1
3563.5,0
3563.75,1
3564.0,0
3564.25,1
3564.75,0
3565.25,1
3567.5,0
3568.0,1
3569.25,0
3569.5,1
3569.75,0
3573.0,1
3573.25,0
3606.75,1
3607.0,0
3609.0,1
3609.25,0
3609.5,1
3610.0,0
3610.25,1
3612.5,0
3612.75,1
3613.0,0
3613.5,1
3613.75,0
3614.0,1
3614.75,0
3615.0,1
3616.0,0
3616.75,1
3617.0,0
3617.25,1
3617.75,0
3621.5,1
3621.75,0
3631.0,1
3631.25,0
3632.75,1
3633.0,0
3633.5,1
3634.5,0
3634.75,1
3635.0,0
3635.25,1
3636.25,0
3636.5,1
3637.0,0
3637.25,1
3637.5,0
3637.75,1
3641.0,0
3645.0,1
3645.25,0
3657.0,1
3657.75,0
3658.0,1
3658.25,0
3658.75,1
3659.25,0
3659.5,1
3660.75,0
3661.0,1
3661.25,0
3661.75,1
3662.5,0
3663.25,1
3663.75,0
3664.25,1
3664.75,0
3665.25,1
3665.5,0
3668.5,1
3668.75,0
3725.75,1
3726.0,0
3726.5,1
3726.75,0
3728.0,1
3728.25,0
3728.5,1
3730.0,0
3730.5,1
3731.0,0
3731.25,1
3731.75,0
3732.0,1
3733.25,0
3733.5,1
3734.5,0
3735.0,1
3736.25,0
3736.5,1
3736.75,0
3737.0,1
3737.25,0
3742.0,1
3742.25,0
3753.0,1
3753.25,0
3753.5,1
3754.5,0
3754.75,1
3755.75,0
3756.0,1
3757.25,0
3758.5,1
3759.0,0
3759.25,1
3760.25,0
3760.5,1
3761.5,0
3776.0,1
3776.75,0
3777.5,1
3780.25,0
3780.5,1
3781.75,0
3782.0,1
3783.75,0
3784.0,1
3784.75,0
3798.5,1
3798.75,0
3799.0,1
3799.25,0
3800.25,1
3800.75,0
3801.5,1
3802.5,0
3803.0,1
3804.25,0
3804.5,1
3805.5,0
3805.75,1
3807.25,0
3807.75,1
3808.0,0
3808.25,1
3809.25,0
3822.5,1
3822.75,0
3825.0,1
3826.75,0
3827.0,1
3827.25,0
3827.5,1
3828.0,0
3828.5,1
3830.25,0
3830.5,1
3831.0,0
3831.25,1
3833.25,0
3836.5,1
3836.75,0
3894.75,1
3895.0,0
3896.5,1
3896.75,0
3897.25,1
3898.0,0
3898.25,1
3898.75,0
3899.0,1
3902.25,0
3902.5,1
3904.0,0
3904.25,1
3905.0,0
3905.25,1
3905.5,0
3910.0,1
3910.25,0
3918.5,1
3918.75,0
3921.25,1
3921.5,0
3921.75,1
3923.75,0
3924.0,1
3924.25,0
3924.5,1
3925.0,0
3925.75,1
3926.25,0
3926.5,1
3926.75,0
3927.0,1
3929.25,0
3932.5,1
3932.75,0
3942.25,1
3942.75,0
3945.0,1
3946.5,0
3946.75,1
3947.5,0
3947.75,1
3948.5,0
3948.75,1
3949.0,0
3949.25,1
3949.75,0
3950.0,1
3950.25,0
3950.75,1
3951.0,0
3951.25,1
3953.5,0
3957.75,1
3958.0,0
3967.5,1
3967.75,0
3969.5,1
3972.0,0
3972.25,1
3972.5,0
3973.0,1
3974.0,0
3974.25,1
3975.5,0
3975.75,1
3976.5,0
3976.75,1
3977.0,0
3977.25,1
3977.5,0
3992.25,1
3992.5,0
3992.75,1
3994.25,0
3994.5,1
3995.0,0
3995.25,1
3996.0,0
3996.25,1
3996.75,0
3997.0,1
3997.25,0
3997.5,1
3999.0,0
3999.25,1
4000.25,0
4000.5,1
4001.25,0
4062.75,1
4063.0,0
4065.5,1
4066.0,0
4066.25,1
4068.5,0
4069.0,1
4069.5,0
4069.75,1
4070.0,0
4070.5,1
4071.5,0
4071.75,1
4072.25,0
4072.5,1
4073.0,0
4076.75,1
4077.0,0
4077.5,1
4077.75,0
4078.25,1
4078.5,0
4086.75,1
4087.0,0
4088.75,1
4089.25,0
4089.5,1
4089.75,0
4090.0,1
4090.5,0
4090.75,1
4092.25,0
4092.75,1
4093.5,0
4093.75,1
4094.0,0
4094.75,1
4095.75,0
4096.0,1
4097.5,0
4101.25,1
4101.5,0
4110.5,1
4110.75,0
4111.25,1
4111.5,0
4112.0,1
4112.25,0
4113.5,1
4115.25,0
4115.75,1
4116.5,0
4116.75,1
4117.0,0
4117.25,1
4120.5,0
4120.75,1
4121.25,0
4125.0,1
4125.25,0
4134.25,1
4134.5,0
4137.0,1
4137.25,0
4137.75,1
4139.5,0
4140.0,1
4140.5,0
4140.75,1
4141.0,0
4141.25,1
4141.75,0
4142.0,1
4144.25,0
4144.5,1
4144.75,0
4145.25,1
4145.5,0
4161.0,1
4161.25,0
4161.5,1
4163.75,0
4164.0,1
4165.5,0
4165.75,1
4166.0,0
4166.25,1
4166.75,0
4167.0,1
4168.5,0
4169.0,1
4169.25,0
4173.0,1
4173.25,0
4230.75,1
4231.0,0
4232.0,1
4232.25,0
4232.75,1
4233.0,0
4233.5,1
4233.75,0
4234.0,1
4235.5,0
4236.25,1
4236.75,0
4237.0,1
4237.25,0
4237.5,1
4238.0,0
4238.25,1
4238.5,0
4238.75,1
4239.25,0
4239.5,1
4240.25,0
4240.75,1
4241.75,0
4244.5,1
4244.75,0
4245.0,1
4245.25,0
4257.25,1
4257.75,0
4258.0,1
4259.25,0
4260.25,1
4261.5,0
4261.75,1
4262.25,0
4262.5,1
4263.75,0
4264.0,1
4264.25,0
4264.5,1
4265.5,0
4279.75,1
4280.0,0
4281.25,1
4282.5,0
4282.75,1
4284.25,0
4284.75,1
4285.0,0
4285.25,1
4287.5,0
4287.75,1
4289.25,0
4304.0,1
4304.25,0
4304.75,1
4305.0,0
4305.25,1
4307.0,0
4307.25,1
4307.5,0
4307.75,1
4308.75,0
4309.0,1
4309.25,0
4309.5,1
4310.25,0
4310.5,1
4311.5,0
4311.75,1
4312.0,0
4326.5,1
4326.75,0
4328.5,1
4328.75,0
4329.25,1
4329.5,0
4329.75,1
4331.5,0
4331.75,1
4333.0,0
4334.0,1
4334.75,0
4335.0,1
4336.75,0
4337.0,1
4337.25,0
4342.0,1
4342.25,0
4398.25,1
4398.5,0
4399.75,1
4400.0,0
4400.5,1
4400.75,0
4401.0,1
4402.0,0
4402.25,1
4402.5,0
4402.75,1
4406.0,0
4406.25,1
4406.5,0
4407.25,1
4407.5,0
4407.75,1
4408.5,0
4408.75,1
4409.0,0
4412.5,1
4412.75,0
4448.75,1
4449.25,0
4449.5,1
4450.75,0
4451.0,1
4451.5,0
4452.25,1
4452.5,0
4452.75,1
4453.25,0
4453.5,1
4454.0,0
4455.0,1
4456.25,0
4456.5,1
4457.25,0
4470.5,1
4471.0,0
4472.25,1
4472.5,0
4473.25,1
4473.5,0
4474.0,1
4474.5,0
4474.75,1
4475.25,0
4475.75,1
4476.25,0
4476.75,1
4478.0,0
4478.75,1
4480.5,0
4480.75,1
4481.5,0
4495.25,1
4495.5,0
4496.0,1
4497.0,0
4497.5,1
4499.0,0
4499.25,1
4500.25,0
4501.0,1
4501.5,0
4501.75,1
4502.75,0
4503.25,1
4503.5,0
4503.75,1
4504.0,0
4504.25,1
4504.5,0
4505.0,1
4505.25,0
4509.25,1
4509.5,0
4567.5,1
4567.75,0
4568.75,1
4569.0,0
4569.25,1
4571.75,0
4572.0,1
4572.75,0
4573.0,1
4573.25,0
4573.5,1
4574.0,0
4574.25,1
4576.0,0
4576.25,1
4576.5,0
4576.75,1
4577.0,0
4581.5,1
4581.75,0
4590.25,1
4590.75,0
4592.25,1
4592.5,0
4593.0,1
4593.25,0
4593.5,1
4593.75,0
4594.25,1
4595.0,0
4595.25,1
4595.5,0
4596.0,1
4596.5,0
4596.75,1
4597.25,0
4597.5,1
4599.75,0
4600.0,1
4600.25,0
4600.5,1
4600.75,0
4601.25,1
4601.5,0
4614.75,1
4615.0,0
4615.75,1
4616.0,0
4617.0,1
4617.25,0
4618.25,1
4619.0,0
4619.5,1
4621.5,0
4622.25,1
4622.5,0
4623.0,1
4623.25,0
4623.5,1
4624.0,0
4624.25,1
4624.75,0
4625.0,1
4625.25,0
4625.5,1
4625.75,0
4638.5,1
4638.75,0
4639.5,1
4639.75,0
4640.25,1
4640.75,0
4641.0,1
4642.5,0
4643.0,1
4643.25,0
4643.5,1
4644.25,0
4644.75,1
4646.25,0
4646.75,1
4647.5,0
4647.75,1
4648.75,0
4649.0,1
4649.25,0
4649.5,1
4649.75,0
4663.75,1
4664.0,0
4665.0,1
4665.75,0
4666.0,1
4666.5,0
4666.75,1
4668.5,0
4668.75,1
4669.5,0
4669.75,1
4670.0,0
4670.5,1
4672.5,0
4672.75,1
4673.25,0
4736.75,1
4737.5,0
4738.5,1
4739.0,0
4739.25,1
4739.5,0
4739.75,1
4742.25,0
4742.5,1
4743.75,0
4744.0,1
4744.5,0
4744.75,1
4745.25,0
4748.75,1
4749.25,0
4759.0,1
4759.25,0
4761.5,1
4762.5,0
4762.75,1
4765.75,0
4766.0,1
4768.75,0
4782.0,1
4782.5,0
4782.75,1
4783.0,0
4785.25,1
4786.75,0
4787.0,1
4787.5,0
4787.75,1
4789.5,0
4790.0,1
4790.75,0
4791.0,1
4791.75,0
4792.0,1
4792.5,0
4792.75,1
4793.25,0
4793.5,1
4793.75,0
4806.0,1
4806.25,0
4807.5,1
4808.0,0
4809.0,1
4810.25,0
4810.75,1
4811.0,0
4811.25,1
4813.75,0
4814.0,1
4815.25,0
4815.5,1
4815.75,0
4816.25,1
4816.5,0
4816.75,1
4817.25,0
4818.0,1
4818.25,0
4833.0,1
4833.25,0
4833.5,1
4834.5,0
4835.5,1
4836.25,0
4836.5,1
4838.0,0
4838.5,1
4839.75,0
4840.0,1
4840.5,0
4840.75,1
4841.25,0
4841.5,1
4841.75,0
4902.0,1
4902.5,0
4904.75,1
4905.0,0
4905.25,1
4907.75,0
4908.0,1
4909.5,0
4911.0,1
4911.75,0
4912.0,1
4913.0,0
4913.25,1
4913.5,0
4926.5,1
4926.75,0
4928.75,1
4929.0,0
4929.25,1
4929.5,0
4930.0,1
4930.75,0
4931.0,1
4932.5,0
4932.75,1
4933.75,0
4934.0,1
4934.75,0
4935.25,1
4935.5,0
4935.75,1
4936.25,0
4936.5,1
4937.25,0
4942.0,1
4942.25,0
4949.5,1
4949.75,0
4950.25,1
4950.5,0
4951.25,1
4951.5,0
4952.25,1
4952.5,0
4952.75,1
4953.0,0
4953.25,1
4955.5,0
4956.25,1
4956.75,0
4957.0,1
4958.75,0
4959.5,1
4959.75,0
4960.25,1
4961.25,0
4975.75,1
4976.0,0
4976.5,1
4976.75,0
4977.25,1
4977.5,0
4978.5,1
4981.75,0
4982.0,1
4982.25,0
4982.5,1
4983.0,0
4983.25,1
4984.0,0
4984.25,1
4985.0,0
4989.25,1
4989.5,0
5000.75,1
5001.75,0
5002.0,1
5002.75,0
5003.0,1
5003.5,0
5003.75,1
5004.5,0
5004.75,1
5005.25,0
5005.5,1
5006.0,0
5006.25,1
5007.25,0
5007.5,1
5008.5,0
5008.75,1
5009.25,0
5009.5,1
5009.75,0
5014.0,1
5014.25,0
5072.0,1
5073.25,0
5073.75,1
5074.0,0
5074.25,1
5076.75,0
5077.0,1
5077.25,0
5077.5,1
5078.0,0
5078.75,1
5080.25,0
5080.5,1
5081.25,0
5084.5,1
5084.75,0
5093.75,1
5094.0,0
5097.25,1
5097.75,0
5098.0,1
5098.75,0
5099.0,1
5100.5,0
5100.75,1
5101.5,0
5102.25,1
5103.0,0
5103.5,1
5105.0,0
5118.75,1
5119.0,0
5119.25,1
5119.5,0
5120.75,1
5121.0,0
5121.25,1
5122.5,0
5122.75,1
5123.5,0
5123.75,1
5124.0,0
5124.25,1
5124.75,0
5125.0,1
5128.0,0
5128.25,1
5129.0,0
5132.0,1
5132.25,0
5145.0,1
5145.25,0
5145.5,1
5146.5,0
5147.0,1
5148.5,0
5149.5,1
5150.0,0
5150.25,1
5151.0,0
5151.25,1
5151.75,0
5152.0,1
5152.75,0
5156.75,1
5157.0,0
5157.5,1
5157.75,0
5166.0,1
5166.25,0
5168.75,1
5170.25,0
5170.5,1
5172.0,0
5172.25,1
5172.5,0
5173.0,1
5174.25,0
5174.5,1
5175.0,0
5175.5,1
5176.5,0
5177.25,1
5177.5,0
5238.25,1
5238.5,0
5242.0,1
5244.0,0
5244.25,1
5245.25,0
5245.5,1
5246.25,0
5246.5,1
5247.75,0
5248.0,1
5248.5,0
5248.75,1
5249.0,0
5252.25,1
5252.5,0
5265.5,1
5266.5,0
5266.75,1
5267.75,0
5268.0,1
5268.75,0
5269.0,1
5271.5,0
5271.75,1
5272.25,0
5272.5,1
5272.75,0
5273.0,1
5273.5,0
5278.0,1
5278.25,0
5286.0,1
5286.5,0
5286.75,1
5287.25,0
5288.75,1
5289.0,0
5289.75,1
5290.75,0
5291.0,1
5292.5,0
5293.25,1
5295.5,0
5295.75,1
5297.5,0
5310.5,1
5311.0,0
5312.5,1
5313.25,0
5313.5,1
5314.0,0
5314.5,1
5315.5,0
5315.75,1
5317.75,0
5318.0,1
5318.5,0
5318.75,1
5320.0,0
5320.25,1
5320.75,0
5334.5,1
5334.75,0
5337.25,1
5337.5,0
5337.75,1
5341.0,0
5341.5,1
5342.0,0
5342.5,1
5343.0,0
5343.25,1
5343.75,0
5344.0,1
5345.0,0
5349.25,1
5349.5,0
5408.75,1
5409.75,0
5410.0,1
5411.0,0
5411.5,1
5412.25,0
5412.75,1
5414.0,0
5414.25,1
5414.5,0
5414.75,1
5415.25,0
5415.5,1
5416.75,0
5417.75,1
5418.0,0
5422.0,1
5422.25,0
5430.5,1
5430.75,0
5432.5,1
5434.0,0
5434.25,1
5435.75,0
5436.0,1
5439.0,0
5439.25,1
5441.0,0
5454.75,1
5455.25,0
5457.5,1
5459.5,0
5459.75,1
5460.5,0
5461.25,1
5461.5,0
5461.75,1
5462.25,0
5462.5,1
5462.75,0
5463.25,1
5464.25,0
5464.5,1
5465.25,0
5478.5,1
5479.0,0
5479.25,1
5479.5,0
5481.0,1
5481.5,0
5482.0,1
5482.25,0
5482.5,1
5484.25,0
5484.5,1
5485.25,0
5485.5,1
5486.5,0
5486.75,1
5487.5,0
5487.75,1
5488.0,0
5488.25,1
5488.5,0
5488.75,1
5489.5,0
5491.75,1
5492.0,0
5502.25,1
5502.5,0
5503.5,1
5503.75,0
5504.75,1
5505.0,0
5505.25,1
5505.5,0
5506.0,1
5509.0,0
5509.25,1
5510.75,0
5511.25,1
5512.75,0
5516.25,1
5516.5,0
5575.5,1
5575.75,0
5576.5,1
5576.75,0
5577.5,1
5581.25,0
5581.5,1
5582.5,0
5582.75,1
5583.0,0
5583.25,1
5584.25,0
5584.5,1
5585.25,0
5600.25,1
5600.5,0
5601.25,1
5603.5,0
5604.25,1
5605.5,0
5605.75,1
5607.25,0
5607.5,1
5608.75,0
5622.0,1
5622.25,0
5623.25,1
5623.5,0
5624.0,1
5624.25,0
5625.25,1
5625.5,0
5625.75,1
5626.5,0
5626.75,1
5627.5,0
5628.25,1
5628.75,0
5629.25,1
5629.75,0
5630.0,1
5630.25,0
5630.5,1
5630.75,0
5631.0,1
5631.75,0
5632.0,1
5632.75,0
5633.0,1
5633.25,0
5633.75,1
5634.0,0
5647.5,1
5647.75,0
5648.0,1
5648.5,0
5648.75,1
5649.0,0
5649.75,1
5650.75,0
5651.0,1
5652.0,0
5652.25,1
5653.0,0
5653.25,1
5653.75,0
5654.0,1
5654.5,0
5654.75,1
5655.25,0
5655.5,1
5656.75,0
5662.5,1
5662.75,0
5669.5,1
5669.75,0
5670.0,1
5670.25,0
5672.75,1
5673.0,0
5673.25,1
5673.5,0
5673.75,1
5675.75,0
5676.0,1
5677.75,0
5678.0,1
5678.75,0
5679.0,1
5681.0,0
5744.0,1
5744.25,0
5745.0,1
5745.5,0
5745.75,1
5746.75,0
5747.0,1
5747.5,0
5747.75,1
5748.25,0
5748.5,1
5749.5,0
5749.75,1
5750.5,0
5750.75,1
5751.5,0
5751.75,1
5752.5,0
5752.75,1
5753.25,0
5769.25,1
5770.25,0
5770.5,1
5770.75,0
5771.25,1
5774.5,0
5774.75,1
5775.0,0
5775.25,1
5775.75,0
5776.0,1
5776.75,0
5777.0,1
5777.5,0
5780.0,1
5780.25,0
5791.0,1
5791.25,0
5791.5,1
5791.75,0
5793.5,1
5794.0,0
5794.75,1
5795.0,0
5795.25,1
5797.25,0
5797.5,1
5798.5,0
5799.25,1
5799.75,0
5801.0,1
5801.25,0
5814.5,1
5814.75,0
5815.0,1
5815.25,0
5816.75,1
5817.5,0
5817.75,1
5821.25,0
5821.5,1
5821.75,0
5822.5,1
5825.0,0
5825.5,1
5825.75,0
5841.0,1
5842.0,0
5842.25,1
5842.75,0
5843.0,1
5845.0,0
5845.25,1
5845.75,0
5846.0,1
5846.75,0
5847.0,1
5849.25,0
5850.25,1
5850.5,0
5853.25,1
5853.5,0
5910.5,1
5911.5,0
5912.5,1
5912.75,0
5913.25,1
5915.0,0
5915.25,1
5915.75,0
5916.0,1
5916.25,0
5916.5,1
5917.0,0
5917.25,1
5917.75,0
5918.0,1
5918.75,0
5919.0,1
5919.25,0
5919.5,1
5921.25,0
5959.5,1
5959.75,0
5960.5,1
5960.75,0
5961.0,1
5961.25,0
5961.5,1
5962.25,0
5962.5,1
5963.25,0
5963.75,1
5964.0,0
5964.5,1
5966.5,0
5966.75,1
5967.0,0
5967.25,1
5968.0,0
5968.25,1
5969.25,0
5971.25,1
5971.5,0
5983.5,1
5983.75,0
5985.0,1
5986.5,0
5987.0,1
5987.75,0
5988.0,1
5988.25,0
5988.5,1
5989.0,0
5989.25,1
5989.75,0
5990.25,1
5991.0,0
5991.5,1
5992.0,0
5992.25,1
5992.75,0
5993.0,1
5993.25,0
6007.0,1
6007.5,0
6009.0,1
6009.25,0
6009.5,1
6011.75,0
6012.0,1
6012.75,0
6013.0,1
6013.25,0
6013.5,1
6013.75,0
6014.0,1
6015.5,0
6015.75,1
6016.25,0
6016.5,1
6017.25,0
6021.0,1
6021.25,0
6079.25,1
6079.5,0
6080.0,1
6080.25,0
6081.25,1
6084.25,0
6084.5,1
6085.0,0
6085.25,1
6086.25,0
6086.5,1
6088.25,0
6088.75,1
6089.0,0
6105.0,1
6105.25,0
6105.5,1
6106.0,0
6106.25,1
6106.75,0
6107.0,1
6112.75,0
6113.0,1
6113.5,0
6129.25,1
6129.75,0
6130.0,1
6132.0,0
6132.75,1
6133.0,0
6133.25,1
6133.5,0
6133.75,1
6135.25,0
6135.5,1
6136.0,0
6136.75,1
6137.25,0
6141.75,1
6142.0,0
6152.75,1
6153.25,0
6153.5,1
6154.0,0
6154.25,1
6154.75,0
6155.0,1
6156.0,0
6156.25,1
6156.75,0
6157.75,1
6160.25,0
6160.5,1
6160.75,0
6173.75,1
6174.0,0
6174.5,1
6175.0,0
6176.25,1
6177.25,0
6177.5,1
6178.0,0
6178.25,1
6179.5,0
6179.75,1
6180.5,0
6180.75,1
6181.25,0
6181.5,1
6181.75,0
6182.0,1
6182.5,0
6183.25,1
6185.25,0
6188.25,1
6188.5,0
6246.75,1
6247.0,0
6248.75,1
6249.0,0
6249.5,1
6250.0,0
6250.25,1
6252.25,0
6252.75,1
6253.5,0
6254.0,1
6255.0,0
6255.5,1
6255.75,0
6256.0,1
6256.75,0
6260.75,1
6261.0,0
6261.75,1
6262.0,0
6272.5,1
6272.75,0
6273.25,1
6274.0,0
6274.25,1
6275.25,0
6275.5,1
6276.0,0
6276.5,1
6276.75,0
6277.0,1
6279.0,0
6279.25,1
6279.5,0
6279.75,1
6280.25,0
6280.5,1
6281.0,0
6281.5,1
6281.75,0
6294.25,1
6294.5,0
6296.0,1
6296.25,0
6296.75,1
6297.0,0
6297.5,1
6298.5,0
6299.0,1
6299.5,0
6299.75,1
6300.25,0
6300.5,1
6301.0,0
6301.5,1
6302.0,0
6302.25,1
6304.25,0
6304.5,1
6305.0,0
6318.0,1
6318.25,0
6318.75,1
6319.0,0
6319.75,1
6320.0,0
6321.0,1
6322.75,0
6323.0,1
6323.25,0
6323.5,1
6323.75,0
6324.0,1
6324.25,0
6325.0,1
6325.25,0
6325.5,1
6328.75,0
6329.0,1
6329.5,0
6343.0,1
6343.25,0
6344.5,1
6344.75,0
6345.0,1
6345.5,0
6345.75,1
6346.25,0
6346.5,1
6348.75,0
6349.0,1
6349.5,0
6349.75,1
6350.25,0
6350.5,1
6351.5,0
6351.75,1
6353.5,0
6416.75,1
6417.25,0
6417.5,1
6419.75,0
6420.0,1
6420.5,0
6420.75,1
6423.0,0
6423.25,1
6423.75,0
6424.0,1
6424.5,0
6425.25,1
6425.5,0
6439.5,1
6439.75,0
6440.75,1
6442.75,0
6443.0,1
6443.25,0
6443.5,1
6445.0,0
6445.25,1
6446.0,0
6446.25,1
6446.5,0
6446.75,1
6448.75,0
6449.0,1
6449.75,0
6461.75,1
6462.0,0
6463.75,1
6464.0,0
6464.5,1
6464.75,0
6465.0,1
6467.75,0
6468.25,1
6469.25,0
6469.5,1
6470.0,0
6470.25,1
6470.5,0
6470.75,1
6471.25,0
6472.0,1
6472.75,0
6487.25,1
6487.5,0
6488.75,1
6489.0,0
6489.25,1
6489.5,0
6489.75,1
6493.0,0
6493.5,1
6494.0,0
6494.25,1
6494.5,0
6494.75,1
6497.25,0
6511.75,1
6512.25,0
6513.0,1
6513.25,0
6513.5,1
6514.25,0
6514.5,1
6518.0,0
6518.25,1
6520.0,0
6520.25,1
6520.5,0
6520.75,1
6521.0,0
6526.25,1
6526.5,0
6582.0,1
6582.25,0
6583.25,1
6583.5,0
6584.0,1
6584.25,0
6585.0,1
6585.5,0
6585.75,1
6588.5,0
6588.75,1
6589.75,0
6590.0,1
6590.25,0
6590.5,1
6592.25,0
6592.5,1
6593.5,0
6595.75,1
6596.0,0
6607.25,1
6607.5,0
6608.75,1
6609.0,0
6609.5,1
6611.5,0
6612.0,1
6612.75,0
6613.0,1
6613.5,0
6614.25,1
6615.5,0
6616.0,1
6617.25,0
6620.5,1
6620.75,0
6631.25,1
6631.5,0
6632.75,1
6634.0,0
6634.25,1
6636.25,0
6636.5,1
6637.5,0
6637.75,1
6638.0,0
6638.25,1
6639.0,0
6639.25,1
6641.0,0
6644.25,1
6644.5,0
6656.75,1
6657.0,0
6657.75,1
6658.75,0
6659.0,1
6660.0,0
6660.25,1
6663.0,0
6663.25,1
6663.75,0
6664.0,1
6664.25,0
6664.5,1
6664.75,0
6665.5,1
6665.75,0
6671.0,1
6671.25,0
6675.0,1
6675.25,0
6678.75,1
6679.0,0
6679.75,1
6680.75,0
6681.0,1
6682.25,0
6682.5,1
6682.75,0
6683.0,1
6683.5,0
6684.25,1
6684.75,0
6685.0,1
6686.75,0
6687.0,1
6687.25,0
6687.5,1
6688.5,0
6688.75,1
6689.25,0
6751.75,1
6752.0,0
6752.5,1
6752.75,0
6753.0,1
6754.0,0
6754.25,1
6756.25,0
6756.5,1
6757.25,0
6757.5,1
6758.25,0
6758.5,1
6758.75,0
6759.0,1
6760.5,0
6760.75,1
6761.0,0
6761.5,1
6761.75,0
6799.0,1
6799.5,0
6801.25,1
6802.5,0
6803.5,1
6803.75,0
6804.0,1
6804.25,0
6804.5,1
6806.5,0
6806.75,1
6808.25,0
6808.75,1
6809.0,0
6812.5,1
6813.0,0
6823.25,1
6823.5,0
6824.5,1
6824.75,0
6825.25,1
6827.75,0
6828.0,1
6829.25,0
6829.5,1
6830.5,0
6830.75,1
6831.0,0
6831.25,1
6831.5,0
6831.75,1
6833.0,0
6837.25,1
6837.75,0
6846.25,1
6846.5,0
6846.75,1
6847.0,0
6847.25,1
6847.5,0
6848.5,1
6849.0,0
6849.75,1
6852.5,0
6852.75,1
6853.25,0
6853.75,1
6854.25,0
6854.75,1
6855.0,0
6855.25,1
6857.0,0
6857.25,1
6857.5,0
6860.5,1
6860.75,0
6861.5,1
6861.75,0
6918.75,1
6919.0,0
6919.25,1
6919.5,0
6921.0,1
6921.25,0
6921.75,1
6922.75,0
6923.0,1
6924.25,0
6924.5,1
6925.75,0
6926.0,1
6927.25,0
6927.75,1
6928.0,0
6928.25,1
6928.75,0
6929.0,1
6929.25,0
6933.0,1
6933.25,0
6943.75,1
6944.0,0
6944.75,1
6947.25,0
6947.5,1
6948.5,0
6948.75,1
6949.0,0
6949.25,1
6949.5,0
6949.75,1
6950.0,0
6950.25,1
6951.0,0
6951.25,1
6951.5,0
6951.75,1
6952.5,0
6952.75,1
6953.25,0
6953.5,1
6953.75,0
6957.5,1
6957.75,0
6958.0,1
6958.25,0
6967.75,1
6968.0,0
6969.25,1
6971.75,0
6972.25,1
6973.0,0
6973.5,1
6974.0,0
6974.25,1
6975.0,0
6975.25,1
6975.75,0
6976.0,1
6976.5,0
6976.75,1
6977.0,0
6990.75,1
6991.0,0
6992.75,1
6994.0,0
6994.25,1
6995.75,0
6996.0,1
6997.0,0
6997.25,1
6998.0,0
6998.25,1
7000.25,0
7001.25,1
7001.5,0
7005.25,1
7005.5,0
7015.5,1
7016.0,0
7016.75,1
7017.0,0
7017.5,1
7018.5,0
7018.75,1
7019.25,0
7019.5,1
7019.75,0
7020.0,1
7021.75,0
7022.0,1
7023.0,0
7023.25,1
7024.25,0
7024.5,1
7024.75,0
7025.0,1
7025.25,0
7025.5,1
7025.75,0
7029.0,1
7029.25,0
7029.75,1
7030.0,0
7086.75,1
7087.0,0
7089.0,1
7091.0,0
7091.25,1
7093.25,0
7094.0,1
7094.25,0
7094.5,1
7094.75,0
7095.0,1
7096.0,0
7096.25,1
7097.0,0
7100.75,1
7101.0,0
7101.75,1
7102.0,0
7109.5,1
7109.75,0
7112.75,1
7113.5,0
7113.75,1
7114.0,0
7114.5,1
7116.5,0
7116.75,1
7117.5,0
7117.75,1
7120.75,0
7121.5,1
7121.75,0
7134.0,1
7134.5,0
7134.75,1
7135.0,0
7136.75,1
7137.0,0
7137.75,1
7139.75,0
7140.0,1
7140.25,0
7140.75,1
7141.0,0
7141.25,1
7141.75,0
7142.0,1
7142.25,0
7142.5,1
7142.75,0
7143.0,1
7144.0,0
7144.5,1
7145.0,0
7158.75,1
7159.25,0
7160.0,1
7160.25,0
7161.5,1
7163.0,0
7163.25,1
7163.75,0
7164.0,1
7164.5,0
7164.75,1
7166.0,0
7166.75,1
7167.25,0
7167.75,1
7169.0,0
7169.5,1
7169.75,0
7182.0,1
7182.25,0
7183.5,1
7183.75,0
7184.0,1
7184.25,0
7184.5,1
7184.75,0
7185.0,1
7185.25,0
7185.5,1
7188.5,0
7188.75,1
7189.5,0
7190.0,1
7190.75,0
7191.0,1
7191.25,0
7191.5,1
7191.75,0
7192.0,1
7193.0,0
7193.25,1
7193.5,0
7197.5,1
7197.75,0
7254.5,1
7255.0,0
7256.0,1
7256.25,0
7256.5,1
7256.75,0
7257.0,1
7257.5,0
7257.75,1
7258.0,0
7258.25,1
7261.5,0
7261.75,1
7262.0,0
7262.25,1
7262.75,0
7263.0,1
7265.25,0
7278.5,1
7278.75,0
7280.75,1
7282.75,0
7283.0,1
7284.0,0
7284.25,1
7284.5,0
7285.0,1
7285.25,0
7285.5,1
7285.75,0
7286.0,1
7286.5,0
7286.75,1
7289.0,0
7289.25,1
7289.5,0
7304.75,1
7306.75,0
7307.0,1
7308.25,0
7308.5,1
7308.75,0
7309.0,1
7309.5,0
7309.75,1
7310.0,0
7310.5,1
7311.25,0
7311.5,1
7311.75,0
7312.0,1
7313.0,0
7315.75,1
7316.0,0
7316.5,1
7316.75,0
7326.5,1
7326.75,0
7327.0,1
7327.25,0
7329.0,1
7329.25,0
7329.5,1
7330.25,0
7330.5,1
7330.75,0
7331.0,1
7331.75,0
7332.0,1
7332.25,0
7332.75,1
7333.0,0
7333.25,1
7333.75,0
7334.0,1
7334.75,0
7335.25,1
7336.75,0
7341.25,1
7341.5,0
7353.0,1
7354.0,0
7354.25,1
7355.75,0
7356.0,1
7357.5,0
7357.75,1
7359.5,0
7359.75,1
7361.0,0
7423.5,1
7423.75,0
7425.25,1
7426.75,0
7427.25,1
7428.25,0
7428.5,1
7429.5,0
7430.0,1
7432.25,0
7432.5,1
7432.75,0
7437.0,1
7437.25,0
7446.25,1
7446.5,0
7449.0,1
7452.5,0
7452.75,1
7453.0,0
7453.25,1
7456.0,0
7456.25,1
7456.5,0
7456.75,1
7457.25,0
7473.25,1
7475.75,0
7476.0,1
7477.5,0
7478.0,1
7478.5,0
7478.75,1
7479.5,0
7479.75,1
7480.5,0
7480.75,1
7481.0,0
7481.5,1
7481.75,0
7494.5,1
7494.75,0
7497.0,1
7498.75,0
7499.0,1
7499.5,0
7499.75,1
7501.0,0
7501.25,1
7502.5,0
7503.0,1
7503.5,0
7503.75,1
7504.75,0
7509.75,1
7510.0,0
7517.75,1
7518.5,0
7521.25,1
7522.5,0
7523.25,1
7526.0,0
7526.5,1
7527.0,0
7527.25,1
7527.75,0
7528.0,1
7529.0,0
7529.25,1
7529.5,0
7590.25,1
7590.5,0
7590.75,1
7591.0,0
7591.25,1
7591.5,0
7592.75,1
7593.0,0
7593.25,1
7594.5,0
7594.75,1
7595.5,0
7595.75,1
7596.75,0
7597.0,1
7597.5,0
7597.75,1
7598.0,0
7598.25,1
7598.75,0
7599.0,1
7600.5,0
7600.75,1
7601.75,0
7616.5,1
7616.75,0
7617.0,1
7617.25,0
7617.5,1
7618.0,0
7618.5,1
7620.0,0
7620.25,1
7621.0,0
7621.25,1
7624.5,0
7624.75,1
7625.25,0
7629.75,1
7630.0,0
7641.25,1
7643.75,0
7644.0,1
7644.25,0
7644.5,1
7644.75,0
7645.0,1
7645.75,0
7646.25,1
7646.5,0
7646.75,1
7648.25,0
7648.5,1
7648.75,0
7649.0,1
7649.25,0
7649.5,1
7649.75,0
7651.75,1
7652.0,0
7661.75,1
7662.0,0
7665.0,1
7665.25,0
7665.5,1
7668.75,0
7669.0,1
7669.25,0
7669.75,1
7670.5,0
7670.75,1
7671.5,0
7671.75,1
7672.0,0
7672.25,1
7673.25,0
7686.75,1
7687.0,0
7687.25,1
7687.5,0
7689.5,1
7690.0,0
7690.25,1
7690.75,0
7691.0,1
7692.25,0
7693.25,1
7693.5,0
7693.75,1
7694.5,0
7694.75,1
7696.0,0
7696.5,1
7697.25,0
7757.5,1
7757.75,0
7758.0,1
7758.5,0
7759.25,1
7759.5,0
7761.25,1
7762.75,0
7763.0,1
7764.5,0
7764.75,1
7765.5,0
7765.75,1
7766.25,0
7766.5,1
7767.0,0
7767.25,1
7767.5,0
7767.75,1
7769.0,0
7769.25,1
7769.5,0
7784.25,1
7784.5,0
7784.75,1
7785.5,0
7786.0,1
7788.0,0
7788.25,1
7788.75,0
7789.0,1
7790.0,0
7790.25,1
7792.0,0
7792.5,1
7793.25,0
7796.25,1
7796.5,0
7806.75,1
7807.0,0
7807.75,1
7808.0,0
7808.25,1
7808.5,0
7808.75,1
7809.25,0
7809.75,1
7810.25,0
7810.5,1
7813.5,0
7814.0,1
7814.75,0
7815.0,1
7815.25,0
7815.5,1
7815.75,0
7816.0,1
7817.5,0
7820.25,1
7820.5,0
7833.0,1
7833.25,0
7833.5,1
7833.75,0
7834.25,1
7835.25,0
7835.5,1
7836.25,0
7836.5,1
7837.0,0
7837.5,1
7838.25,0
7838.75,1
7839.75,0
7840.0,1
7840.25,0
7840.5,1
7840.75,0
7926.0,1
7926.25,0
7928.75,1
7930.5,0
7930.75,1
7932.5,0
7932.75,1
7934.75,0
7935.0,1
7936.75,0
7949.75,1
7950.25,0
7950.75,1
7951.0,0
7952.75,1
7953.0,0
7953.5,1
7954.5,0
7954.75,1
7956.75,0
7957.0,1
7957.25,0
7958.25,1
7960.75,0
7973.5,1
7973.75,0
7976.5,1
7977.25,0
7977.75,1
7978.0,0
7978.5,1
7979.25,0
7979.5,1
7980.75,0
7981.0,1
7982.0,0
7982.25,1
7982.5,0
7982.75,1
7983.75,0
7984.0,1
7984.5,0
7984.75,1
7985.0,0
8001.25,1
8002.25,0
8002.75,1
8003.75,0
8004.0,1
8004.5,0
8004.75,1
8005.25,0
8005.5,1
8006.0,0
8006.25,1
8007.0,0
8007.25,1
8008.5,0
8025.25,1
8027.75,0
8028.25,1
8031.5,0
8032.0,1
8032.75,0
8033.0,1
8033.25,0
8036.5,1
8036.75,0
8096.75,1
8098.25,0
8098.5,1
8102.25,0
8102.75,1
8104.5,0
8105.25,1
8105.5,0
8110.25,1
8110.5,0
8119.5,1
8119.75,0
8121.25,1
8121.5,0
8121.75,1
8124.25,0
8125.0,1
8125.25,0
8125.5,1
8125.75,0
8126.25,1
8127.0,0
8127.75,1
8128.5,0
8128.75,1
8129.25,0
8134.75,1
8135.0,0
8144.25,1
8144.75,0
8145.5,1
8146.25,0
8146.75,1
8147.5,0
8147.75,1
8148.25,0
8148.5,1
8150.5,0
8150.75,1
8151.75,0
8152.0,1
8152.5,0
8153.25,1
8153.75,0
8168.25,1
8168.5,0
8169.25,1
8169.75,0
8170.0,1
8172.0,0
8172.25,1
8172.75,0
8173.0,1
8174.0,0
8174.25,1
8174.5,0
8174.75,1
8176.5,0
8176.75,1
8177.0,0
8189.0,1
8189.25,0
8190.5,1
8190.75,0
8192.75,1
8193.0,0
8193.25,1
8193.5,0
8194.0,1
8197.5,0
8197.75,1
8198.0,0
8198.25,1
8199.0,0
8199.25,1
8200.0,0
8200.75,1
8201.0,0
8263.5,1
8263.75,0
8264.0,1
8264.25,0
8264.75,1
8265.0,0
8265.25,1
8267.75,0
8268.0,1
8270.0,0
8270.25,1
8270.5,0
8270.75,1
8271.25,0
8271.5,1
8271.75,0
8272.25,1
8272.5,0
8276.25,1
8276.5,0
8277.25,1
8277.5,0
8286.0,1
8286.25,0
8288.0,1
8288.25,0
8288.75,1
8289.25,0
8289.5,1
8289.75,0
8290.0,1
8290.25,0
8290.75,1
8291.5,0
8292.0,1
8296.25,0
8296.5,1
8296.75,0
8297.25,1
8297.5,0
8310.75,1
8311.0,0
8312.5,1
8312.75,0
8313.25,1
8315.5,0
8315.75,1
8317.0,0
8317.25,1
8319.0,0
8319.25,1
8320.0,0
8320.25,1
8321.0,0
8334.5,1
8334.75,0
8335.75,1
8336.0,0
8337.0,1
8337.25,0
8337.5,1
8337.75,0
8338.0,1
8339.25,0
8339.5,1
8339.75,0
8340.0,1
8340.75,0
8341.0,1
8341.25,0
8341.75,1
8344.75,0
8345.0,1
8345.25,0
8358.25,1
8358.5,0
8359.25,1
8359.5,0
8360.75,1
8361.0,0
8361.25,1
8361.75,0
8362.0,1
8362.5,0
8362.75,1
8363.75,0
8364.25,1
8365.0,0
8365.5,1
8366.5,0
8366.75,1
8367.75,0
8368.25,1
8369.0,0
8369.25,1
8369.75,0
8433.25,1
8433.75,0
8434.0,1
8435.75,0
8436.0,1
8436.5,0
8436.75,1
8437.25,0
8437.5,1
8438.25,0
8438.5,1
8441.0,0
8441.25,1
8441.5,0
8458.0,1
8459.5,0
8459.75,1
8460.5,0
8460.75,1
8461.0,0
8461.25,1
8461.5,0
8462.0,1
8462.75,0
8463.0,1
8463.25,0
8463.75,1
8465.0,0
8477.25,1
8477.5,0
8479.0,1
8479.5,0
8480.5,1
8480.75,0
8481.0,1
8482.25,0
8482.5,1
8484.0,0
8484.25,1
8485.75,0
8486.0,1
8486.75,0
8487.0,1
8487.5,0
8487.75,1
8488.0,0
8488.5,1
8488.75,0
8489.0,1
8489.5,0
8504.25,1
8504.5,0
8505.0,1
8505.25,0
8505.5,1
8505.75,0
8506.0,1
8508.0,0
8508.25,1
8508.5,0
8509.0,1
8510.25,0
8510.5,1
8512.75,0
8517.0,1
8517.25,0
8529.0,1
8529.5,0
8529.75,1
8531.0,0
8531.25,1
8532.0,0
8532.5,1
8533.0,0
8533.25,1
8536.5,0
8536.75,1
8537.25,0
8621.75,1
8622.0,0
8623.0,1
8623.25,0
8623.5,1
8623.75,0
8624.5,1
8624.75,0
8625.25,1
8625.5,0
8626.0,1
8626.75,0
8627.0,1
8627.5,0
8627.75,1
8628.0,0
8628.5,1
8630.5,0
8630.75,1
8631.75,0
8632.0,1
8632.5,0
8632.75,1
8633.0,0
8633.5,1
8634.0,0
8636.75,1
8637.0,0
8646.75,1
8647.0,0
8647.5,1
8647.75,0
8648.0,1
8648.25,0
8649.25,1
8652.0,0
8652.25,1
8652.75,0
8653.0,1
8653.5,0
8654.0,1
8654.5,0
8655.0,1
8655.25,0
8655.5,1
8656.0,0
8656.25,1
8657.75,0
8670.25,1
8670.5,0
8672.0,1
8672.25,0
8673.25,1
8673.75,0
8674.0,1
8674.5,0
8674.75,1
8676.0,0
8676.5,1
8677.0,0
8677.25,1
8678.0,0
8678.5,1
8679.25,0
8679.5,1
8680.75,0
8685.25,1
8685.5,0
8693.5,1
8693.75,0
8694.25,1
8694.5,0
8695.25,1
8695.5,0
8696.5,1
8696.75,0
8697.0,1
8697.5,0
8697.75,1
8698.0,0
8698.25,1
8700.0,0
8700.25,1
8702.0,0
8704.0,1
8704.75,0
