#1


float Room-214 (4303,2)
0.0,0
30.5,1
30.75,0
31.25,1
31.5,0
32.75,1
34.0,0
34.25,1
35.25,0
35.5,1
37.0,0
37.25,1
37.5,0
37.75,1
38.25,0
38.5,1
39.25,0
40.0,1
40.25,0
40.5,1
40.75,0
41.0,1
41.25,0
45.0,1
45.25,0
55.25,1
55.5,0
57.0,1
57.25,0
57.5,1
59.0,0
59.5,1
60.25,0
60.5,1
60.75,0
61.0,1
62.0,0
62.25,1
63.75,0
64.0,1
65.25,0
78.5,1
78.75,0
79.0,1
79.25,0
79.5,1
80.0,0
80.75,1
81.25,0
81.5,1
81.75,0
82.0,1
82.5,0
82.75,1
84.0,0
84.5,1
85.0,0
85.5,1
87.0,0
87.25,1
88.75,0
104.75,1
107.75,0
108.25,1
108.5,0
108.75,1
109.25,0
109.75,1
112.75,0
128.0,1
128.25,0
129.0,1
131.5,0
131.75,1
132.5,0
133.25,1
133.5,0
134.25,1
135.75,0
136.0,1
137.25,0
138.0,1
138.25,0
199.0,1
199.25,0
200.25,1
200.5,0
200.75,1
203.0,0
203.5,1
204.5,0
204.75,1
206.25,0
206.5,1
207.0,0
207.25,1
208.75,0
209.0,1
209.25,0
213.0,1
213.25,0
221.5,1
221.75,0
224.75,1
227.0,0
227.25,1
228.0,0
228.25,1
229.25,0
229.5,1
230.25,0
230.5,1
232.5,0
232.75,1
233.0,0
249.0,1
249.25,0
249.5,1
250.75,0
251.0,1
251.25,0
251.5,1
252.0,0
252.25,1
254.0,0
254.25,1
255.0,0
255.25,1
256.5,0
256.75,1
257.0,0
262.5,1
262.75,0
269.75,1
270.0,0
271.5,1
271.75,0
273.0,1
275.5,0
275.75,1
277.5,0
277.75,1
278.0,0
278.25,1
278.5,0
278.75,1
279.5,0
279.75,1
280.75,0
281.0,1
281.25,0
284.75,1
285.0,0
287.25,1
287.5,0
291.75,1
292.0,0
295.75,1
296.0,0
296.75,1
297.0,0
297.25,1
298.0,0
298.25,1
299.5,0
299.75,1
301.0,0
301.25,1
301.75,0
302.0,1
303.25,0
303.5,1
303.75,0
304.0,1
304.25,0
304.75,1
305.5,0
309.5,1
309.75,0
368.75,1
373.5,0
373.75,1
374.0,0
374.25,1
375.0,0
375.25,1
376.0,0
376.25,1
376.75,0
377.0,1
377.25,0
380.25,1
380.5,0
390.25,1
390.5,0
393.25,1
393.75,0
394.0,1
396.5,0
396.75,1
397.0,0
397.25,1
397.5,0
397.75,1
398.0,0
398.5,1
398.75,0
399.0,1
401.25,0
404.0,1
404.25,0
440.0,1
440.5,0
441.5,1
442.75,0
443.0,1
445.0,0
445.25,1
446.25,0
446.5,1
447.0,0
447.25,1
447.5,0
447.75,1
448.75,0
449.0,1
449.25,0
449.5,1
449.75,0
464.5,1
466.75,0
467.0,1
468.0,0
468.25,1
468.75,0
469.0,1
469.5,0
469.75,1
470.5,0
470.75,1
473.0,0
473.75,1
474.0,0
476.5,1
476.75,0
534.5,1
534.75,0
536.25,1
536.5,0
536.75,1
537.0,0
537.25,1
537.75,0
538.0,1
538.5,0
539.0,1
540.0,0
540.25,1
540.75,0
541.0,1
542.25,0
542.75,1
544.25,0
544.5,1
544.75,0
545.5,1
545.75,0
558.5,1
558.75,0
561.25,1
562.25,0
562.5,1
562.75,0
563.0,1
563.75,0
564.0,1
565.5,0
565.75,1
566.0,0
566.25,1
567.0,0
568.25,1
569.5,0
573.25,1
573.5,0
584.5,1
584.75,0
585.0,1
585.5,0
585.75,1
588.25,0
588.5,1
589.5,0
589.75,1
590.0,0
590.25,1
592.5,0
592.75,1
593.5,0
597.5,1
597.75,0
608.5,1
608.75,0
609.0,1
609.25,0
609.5,1
609.75,0
610.0,1
610.25,0
610.5,1
612.0,0
612.25,1
612.75,0
613.25,1
614.5,0
614.75,1
617.5,0
617.75,1
618.0,0
620.5,1
620.75,0
629.75,1
630.0,0
633.25,1
633.75,0
634.0,1
635.25,0
635.5,1
637.25,0
637.5,1
641.25,0
703.75,1
704.0,0
704.5,1
704.75,0
705.0,1
707.25,0
707.5,1
707.75,0
708.0,1
708.5,0
708.75,1
711.75,0
712.0,1
712.75,0
713.25,1
713.5,0
726.25,1
726.5,0
729.0,1
729.25,0
729.5,1
730.0,0
730.25,1
732.0,0
732.25,1
734.25,0
734.5,1
734.75,0
735.5,1
736.0,0
736.25,1
736.5,0
736.75,1
737.0,0
750.75,1
751.0,0
753.25,1
753.75,0
754.0,1
754.25,0
754.5,1
754.75,0
755.0,1
755.75,0
756.0,1
757.25,0
757.5,1
758.75,0
759.0,1
759.75,0
760.0,1
760.5,0
760.75,1
761.25,0
765.75,1
766.0,0
774.5,1
775.0,0
777.25,1
777.5,0
777.75,1
779.0,0
779.25,1
780.0,0
780.25,1
782.0,0
782.25,1
783.25,0
783.5,1
783.75,0
784.0,1
785.0,0
785.25,1
785.5,0
788.25,1
788.5,0
800.0,1
800.25,0
801.0,1
802.0,0
802.25,1
804.0,0
804.25,1
805.0,0
805.5,1
806.5,0
806.75,1
807.75,0
808.0,1
808.25,0
808.5,1
808.75,0
870.5,1
870.75,0
871.0,1
871.25,0
873.25,1
874.0,0
874.25,1
877.5,0
878.0,1
879.5,0
879.75,1
880.25,0
880.5,1
881.5,0
885.0,1
885.25,0
895.75,1
896.0,0
897.25,1
897.75,0
898.0,1
898.25,0
898.75,1
899.75,0
900.25,1
901.0,0
901.75,1
902.0,0
902.25,1
903.0,0
903.25,1
903.5,0
903.75,1
904.0,0
904.25,1
904.5,0
904.75,1
905.25,0
909.0,1
909.25,0
919.5,1
919.75,0
920.75,1
922.5,0
923.0,1
923.75,0
924.0,1
924.5,0
925.0,1
925.25,0
925.5,1
925.75,0
926.0,1
928.5,0
928.75,1
929.0,0
929.25,1
929.5,0
943.25,1
943.75,0
944.75,1
946.0,0
946.25,1
948.0,0
948.25,1
953.0,0
966.75,1
967.0,0
968.75,1
969.0,0
969.25,1
970.5,0
970.75,1
972.0,0
972.25,1
972.5,0
972.75,1
973.25,0
973.75,1
974.0,0
974.5,1
976.5,0
976.75,1
977.25,0
1038.0,1
1038.25,0
1038.5,1
1038.75,0
1039.0,1
1039.25,0
1041.5,1
1041.75,0
1042.0,1
1042.25,0
1042.5,1
1043.25,0
1043.5,1
1043.75,0
1044.0,1
1046.25,0
1046.5,1
1048.25,0
1048.5,1
1049.5,0
1052.75,1
1053.0,0
1062.0,1
1062.25,0
1062.75,1
1063.5,0
1064.75,1
1065.0,0
1065.25,1
1066.25,0
1066.5,1
1067.25,0
1067.75,1
1070.25,0
1070.5,1
1073.25,0
1077.0,1
1077.25,0
1110.5,1
1110.75,0
1112.5,1
1112.75,0
1113.0,1
1114.5,0
1114.75,1
1116.0,0
1116.25,1
1117.0,0
1117.25,1
1117.5,0
1117.75,1
1118.75,0
1119.25,1
1119.5,0
1119.75,1
1120.75,0
1121.75,1
1122.0,0
1124.75,1
1125.0,0
1126.75,1
1127.0,0
1136.75,1
1137.25,0
1137.5,1
1137.75,0
1138.0,1
1138.25,0
1138.5,1
1140.0,0
1140.25,1
1141.25,0
1141.5,1
1142.0,0
1142.5,1
1144.5,0
1145.0,1
1145.5,0
1148.25,1
1148.5,0
1208.5,1
1208.75,0
1209.0,1
1209.25,0
1209.75,1
1211.0,0
1211.5,1
1215.5,0
1215.75,1
1216.0,0
1216.25,1
1216.75,0
1217.0,1
1217.25,0
1217.5,1
1217.75,0
1222.25,1
1222.5,0
1230.75,1
1231.0,0
1231.25,1
1231.5,0
1232.0,1
1232.5,0
1232.75,1
1234.5,0
1234.75,1
1235.0,0
1235.25,1
1235.75,0
1236.25,1
1236.75,0
1237.0,1
1239.0,0
1239.25,1
1239.5,0
1239.75,1
1240.0,0
1240.25,1
1241.25,0
1254.25,1
1254.75,0
1256.5,1
1257.0,0
1257.25,1
1257.75,0
1258.0,1
1258.25,0
1258.5,1
1259.75,0
1260.0,1
1260.25,0
1260.75,1
1261.25,0
1262.0,1
1263.75,0
1264.0,1
1264.25,0
1264.5,1
1265.0,0
1270.25,1
1270.5,0
1279.25,1
1279.5,0
1280.5,1
1280.75,0
1281.5,1
1283.5,0
1283.75,1
1284.25,0
1284.5,1
1284.75,0
1285.0,1
1285.25,0
1285.75,1
1286.5,0
1287.0,1
1287.75,0
1288.0,1
1289.0,0
1303.0,1
1303.25,0
1303.5,1
1303.75,0
1305.0,1
1305.25,0
1305.5,1
1307.0,0
1307.25,1
1309.25,0
1309.5,1
1311.75,0
1312.0,1
1312.5,0
1312.75,1
1313.25,0
1317.5,1
1317.75,0
1374.25,1
1374.75,0
1375.25,1
1375.5,0
1377.0,1
1378.75,0
1379.0,1
1379.5,0
1379.75,1
1380.25,0
1380.5,1
1381.0,0
1381.25,1
1381.75,0
1382.25,1
1382.5,0
1382.75,1
1385.0,0
1389.75,1
1390.0,0
1399.25,1
1399.5,0
1401.5,1
1401.75,0
1402.0,1
1407.75,0
1408.25,1
1409.5,0
1413.25,1
1413.5,0
1413.75,1
1414.0,0
1422.5,1
1422.75,0
1423.0,1
1423.5,0
1424.5,1
1425.25,0
1425.5,1
1426.75,0
1427.0,1
1427.25,0
1427.5,1
1428.5,0
1428.75,1
1431.0,0
1431.25,1
1432.0,0
1432.25,1
1432.5,0
1433.0,1
1433.25,0
1437.25,1
1437.5,0
1446.5,1
1447.0,0
1448.75,1
1449.0,0
1449.25,1
1451.75,0
1452.0,1
1452.75,0
1453.5,1
1453.75,0
1454.25,1
1454.5,0
1454.75,1
1455.75,0
1456.0,1
1457.5,0
1472.75,1
1473.0,0
1473.25,1
1474.5,0
1474.75,1
1476.0,0
1476.25,1
1477.75,0
1478.0,1
1478.25,0
1478.5,1
1479.0,0
1479.5,1
1480.5,0
1481.25,1
1481.5,0
1544.25,1
1544.75,0
1545.25,1
1545.5,0
1545.75,1
1546.25,0
1546.75,1
1547.0,0
1547.25,1
1548.0,0
1549.0,1
1549.25,0
1549.5,1
1550.25,0
1550.5,1
1552.5,0
1553.0,1
1553.75,0
1555.75,1
1556.0,0
1567.0,1
1567.5,0
1569.25,1
1569.75,0
1570.0,1
1576.25,0
1576.75,1
1577.25,0
1580.0,1
1580.25,0
1591.0,1
1591.5,0
1593.25,1
1593.5,0
1593.75,1
1595.75,0
1596.0,1
1597.25,0
1597.75,1
1598.75,0
1599.0,1
1599.5,0
1599.75,1
1600.0,0
1600.25,1
1600.5,0
1600.75,1
1601.0,0
1605.5,1
1605.75,0
1614.5,1
1614.75,0
1615.0,1
1615.25,0
1616.0,1
1616.25,0
1616.75,1
1617.0,0
1617.5,1
1617.75,0
1618.25,1
1618.75,0
1619.0,1
1619.5,0
1619.75,1
1621.0,0
1621.5,1
1621.75,0
1622.25,1
1622.75,0
1623.0,1
1624.0,0
1624.25,1
1624.5,0
1625.0,1
1625.25,0
1628.0,1
1628.25,0
1629.75,1
1630.0,0
1640.25,1
1640.75,0
1641.25,1
1641.75,0
1642.0,1
1643.25,0
1643.5,1
1643.75,0
1644.0,1
1644.25,0
1644.5,1
1645.0,0
1645.25,1
1645.75,0
1646.25,1
1647.0,0
1647.25,1
1648.0,0
1648.5,1
1648.75,0
1713.0,1
1714.5,0
1714.75,1
1715.25,0
1715.5,1
1715.75,0
1716.0,1
1717.5,0
1717.75,1
1718.0,0
1718.25,1
1720.5,0
1720.75,1
1721.25,0
1721.5,1
1721.75,0
1736.75,1
1738.5,0
1738.75,1
1739.25,0
1739.5,1
1741.0,0
1741.25,1
1741.75,0
1742.5,1
1743.5,0
1743.75,1
1744.5,0
1744.75,1
1745.0,0
1750.25,1
1750.5,0
1758.25,1
1758.5,0
1760.75,1
1761.25,0
1761.5,1
1764.5,0
1764.75,1
1765.25,0
1765.5,1
1766.5,0
1766.75,1
1767.25,0
1767.75,1
1768.0,0
1768.5,1
1769.0,0
1782.75,1
1783.0,0
1783.25,1
1783.5,0
1784.75,1
1786.5,0
1787.0,1
1787.25,0
1787.5,1
1787.75,0
1788.0,1
1788.25,0
1788.5,1
1789.5,0
1789.75,1
1790.0,0
1790.25,1
1790.75,0
1791.0,1
1791.25,0
1792.0,1
1792.5,0
1792.75,1
1793.0,0
1806.25,1
1806.75,0
1808.75,1
1809.0,0
1809.25,1
1809.75,0
1810.0,1
1811.5,0
1811.75,1
1812.25,0
1812.75,1
1814.25,0
1814.5,1
1814.75,0
1815.0,1
1815.75,0
1816.25,1
1817.25,0
1819.5,1
1819.75,0
1822.0,1
1822.25,0
1882.0,1
1883.75,0
1884.0,1
1884.75,0
1885.5,1
1885.75,0
1886.0,1
1886.25,0
1886.5,1
1887.25,0
1887.5,1
1888.25,0
1888.5,1
1888.75,0
1889.0,1
1889.5,0
1895.25,1
1895.5,0
1905.25,1
1906.5,0
1906.75,1
1907.25,0
1907.75,1
1908.25,0
1908.5,1
1909.5,0
1909.75,1
1910.0,0
1910.25,1
1911.25,0
1912.25,1
1912.75,0
1926.25,1
1926.5,0
1927.25,1
1927.5,0
1929.0,1
1929.75,0
1930.0,1
1930.25,0
1930.5,1
1932.0,0
1932.25,1
1932.75,0
1933.0,1
1933.25,0
1933.5,1
1933.75,0
1934.0,1
1934.75,0
1935.0,1
1935.75,0
1936.0,1
1936.75,0
1937.0,1
1937.25,0
1941.25,1
1941.5,0
1951.0,1
1951.25,0
1953.0,1
1954.0,0
1954.25,1
1955.75,0
1956.0,1
1957.25,0
1957.5,1
1958.5,0
1959.0,1
1960.25,0
1960.5,1
1961.25,0
1963.75,1
1964.0,0
1975.0,1
1975.25,0
1977.0,1
1978.0,0
1978.25,1
1980.0,0
1980.25,1
1980.5,0
1980.75,1
1982.0,0
1982.25,1
1984.75,0
1985.0,1
1985.25,0
1990.5,1
1991.0,0
2048.5,1
2048.75,0
2049.0,1
2050.75,0
2051.0,1
2052.5,0
2052.75,1
2053.5,0
2054.0,1
2056.25,0
2056.5,1
2056.75,0
2060.5,1
2060.75,0
2070.75,1
2071.25,0
2072.5,1
2072.75,0
2073.5,1
2073.75,0
2074.25,1
2075.75,0
2076.0,1
2077.0,0
2077.5,1
2078.25,0
2078.5,1
2078.75,0
2079.75,1
2080.75,0
2081.0,1
2081.25,0
2085.0,1
2085.25,0
2095.5,1
2095.75,0
2097.0,1
2098.5,0
2098.75,1
2099.5,0
2099.75,1
2100.0,0
2100.5,1
2100.75,0
2101.0,1
2101.5,0
2102.0,1
2102.75,0
2103.0,1
2104.25,0
2104.5,1
2105.0,0
2121.5,1
2124.25,0
2124.5,1
2125.0,0
2125.25,1
2125.75,0
2126.25,1
2127.25,0
2127.5,1
2127.75,0
2128.0,1
2128.25,0
2128.5,1
2128.75,0
2134.75,1
2135.0,0
2143.75,1
2144.0,0
2145.0,1
2147.25,0
2147.5,1
2148.5,0
2148.75,1
2150.0,0
2150.25,1
2153.0,0
2156.75,1
2157.0,0
2217.25,1
2218.25,0
2218.5,1
2219.0,0
2219.5,1
2220.5,0
2220.75,1
2222.25,0
2222.5,1
2225.25,0
2240.0,1
2240.25,0
2241.0,1
2241.5,0
2241.75,1
2242.0,0
2242.25,1
2242.5,0
2243.25,1
2244.5,0
2244.75,1
2246.5,0
2246.75,1
2248.0,0
2248.25,1
2248.5,0
2249.75,1
2250.0,0
2263.25,1
2263.5,0
2265.0,1
2265.75,0
2266.0,1
2267.75,0
2268.5,1
2269.0,0
2269.25,1
2269.75,0
2270.0,1
2270.5,0
2270.75,1
2272.25,0
2272.5,1
2273.0,0
2289.0,1
2289.25,0
2289.5,1
2289.75,0
2290.0,1
2291.25,0
2291.5,1
2291.75,0
2292.0,1
2292.25,0
2292.75,1
2294.0,0
2294.5,1
2295.75,0
2296.25,1
2296.5,0
2296.75,1
2297.25,0
2300.5,1
2300.75,0
2301.5,1
2301.75,0
2309.5,1
2309.75,0
2310.0,1
2310.25,0
2313.0,1
2315.0,0
2315.25,1
2316.0,0
2316.25,1
2317.5,0
2317.75,1
2320.25,0
2320.5,1
2321.5,0
2384.75,1
2385.0,0
2385.25,1
2388.0,0
2388.5,1
2388.75,0
2389.0,1
2389.25,0
2389.5,1
2390.25,0
2390.5,1
2391.75,0
2392.0,1
2392.75,0
2393.0,1
2393.25,0
2408.75,1
2409.0,0
2409.25,1
2409.5,0
2409.75,1
2411.0,0
2411.25,1
2412.0,0
2412.5,1
2414.0,0
2414.25,1
2416.75,0
2417.0,1
2417.5,0
2430.25,1
2430.5,0
2431.0,1
2431.25,0
2433.0,1
2433.25,0
2433.5,1
2434.0,0
2434.25,1
2434.5,0
2435.0,1
2436.0,0
2436.25,1
2438.0,0
2438.25,1
2439.0,0
2439.25,1
2439.5,0
2439.75,1
2440.25,0
2440.5,1
2441.25,0
2455.5,1
2456.0,0
2456.5,1
2458.5,0
2458.75,1
2460.25,0
2461.5,1
2462.5,0
2462.75,1
2465.0,0
2479.0,1
2479.25,0
2481.5,1
2484.75,0
2485.0,1
2486.5,0
2486.75,1
2488.0,0
2488.25,1
2489.5,0
2553.0,1
2553.5,0
2553.75,1
2554.0,0
2554.25,1
2555.5,0
2555.75,1
2556.75,0
2557.5,1
2557.75,0
2558.25,1
2560.5,0
2560.75,1
2561.0,0
2561.25,1
2561.5,0
2565.25,1
2565.75,0
2577.0,1
2577.75,0
2578.0,1
2578.25,0
2578.5,1
2580.25,0
2581.0,1
2581.25,0
2581.75,1
2583.0,0
2583.25,1
2584.5,0
2598.5,1
2598.75,0
2599.5,1
2599.75,0
2601.25,1
2603.0,0
2603.25,1
2603.75,0
2604.0,1
2604.25,0
2604.5,1
2604.75,0
2605.0,1
2607.75,0
2608.0,1
2608.25,0
2608.5,1
2609.0,0
2623.75,1
2624.0,0
2624.5,1
2624.75,0
2625.0,1
2629.25,0
2629.75,1
2630.25,0
2630.5,1
2631.75,0
2632.0,1
2632.75,0
2636.0,1
2636.25,0
2637.25,1
2637.5,0
2647.5,1
2647.75,0
2648.0,1
2648.5,0
2649.5,1
2649.75,0
2650.0,1
2650.5,0
2650.75,1
2651.25,0
2651.5,1
2652.25,0
2652.5,1
2653.0,0
2653.25,1
2654.0,0
2654.25,1
2655.25,0
2655.5,1
2655.75,0
2656.0,1
2657.25,0
2661.75,1
2662.0,0
2719.75,1
2720.0,0
2721.5,1
2722.0,0
2722.25,1
2722.75,0
2723.0,1
2723.75,0
2724.0,1
2726.75,0
2727.0,1
2729.25,0
2729.75,1
2730.0,0
2732.75,1
2733.0,0
2733.75,1
2734.0,0
2742.25,1
2742.5,0
2742.75,1
2743.0,0
2743.5,1
2743.75,0
2745.0,1
2749.0,0
2749.25,1
2749.5,0
2749.75,1
2751.0,0
2751.5,1
2752.0,0
2752.25,1
2752.75,0
2753.0,1
2753.25,0
2753.75,1
2754.0,0
2757.5,1
2758.0,0
2766.0,1
2766.25,0
2766.5,1
2766.75,0
2768.25,1
2768.5,0
2769.25,1
2770.0,0
2770.25,1
2771.5,0
2771.75,1
2774.0,0
2774.25,1
2774.5,0
2775.25,1
2777.0,0
2777.25,1
2777.5,0
2789.75,1
2790.0,0
2792.5,1
2792.75,0
2793.0,1
2793.5,0
2793.75,1
2794.0,0
2794.25,1
2795.75,0
2796.25,1
2797.25,0
2798.0,1
2799.0,0
2799.25,1
2801.25,0
2816.25,1
2817.0,0
2817.5,1
2817.75,0
2818.0,1
2818.25,0
2819.25,1
2820.0,0
2820.25,1
2820.5,0
2820.75,1
2821.5,0
2821.75,1
2822.0,0
2822.25,1
2824.5,0
2824.75,1
2825.0,0
2888.25,1
2890.5,0
2890.75,1
2891.0,0
2891.25,1
2891.75,0
2892.0,1
2893.75,0
2894.0,1
2894.25,0
2894.5,1
2894.75,0
2895.0,1
2895.5,0
2895.75,1
2897.25,0
2912.75,1
2913.75,0
2914.25,1
2914.5,0
2915.0,1
2917.0,0
2917.25,1
2917.5,0
2917.75,1
2919.0,0
2919.25,1
2920.0,0
2920.25,1
2921.5,0
2921.75,1
2922.0,0
2926.0,1
2926.25,0
2934.25,1
2934.5,0
2935.25,1
2935.5,0
2936.0,1
2936.25,0
2936.75,1
2937.75,0
2938.25,1
2939.0,0
2939.25,1
2940.5,0
2940.75,1
2942.25,0
2942.5,1
2942.75,0
2943.0,1
2943.5,0
2943.75,1
2945.0,0
2945.25,1
2945.5,0
2945.75,1
2946.0,0
2960.25,1
2960.5,0
2961.0,1
2961.75,0
2962.0,1
2962.25,0
2962.75,1
2964.25,0
2964.5,1
2967.0,0
2967.25,1
2967.75,0
2968.0,1
2968.5,0
2973.25,1
2973.5,0
2981.75,1
2982.0,0
2985.0,1
2987.0,0
2987.25,1
2987.5,0
2987.75,1
2988.5,0
2988.75,1
2989.0,0
2989.25,1
2989.75,0
2990.75,1
2991.0,0
2991.5,1
2992.0,0
2992.75,1
2993.0,0
2996.75,1
2997.0,0
2997.75,1
2998.0,0
3054.75,1
3055.0,0
3057.5,1
3060.25,0
3060.5,1
3062.25,0
3062.5,1
3063.25,0
3063.5,1
3064.0,0
3064.5,1
3065.25,0
3077.75,1
3078.0,0
3078.25,1
3078.5,0
3081.0,1
3082.25,0
3082.5,1
3083.25,0
3083.5,1
3086.5,0
3086.75,1
3087.0,0
3087.25,1
3088.5,0
3089.0,1
3089.5,0
3092.75,1
3093.0,0
3103.0,1
3103.5,0
3105.0,1
3105.5,0
3105.75,1
3106.25,0
3106.5,1
3106.75,0
3107.0,1
3108.25,0
3109.25,1
3110.0,0
3110.25,1
3111.5,0
3111.75,1
3112.0,0
3112.25,1
3113.25,0
3127.0,1
3127.25,0
3129.0,1
3130.0,0
3130.25,1
3131.0,0
3131.5,1
3133.75,0
3134.0,1
3134.25,0
3134.5,1
3134.75,0
3135.0,1
3136.5,0
3136.75,1
3137.25,0
3140.5,1
3140.75,0
3142.0,1
3142.25,0
3150.0,1
3150.25,0
3151.25,1
3151.5,0
3152.5,1
3152.75,0
3153.0,1
3153.75,0
3154.0,1
3156.5,0
3156.75,1
3157.75,0
3158.25,1
3160.0,0
3160.25,1
3160.5,0
3160.75,1
3161.25,0
3223.25,1
3223.5,0
3224.0,1
3224.25,0
3224.75,1
3227.75,0
3228.0,1
3230.0,0
3230.5,1
3231.5,0
3231.75,1
3232.5,0
3232.75,1
3233.25,0
3236.75,1
3237.0,0
3237.25,1
3237.5,0
3246.5,1
3246.75,0
3247.0,1
3247.25,0
3249.0,1
3250.0,0
3250.5,1
3252.0,0
3252.25,1
3252.5,0
3252.75,1
3253.25,0
3253.5,1
3254.25,0
3254.5,1
3257.25,0
3271.5,1
3271.75,0
3273.0,1
3277.5,0
3277.75,1
3278.5,0
3278.75,1
3279.25,0
3280.25,1
3281.0,0
3282.0,1
3282.25,0
3284.75,1
3285.0,0
3286.0,1
3286.25,0
3296.75,1
3297.0,0
3297.25,1
3297.5,0
3297.75,1
3298.25,0
3298.75,1
3299.0,0
3299.25,1
3300.25,0
3300.75,1
3301.0,0
3301.25,1
3302.0,0
3302.5,1
3303.0,0
3303.25,1
3304.75,0
3305.0,1
3305.25,0
3318.25,1
3318.75,0
3319.25,1
3319.5,0
3319.75,1
3320.0,0
3320.25,1
3320.75,0
3321.0,1
3323.25,0
3323.5,1
3324.0,0
3325.0,1
3325.25,0
3325.5,1
3327.25,0
3327.5,1
3329.0,0
3389.75,1
3390.0,0
3392.25,1
3392.5,0
3393.0,1
3395.0,0
3395.25,1
3396.0,0
3396.25,1
3397.25,0
3397.5,1
3399.0,0
3399.5,1
3400.5,0
3400.75,1
3401.25,0
3404.5,1
3404.75,0
3414.75,1
3415.25,0
3416.5,1
3416.75,0
3417.0,1
3417.25,0
3417.75,1
3418.75,0
3419.0,1
3420.75,0
3421.0,1
3421.5,0
3421.75,1
3422.0,0
3422.25,1
3423.25,0
3423.5,1
3424.75,0
3428.25,1
3428.5,0
3440.75,1
3441.75,0
3442.0,1
3444.25,0
3444.5,1
3444.75,0
3445.0,1
3445.25,0
3445.5,1
3446.5,0
3446.75,1
3447.5,0
3447.75,1
3449.25,0
3464.75,1
3465.0,0
3465.25,1
3466.75,0
3467.0,1
3467.75,0
3468.0,1
3468.5,0
3468.75,1
3469.75,0
3470.25,1
3472.0,0
3472.5,1
3473.0,0
3486.5,1
3486.75,0
3488.75,1
3489.75,0
3490.0,1
3490.25,0
3490.5,1
3492.0,0
3492.25,1
3492.5,0
3492.75,1
3493.75,0
3494.0,1
3495.0,0
3495.25,1
3497.5,0
3558.5,1
3558.75,0
3560.0,1
3560.5,0
3561.0,1
3561.25,0
3561.5,1
3561.75,0
3562.5,1
3564.5,0
3564.75,1
3566.75,0
3567.25,1
3568.0,0
3568.25,1
3569.5,0
3609.0,1
3614.75,0
3615.0,1
3615.25,0
3615.5,1
3616.5,0
3616.75,1
3617.25,0
3630.5,1
3630.75,0
3632.25,1
3632.75,0
3633.5,1
3633.75,0
3634.0,1
3636.5,0
3636.75,1
3637.0,0
3637.25,1
3637.75,0
3638.0,1
3638.75,0
3639.0,1
3641.0,0
3645.75,1
3646.0,0
3646.25,1
3646.5,0
3657.0,1
3657.25,0
3657.5,1
3658.0,0
3658.25,1
3659.0,0
3659.25,1
3660.0,0
3660.5,1
3660.75,0
3661.0,1
3661.25,0
3661.75,1
3664.5,0
3664.75,1
3665.0,0
3665.25,1
3665.5,0
3669.5,1
3669.75,0
3726.25,1
3726.5,0
3727.0,1
3727.25,0
3728.75,1
3729.0,0
3729.25,1
3731.75,0
3732.25,1
3733.25,0
3733.5,1
3736.5,0
3736.75,1
3737.25,0
3737.5,1
3737.75,0
3752.75,1
3753.0,0
3753.25,1
3753.5,0
3754.5,1
3756.25,0
3756.5,1
3756.75,0
3757.0,1
3757.75,0
3758.0,1
3758.75,0
3759.0,1
3759.5,0
3759.75,1
3761.25,0
3774.0,1
3774.25,0
3776.5,1
3776.75,0
3777.25,1
3777.75,0
3778.0,1
3778.5,0
3779.25,1
3779.75,0
3780.0,1
3781.0,0
3781.25,1
3781.5,0
3782.0,1
3782.5,0
3783.25,1
3784.0,0
3784.25,1
3785.25,0
3785.5,1
3785.75,0
3799.0,1
3799.25,0
3800.25,1
3801.25,0
3802.25,1
3803.25,0
3803.5,1
3804.5,0
3805.25,1
3806.0,0
3806.25,1
3807.0,0
3807.5,1
3808.25,0
3808.5,1
3809.0,0
3809.25,1
3809.5,0
3814.0,1
3814.25,0
3822.75,1
3823.0,0
3824.75,1
3825.0,0
3825.25,1
3825.5,0
3825.75,1
3826.0,0
3826.25,1
3827.25,0
3827.5,1
3827.75,0
3828.0,1
3828.5,0
3829.0,1
3829.5,0
3830.0,1
3830.5,0
3830.75,1
3831.0,0
3831.25,1
3831.75,0
3832.0,1
3832.75,0
3833.0,1
3833.25,0
3894.25,1
3894.5,0
3895.25,1
3895.5,0
3895.75,1
3896.0,0
3897.25,1
3897.5,0
3897.75,1
3898.25,0
3898.5,1
3899.25,0
3899.5,1
3901.5,0
3901.75,1
3903.75,0
3904.25,1
3905.0,0
3921.0,1
3921.5,0
3921.75,1
3923.5,0
3923.75,1
3924.75,0
3925.0,1
3925.5,0
3925.75,1
3928.0,0
3928.25,1
3928.5,0
3928.75,1
3929.25,0
3942.75,1
3943.25,0
3944.25,1
3944.5,0
3945.0,1
3945.25,0
3946.0,1
3946.25,0
3946.5,1
3948.0,0
3948.5,1
3949.5,0
3949.75,1
3952.0,0
3952.25,1
3953.0,0
3953.25,1
3953.5,0
3956.5,1
3956.75,0
3968.75,1
3969.0,0
3969.5,1
3970.5,0
3970.75,1
3972.25,0
3972.5,1
3972.75,0
3973.0,1
3975.0,0
3975.25,1
3976.75,0
3993.25,1
3994.75,0
3995.0,1
3995.25,0
3995.5,1
3995.75,0
3996.25,1
3996.75,0
3997.0,1
3998.25,0
3998.75,1
4000.0,0
4000.25,1
4000.75,0
4004.25,1
4004.5,0
4064.0,1
4064.25,0
4064.75,1
4065.0,0
4065.25,1
4065.75,0
4066.5,1
4067.0,0
4067.25,1
4068.25,0
4068.5,1
4068.75,0
4069.5,1
4070.0,0
4070.25,1
4073.5,0
4088.5,1
4088.75,0
4089.5,1
4090.0,0
4090.25,1
4091.25,0
4091.5,1
4091.75,0
4092.0,1
4092.25,0
4092.5,1
4095.75,0
4110.75,1
4111.0,0
4112.75,1
4113.0,0
4113.5,1
4113.75,0
4114.0,1
4114.5,0
4114.75,1
4115.75,0
4116.0,1
4118.5,0
4119.25,1
4120.0,0
4120.25,1
4120.5,0
4120.75,1
4121.5,0
4123.5,1
4123.75,0
4134.5,1
4134.75,0
4136.5,1
4136.75,0
4137.0,1
4140.0,0
4140.25,1
4143.25,0
4143.5,1
4145.25,0
4160.25,1
4160.5,0
4161.25,1
4161.75,0
4162.0,1
4163.75,0
4164.0,1
4165.0,0
4165.25,1
4166.0,0
4166.25,1
4167.0,0
4167.25,1
4169.0,0
4169.25,1
4169.5,0
4173.0,1
4173.25,0
4230.5,1
4230.75,0
4231.25,1
4231.5,0
4232.75,1
4233.0,0
4233.25,1
4233.75,0
4234.25,1
4234.75,0
4235.0,1
4235.5,0
4235.75,1
4236.5,0
4236.75,1
4237.0,0
4237.25,1
4237.5,0
4237.75,1
4238.25,0
4238.5,1
4239.25,0
4239.75,1
4241.0,0
4241.25,1
4241.5,0
4256.25,1
4256.5,0
4257.0,1
4258.75,0
4259.0,1
4259.75,0
4260.25,1
4261.75,0
4262.25,1
4262.5,0
4262.75,1
4265.5,0
4269.0,1
4269.25,0
4278.5,1
4278.75,0
4279.25,1
4279.5,0
4279.75,1
4280.0,0
4281.0,1
4281.5,0
4281.75,1
4283.25,0
4283.5,1
4283.75,0
4284.0,1
4284.25,0
4284.5,1
4286.5,0
4287.0,1
4287.75,0
4288.0,1
4289.0,0
4293.25,1
4293.5,0
4302.5,1
4302.75,0
4303.5,1
4303.75,0
4304.25,1
4304.5,0
4304.75,1
4305.25,0
4305.5,1
4305.75,0
4306.0,1
4306.25,0
4306.5,1
4307.5,0
4307.75,1
4310.0,0
4310.25,1
4311.0,0
4311.25,1
4312.5,0
4313.0,1
4313.25,0
4313.5,1
4313.75,0
4326.75,1
4327.0,0
4329.0,1
4329.25,0
4329.5,1
4330.0,0
4330.25,1
4331.0,0
4331.25,1
4331.5,0
4331.75,1
4334.25,0
4334.5,1
4334.75,0
4335.0,1
4335.25,0
4335.5,1
4337.25,0
4398.25,1
4398.5,0
4401.25,1
4405.0,0
4405.5,1
4406.75,0
4407.0,1
4407.5,0
4407.75,1
4409.0,0
4446.5,1
4446.75,0
4448.25,1
4448.5,0
4449.0,1
4449.25,0
4449.5,1
4451.75,0
4452.0,1
4454.25,0
4454.75,1
4455.25,0
4455.5,1
4457.0,0
4457.25,1
4457.5,0
4460.0,1
4460.25,0
4471.0,1
4471.25,0
4472.75,1
4473.0,0
4473.25,1
4474.0,0
4474.25,1
4474.5,0
4474.75,1
4475.75,0
4476.0,1
4477.5,0
4477.75,1
4480.0,0
4480.25,1
4481.0,0
4484.75,1
4485.25,0
4496.0,1
4496.25,0
4497.0,1
4497.5,0
4498.0,1
4498.25,0
4498.75,1
4500.5,0
4501.0,1
4501.75,0
4502.0,1
4503.0,0
4503.25,1
4505.25,0
4569.5,1
4570.25,0
4570.5,1
4572.5,0
4572.75,1
4574.0,0
4574.25,1
4575.25,0
4575.5,1
4577.25,0
4581.0,1
4581.25,0
4592.25,1
4593.25,0
4593.5,1
4595.0,0
4595.25,1
4596.5,0
4596.75,1
4597.5,0
4597.75,1
4598.5,0
4599.0,1
4601.25,0
4617.0,1
4617.25,0
4617.75,1
4619.75,0
4620.25,1
4620.75,0
4621.75,1
4622.0,0
4622.5,1
4623.5,0
4624.0,1
4625.25,0
4628.75,1
4629.0,0
4629.75,1
4630.0,0
4639.75,1
4640.0,0
4640.75,1
4641.25,0
4641.75,1
4642.0,0
4642.5,1
4643.5,0
4643.75,1
4644.25,0
4644.5,1
4646.25,0
4646.5,1
4647.25,0
4647.75,1
4648.5,0
4652.5,1
4652.75,0
4663.75,1
4664.0,0
4664.5,1
4664.75,0
4665.0,1
4665.5,0
4665.75,1
4667.0,0
4667.25,1
4668.25,0
4668.5,1
4669.25,0
4669.5,1
4669.75,0
4670.25,1
4671.75,0
4672.0,1
4672.75,0
4676.0,1
4676.25,0
4677.25,1
4677.5,0
4736.25,1
4736.5,0
4736.75,1
4737.5,0
4738.0,1
4739.25,0
4739.5,1
4742.25,0
4742.5,1
4742.75,0
4743.0,1
4744.0,0
4744.25,1
4744.5,0
4744.75,1
4745.25,0
4761.5,1
4764.0,0
4764.25,1
4764.75,0
4765.0,1
4765.5,0
4765.75,1
4766.25,0
4766.5,1
4769.25,0
4771.5,1
4771.75,0
4785.0,1
4785.5,0
4785.75,1
4786.25,0
4786.5,1
4787.0,0
4787.25,1
4787.75,0
4788.25,1
4789.0,0
4789.25,1
4790.25,0
4790.5,1
4791.25,0
4791.5,1
4792.0,0
4792.25,1
4792.5,0
4793.0,1
4793.5,0
4796.0,1
4796.25,0
4806.25,1
4806.5,0
4809.25,1
4809.75,0
4810.5,1
4811.25,0
4811.75,1
4814.5,0
4814.75,1
4815.5,0
4815.75,1
4817.75,0
4832.5,1
4832.75,0
4833.0,1
4833.25,0
4833.5,1
4833.75,0
4834.0,1
4834.25,0
4834.5,1
4834.75,0
4835.0,1
4836.0,0
4836.25,1
4836.5,0
4836.75,1
4840.0,0
4840.25,1
4841.5,0
4902.5,1
4902.75,0
4903.0,1
4903.25,0
4903.5,1
4904.5,0
4904.75,1
4906.0,0
4906.25,1
4908.25,0
4908.5,1
4908.75,0
4909.0,1
4909.5,0
4909.75,1
4910.0,0
4910.25,1
4911.0,0
4911.25,1
4913.25,0
4929.25,1
4931.25,0
4931.5,1
4932.25,0
4933.25,1
4933.5,0
4933.75,1
4936.0,0
4936.75,1
4937.0,0
4940.5,1
4940.75,0
4950.25,1
4950.5,0
4953.5,1
4954.25,0
4954.5,1
4954.75,0
4955.0,1
4956.0,0
4956.25,1
4957.75,0
4958.0,1
4958.25,0
4958.5,1
4958.75,0
4959.0,1
4960.25,0
4976.25,1
4976.75,0
4977.0,1
4979.5,0
4979.75,1
4980.0,0
4980.25,1
4981.0,0
4981.25,1
4981.75,0
4982.0,1
4982.5,0
4982.75,1
4984.75,0
4985.0,1
4985.25,0
4988.75,1
4989.0,0
5000.75,1
5001.0,0
5001.5,1
5002.25,0
5002.5,1
5002.75,0
5003.0,1
5006.0,0
5006.5,1
5007.5,0
5007.75,1
5008.25,0
5008.5,1
5009.25,0
5071.0,1
5071.25,0
5072.0,1
5072.25,0
5072.75,1
5073.0,0
5073.5,1
5075.5,0
5075.75,1
5077.75,0
5078.5,1
5079.0,0
5079.25,1
5081.25,0
5094.25,1
5094.5,0
5096.75,1
5097.75,0
5098.0,1
5099.0,0
5099.25,1
5099.75,0
5100.0,1
5101.0,0
5101.25,1
5102.0,0
5102.25,1
5102.5,0
5103.0,1
5104.75,0
5105.0,1
5105.25,0
5105.5,1
5105.75,0
5119.0,1
5119.5,0
5120.25,1
5120.5,0
5120.75,1
5121.0,0
5121.25,1
5122.0,0
5122.25,1
5123.25,0
5123.75,1
5124.75,0
5125.0,1
5125.5,0
5126.5,1
5127.25,0
5127.5,1
5127.75,0
5128.0,1
5129.5,0
5131.75,1
5132.0,0
5144.5,1
5145.75,0
5146.0,1
5146.5,0
5146.75,1
5149.5,0
5150.0,1
5151.75,0
5152.0,1
5152.25,0
5153.0,1
5153.25,0
5154.25,1
5154.5,0
5157.25,1
5157.5,0
5168.0,1
5168.5,0
5169.0,1
5169.75,0
5170.0,1
5171.25,0
5171.5,1
5171.75,0
5172.25,1
5172.75,0
5173.0,1
5177.0,0
5177.5,1
5177.75,0
5238.25,1
5238.5,0
5240.75,1
5241.0,0
5241.75,1
5242.0,0
5242.25,1
5243.0,0
5243.25,1
5243.5,0
5243.75,1
5245.0,0
5245.25,1
5245.5,0
5246.0,1
5247.5,0
5248.0,1
5248.25,0
5248.75,1
5249.5,0
5262.5,1
5263.0,0
5265.0,1
5265.25,0
5265.5,1
5268.0,0
5268.5,1
5269.25,0
5269.5,1
5271.0,0
5271.25,1
5272.75,0
5273.0,1
5273.25,0
5286.5,1
5286.75,0
5287.25,1
5287.5,0
5288.75,1
5289.5,0
5290.0,1
5290.5,0
5290.75,1
5293.25,0
5293.5,1
5294.75,0
5295.0,1
5295.5,0
5295.75,1
5296.75,0
5297.0,1
5297.5,0
5310.75,1
5311.0,0
5312.5,1
5313.5,0
5313.75,1
5314.25,0
5315.25,1
5316.0,0
5316.75,1
5317.25,0
5317.5,1
5318.0,0
5318.5,1
5319.75,0
5320.0,1
5320.75,0
5321.0,1
5321.25,0
5336.25,1
5336.5,0
5337.0,1
5338.75,0
5339.0,1
5340.75,0
5341.0,1
5342.75,0
5343.0,1
5343.25,0
5343.5,1
5345.0,0
5349.5,1
5349.75,0
5406.25,1
5406.5,0
5409.0,1
5410.5,0
5410.75,1
5412.0,0
5412.25,1
5413.25,0
5413.5,1
5414.25,0
5414.75,1
5416.5,0
5417.0,1
5417.5,0
5431.25,1
5431.75,0
5432.25,1
5432.5,0
5433.0,1
5436.0,0
5436.25,1
5436.75,0
5437.0,1
5439.5,0
5439.75,1
5441.5,0
5456.75,1
5457.0,0
5457.25,1
5457.5,0
5457.75,1
5459.75,0
5460.0,1
5461.25,0
5461.5,1
5462.25,0
5462.75,1
5463.75,0
5464.0,1
5464.25,0
5464.75,1
5465.25,0
5467.75,1
5468.0,0
5469.75,1
5470.0,0
5478.75,1
5479.0,0
5481.0,1
5482.0,0
5482.25,1
5484.5,0
5484.75,1
5485.75,0
5486.5,1
5487.0,0
5487.25,1
5488.25,0
5488.5,1
5489.0,0
5489.25,1
5489.5,0
5493.0,1
5493.25,0
5502.75,1
5503.25,0
5504.5,1
5504.75,0
5505.0,1
5505.25,0
5505.5,1
5507.75,0
5508.0,1
5508.25,0
5509.0,1
5510.25,0
5510.5,1
5513.5,0
5513.75,1
5514.0,0
5574.75,1
5575.5,0
5576.25,1
5577.25,0
5577.5,1
5578.0,0
5578.25,1
5578.75,0
5579.0,1
5582.0,0
5582.25,1
5583.25,0
5583.5,1
5584.5,0
5584.75,1
5585.25,0
5601.0,1
5601.25,0
5602.0,1
5604.0,0
5604.5,1
5607.75,0
5608.0,1
5608.5,0
5609.0,1
5609.5,0
5623.5,1
5623.75,0
5624.75,1
5625.5,0
5625.75,1
5626.5,0
5626.75,1
5630.0,0
5630.5,1
5630.75,0
5631.25,1
5632.25,0
5632.5,1
5632.75,0
5633.25,1
5633.75,0
5635.75,1
5636.0,0
5645.75,1
5646.0,0
5648.5,1
5648.75,0
5649.0,1
5651.75,0
5652.0,1
5654.0,0
5654.25,1
5656.0,0
5656.25,1
5657.25,0
5660.75,1
5661.0,0
5662.0,1
5662.25,0
5670.25,1
5670.5,0
5673.25,1
5673.75,0
5674.25,1
5675.25,0
5675.5,1
5676.5,0
5677.0,1
5677.5,0
5677.75,1
5679.75,0
5680.5,1
5681.25,0
5685.25,1
5685.5,0
5744.5,1
5744.75,0
5745.25,1
5748.0,0
5748.5,1
5749.5,0
5749.75,1
5750.5,0
5750.75,1
5751.0,0
5751.25,1
5753.25,0
5758.5,1
5758.75,0
5769.0,1
5769.25,0
5769.5,1
5770.0,0
5770.25,1
5772.25,0
5772.5,1
5772.75,0
5773.0,1
5773.25,0
5774.0,1
5774.5,0
5774.75,1
5775.75,0
5776.0,1
5776.25,0
5777.25,1
5778.0,0
5789.5,1
5789.75,0
5791.25,1
5791.5,0
5792.75,1
5793.0,0
5793.25,1
5797.0,0
5797.25,1
5801.0,0
5806.0,1
5806.25,0
5813.25,1
5813.5,0
5814.25,1
5814.75,0
5817.0,1
5819.75,0
5820.0,1
5820.5,0
5820.75,1
5821.5,0
5821.75,1
5824.75,0
5825.0,1
5825.25,0
5828.5,1
5828.75,0
5829.0,1
5829.25,0
5834.75,1
5835.0,0
5838.0,1
5838.25,0
5838.5,1
5838.75,0
5841.0,1
5841.25,0
5841.5,1
5845.25,0
5846.0,1
5847.75,0
5848.0,1
5848.75,0
5849.0,1
5849.5,0
5850.0,1
5850.25,0
5851.5,1
5851.75,0
5907.75,1
5908.25,0
5909.5,1
5909.75,0
5910.0,1
5910.5,0
5910.75,1
5911.5,0
5912.5,1
5912.75,0
5913.25,1
5913.5,0
5913.75,1
5915.75,0
5916.25,1
5916.5,0
5916.75,1
5920.75,0
5921.0,1
5921.25,0
5922.5,1
5922.75,0
5957.75,1
5958.0,0
5959.75,1
5960.0,0
5961.0,1
5961.5,0
5961.75,1
5963.5,0
5963.75,1
5964.5,0
5964.75,1
5965.0,0
5965.25,1
5966.0,0
5966.25,1
5966.5,0
5966.75,1
5967.0,0
5967.25,1
5969.0,0
5983.5,1
5984.0,0
5985.25,1
5985.5,0
5985.75,1
5987.75,0
5988.0,1
5988.5,0
5988.75,1
5989.5,0
5990.0,1
5992.25,0
5992.5,1
5992.75,0
5993.25,1
5993.5,0
5997.5,1
5997.75,0
6007.0,1
6007.25,0
6009.0,1
6009.75,0
6010.5,1
6011.75,0
6012.25,1
6013.5,0
6014.0,1
6014.5,0
6014.75,1
6016.25,0
6017.0,1
6017.25,0
6021.25,1
6021.5,0
6079.0,1
6079.25,0
6080.75,1
6081.0,0
6081.25,1
6082.5,0
6082.75,1
6083.0,0
6083.25,1
6083.75,0
6084.0,1
6086.0,0
6086.25,1
6088.0,0
6088.5,1
6088.75,0
6089.25,1
6089.5,0
6104.0,1
6104.75,0
6105.0,1
6106.75,0
6107.0,1
6110.0,0
6110.25,1
6110.75,0
6111.0,1
6113.25,0
6127.0,1
6127.25,0
6127.5,1
6127.75,0
6128.75,1
6129.0,0
6129.25,1
6129.5,0
6129.75,1
6130.25,0
6130.5,1
6132.25,0
6132.5,1
6132.75,0
6133.0,1
6134.25,0
6134.5,1
6135.25,0
6135.5,1
6136.75,0
6137.75,1
6138.25,0
6139.75,1
6140.0,0
6152.75,1
6153.0,0
6153.25,1
6155.25,0
6155.5,1
6156.25,0
6156.5,1
6157.75,0
6158.25,1
6160.5,0
6160.75,1
6161.5,0
6164.75,1
6165.25,0
6174.5,1
6174.75,0
6175.0,1
6175.75,0
6176.0,1
6176.25,0
6176.75,1
6177.5,0
6177.75,1
6178.0,0
6178.25,1
6178.75,0
6179.0,1
6180.0,0
6180.25,1
6181.25,0
6181.5,1
6182.5,0
6182.75,1
6184.25,0
6184.5,1
6184.75,0
6246.5,1
6246.75,0
6248.75,1
6249.5,0
6249.75,1
6252.0,0
6252.25,1
6253.25,0
6253.5,1
6256.25,0
6256.5,1
6256.75,0
6272.75,1
6273.0,0
6273.25,1
6274.75,0
6275.0,1
6277.25,0
6277.5,1
6278.25,0
6278.5,1
6280.5,0
6280.75,1
6281.0,0
6281.5,1
6281.75,0
6296.25,1
6296.75,0
6297.25,1
6299.5,0
6299.75,1
6300.0,0
6300.25,1
6302.75,0
6303.0,1
6303.5,0
6303.75,1
6305.5,0
6308.75,1
6309.0,0
6318.75,1
6319.0,0
6321.75,1
6322.5,0
6322.75,1
6323.75,0
6324.25,1
6324.5,0
6324.75,1
6325.0,0
6325.25,1
6325.5,0
6326.0,1
6326.25,0
6326.5,1
6327.5,0
6327.75,1
6329.0,0
6344.25,1
6344.75,0
6345.0,1
6346.0,0
6346.25,1
6346.5,0
6346.75,1
6352.0,0
6352.25,1
6352.5,0
6352.75,1
6353.25,0
6353.75,1
6354.0,0
6416.25,1
6416.5,0
6417.25,1
6418.0,0
6418.25,1
6420.0,0
6420.5,1
6423.75,0
6424.0,1
6425.5,0
6441.0,1
6442.5,0
6442.75,1
6443.25,0
6443.5,1
6445.0,0
6445.25,1
6445.5,0
6445.75,1
6447.25,0
6447.5,1
6447.75,0
6448.25,1
6448.75,0
6449.0,1
6449.25,0
6452.75,1
6453.0,0
6453.5,1
6453.75,0
6465.0,1
6465.25,0
6465.5,1
6469.0,0
6469.25,1
6473.5,0
6477.0,1
6477.25,0
6488.0,1
6488.25,0
6488.5,1
6491.25,0
6491.5,1
6492.25,0
6492.5,1
6493.0,0
6493.25,1
6495.0,0
6495.25,1
6497.0,0
6497.5,1
6498.0,0
6512.25,1
6512.5,0
6512.75,1
6513.0,0
6513.25,1
6515.0,0
6515.25,1
6515.5,0
6515.75,1
6516.0,0
6516.25,1
6517.5,0
6517.75,1
6518.25,0
6518.5,1
6521.25,0
6521.5,1
6521.75,0
6523.75,1
6524.0,0
6526.0,1
6526.25,0
6583.5,1
6583.75,0
6585.0,1
6586.5,0
6586.75,1
6588.25,0
6588.5,1
6590.0,0
6590.25,1
6593.0,0
6593.25,1
6593.5,0
6594.25,1
6594.5,0
6598.25,1
6598.5,0
6607.0,1
6607.25,0
6609.0,1
6609.25,0
6609.5,1
6609.75,0
6610.25,1
6611.5,0
6612.25,1
6612.5,0
6612.75,1
6613.25,0
6613.5,1
6614.5,0
6615.25,1
6615.5,0
6615.75,1
6616.5,0
6616.75,1
6617.0,0
6617.25,1
6617.5,0
6630.5,1
6631.0,0
6631.75,1
6632.0,0
6632.5,1
6632.75,0
6633.0,1
6633.5,0
6633.75,1
6634.0,0
6634.25,1
6634.5,0
6634.75,1
6636.25,0
6636.5,1
6637.75,0
6638.25,1
6639.25,0
6639.5,1
6640.0,0
6640.25,1
6641.0,0
6641.25,1
6641.5,0
6657.5,1
6658.75,0
6659.0,1
6661.0,0
6661.75,1
6662.75,0
6663.0,1
6663.5,0
6663.75,1
6665.0,0
6665.25,1
6665.5,0
6678.5,1
6678.75,0
6679.75,1
6680.0,0
6681.0,1
6681.25,0
6681.5,1
6682.5,0
6682.75,1
6685.5,0
6685.75,1
6686.0,0
6686.25,1
6686.75,0
6687.25,1
6688.75,0
6689.0,1
6689.25,0
6750.25,1
6750.5,0
6751.25,1
6751.5,0
6753.0,1
6756.25,0
6756.5,1
6756.75,0
6757.0,1
6757.25,0
6757.5,1
6757.75,0
6758.25,1
6760.5,0
6760.75,1
6761.5,0
6797.5,1
6797.75,0
6800.75,1
6801.0,0
6801.25,1
6801.75,0
6802.0,1
6803.0,0
6803.25,1
6804.75,0
6805.25,1
6806.0,0
6806.25,1
6806.5,0
6807.0,1
6807.5,0
6807.75,1
6809.5,0
6823.25,1
6823.5,0
6825.0,1
6826.25,0
6826.5,1
6828.25,0
6828.5,1
6829.75,0
6830.0,1
6830.75,0
6831.0,1
6831.5,0
6831.75,1
6833.0,0
6837.0,1
6837.25,0
6846.5,1
6846.75,0
6849.25,1
6850.0,0
6850.25,1
6851.25,0
6851.5,1
6851.75,0
6852.0,1
6853.5,0
6853.75,1
6854.75,0
6855.0,1
6855.25,0
6855.75,1
6857.25,0
6860.5,1
6860.75,0
6861.25,1
6861.5,0
6919.0,1
6919.25,0
6921.0,1
6921.25,0
6921.5,1
6921.75,0
6922.0,1
6922.25,0
6922.5,1
6922.75,0
6923.0,1
6924.0,0
6924.25,1
6924.5,0
6924.75,1
6925.25,0
6925.75,1
6927.25,0
6927.75,1
6929.25,0
6932.75,1
6933.0,0
6942.25,1
6942.5,0
6944.75,1
6945.25,0
6945.5,1
6945.75,0
6946.0,1
6946.5,0
6946.75,1
6949.0,0
6949.25,1
6950.0,0
6950.25,1
6950.5,0
6950.75,1
6951.75,0
6952.0,1
6952.5,0
6952.75,1
6953.25,0
6958.0,1
6958.25,0
6967.0,1
6967.5,0
6968.75,1
6969.0,0
6969.25,1
6971.5,0
6972.0,1
6972.25,0
6972.5,1
6973.75,0
6974.0,1
6974.75,0
6975.0,1
6976.25,0
6976.5,1
6976.75,0
6977.25,1
6977.5,0
6990.25,1
6990.5,0
6990.75,1
6991.0,0
6991.25,1
6991.5,0
6992.25,1
6992.5,0
6993.0,1
6995.25,0
6995.5,1
6998.5,0
6998.75,1
6999.5,0
6999.75,1
7000.5,0
7000.75,1
7001.0,0
7016.0,1
7018.0,0
7018.5,1
7021.75,0
7022.0,1
7023.75,0
7024.0,1
7024.75,0
7025.0,1
7025.5,0
7088.25,1
7088.5,0
7089.25,1
7091.0,0
7091.5,1
7095.5,0
7095.75,1
7097.25,0
7110.25,1
7110.5,0
7113.75,1
7114.75,0
7115.0,1
7115.5,0
7115.75,1
7116.0,0
7116.25,1
7116.5,0
7116.75,1
7117.5,0
7117.75,1
7118.0,0
7118.25,1
7118.75,0
7119.0,1
7120.5,0
7120.75,1
7121.0,0
7124.75,1
7125.0,0
7137.0,1
7137.25,0
7137.75,1
7138.0,0
7138.25,1
7138.5,0
7138.75,1
7139.25,0
7139.5,1
7140.0,0
7141.0,1
7141.25,0
7141.5,1
7143.25,0
7143.75,1
7144.75,0
7145.0,1
7145.5,0
7159.5,1
7159.75,0
7160.75,1
7161.0,0
7161.25,1
7163.5,0
7163.75,1
7165.75,0
7166.0,1
7167.0,0
7167.5,1
7168.0,0
7168.25,1
7169.0,0
7169.5,1
7169.75,0
7172.5,1
7172.75,0
7184.75,1
7185.0,0
7185.25,1
7185.5,0
7185.75,1
7186.0,0
7186.25,1
7187.25,0
7187.75,1
7188.0,0
7188.25,1
7188.5,0
7188.75,1
7189.25,0
7189.5,1
7192.25,0
7192.5,1
7192.75,0
7193.0,1
7193.25,0
7254.0,1
7254.25,0
7255.5,1
7256.25,0
7257.25,1
7259.25,0
7259.5,1
7260.0,0
7260.25,1
7261.5,0
7261.75,1
7262.0,0
7262.5,1
7265.0,0
7269.0,1
7269.25,0
7278.0,1
7278.25,0
7280.5,1
7280.75,0
7281.0,1
7284.0,0
7284.25,1
7287.5,0
7287.75,1
7288.75,0
7292.25,1
7292.5,0
7293.25,1
7293.5,0
7304.0,1
7304.25,0
7305.0,1
7306.25,0
7306.5,1
7307.25,0
7307.5,1
7307.75,0
7308.25,1
7310.5,0
7310.75,1
7311.0,0
7311.25,1
7311.75,0
7312.0,1
7312.5,0
7313.25,1
7313.5,0
7326.0,1
7326.25,0
7327.5,1
7327.75,0
7328.25,1
7328.75,0
7329.25,1
7331.75,0
7332.0,1
7332.5,0
7333.0,1
7336.75,0
7337.25,1
7337.5,0
7342.25,1
7342.5,0
7350.75,1
7351.0,0
7352.25,1
7352.5,0
7353.75,1
7354.5,0
7354.75,1
7355.0,0
7355.5,1
7358.0,0
7358.25,1
7360.75,0
7422.5,1
7423.0,0
7424.5,1
7424.75,0
7425.25,1
7427.75,0
7428.0,1
7428.75,0
7429.0,1
7431.25,0
7431.5,1
7431.75,0
7432.0,1
7433.0,0
7433.25,1
7433.5,0
7437.5,1
7437.75,0
7449.25,1
7449.75,0
7450.0,1
7451.25,0
7451.5,1
7452.5,0
7452.75,1
7454.75,0
7455.25,1
7455.75,0
7456.0,1
7456.25,0
7456.5,1
7457.0,0
7457.25,1
7457.5,0
7472.25,1
7472.5,0
7473.0,1
7473.25,0
7473.5,1
7474.25,0
7474.5,1
7475.0,0
7475.25,1
7476.0,0
7476.25,1
7476.5,0
7476.75,1
7477.25,0
7477.75,1
7479.0,0
7479.25,1
7479.5,0
7479.75,1
7481.0,0
7481.25,1
7481.5,0
7497.0,1
7497.75,0
7498.0,1
7498.75,0
7499.0,1
7501.5,0
7501.75,1
7503.5,0
7503.75,1
7504.25,0
7504.75,1
7505.5,0
7509.0,1
7509.75,0
7519.5,1
7519.75,0
7520.5,1
7522.75,0
7523.0,1
7523.75,0
7524.25,1
7525.0,0
7525.25,1
7526.0,0
7526.25,1
7527.0,0
7527.5,1
7529.5,0
7529.75,1
7530.0,0
7533.25,1
7533.5,0
7533.75,1
7534.0,0
7591.0,1
7591.25,0
7592.0,1
7592.25,0
7592.5,1
7592.75,0
7593.0,1
7597.25,0
7597.5,1
7601.25,0
7616.75,1
7617.5,0
7617.75,1
7620.25,0
7621.0,1
7621.25,0
7621.75,1
7622.25,0
7622.75,1
7624.75,0
7625.0,1
7625.25,0
7641.25,1
7641.5,0
7641.75,1
7643.5,0
7643.75,1
7644.5,0
7645.5,1
7647.0,0
7647.25,1
7647.5,0
7647.75,1
7648.25,0
7648.75,1
7649.5,0
7664.75,1
7665.0,0
7665.75,1
7667.5,0
7667.75,1
7669.75,0
7670.25,1
7670.5,0
7670.75,1
7671.0,0
7671.5,1
7673.0,0
7673.5,1
7673.75,0
7686.0,1
7686.25,0
7689.0,1
7689.25,0
7689.75,1
7690.0,0
7690.25,1
7691.5,0
7692.5,1
7693.0,0
7693.5,1
7694.25,0
7694.75,1
7697.75,0
7700.75,1
7701.0,0
7758.5,1
7758.75,0
7759.0,1
7759.25,0
7760.25,1
7761.25,0
7761.75,1
7762.25,0
7762.5,1
7764.25,0
7764.5,1
7765.25,0
7765.5,1
7766.75,0
7767.0,1
7767.75,0
7768.0,1
7769.0,0
7773.75,1
7774.0,0
7783.75,1
7784.0,0
7784.75,1
7788.75,0
7789.0,1
7790.25,0
7790.5,1
7792.0,0
7792.25,1
7793.0,0
7793.25,1
7793.75,0
7796.5,1
7796.75,0
7797.5,1
7797.75,0
7805.5,1
7805.75,0
7808.75,1
7809.25,0
7809.5,1
7810.75,0
7811.0,1
7813.75,0
7814.0,1
7814.25,0
7814.5,1
7814.75,0
7815.0,1
7815.25,0
7815.5,1
7816.25,0
7816.5,1
7816.75,0
7833.25,1
7833.5,0
7834.0,1
7836.0,0
7836.5,1
7836.75,0
7837.0,1
7837.75,0
7838.0,1
7839.5,0
7839.75,1
7841.0,0
7844.75,1
7845.0,0
7845.75,1
7846.0,0
7927.0,1
7927.25,0
7928.5,1
7928.75,0
7929.0,1
7930.75,0
7931.0,1
7932.0,0
7932.25,1
7932.5,0
7932.75,1
7933.0,0
7933.25,1
7933.5,0
7934.5,1
7936.0,0
7936.25,1
7936.5,0
7936.75,1
7937.5,0
7950.0,1
7950.5,0
7951.0,1
7951.25,0
7953.0,1
7953.5,0
7953.75,1
7954.75,0
7955.0,1
7955.5,0
7956.0,1
7956.75,0
7957.0,1
7957.5,0
7957.75,1
7958.0,0
7958.25,1
7958.5,0
7958.75,1
7960.25,0
7960.5,1
7960.75,0
7961.75,1
7962.0,0
7964.75,1
7965.0,0
7966.25,1
7966.5,0
7976.25,1
7976.5,0
7977.0,1
7978.75,0
7979.25,1
7979.75,0
7980.0,1
7982.25,0
7982.5,1
7984.75,0
7985.25,1
7985.5,0
7989.75,1
7990.0,0
8000.75,1
8001.25,0
8001.5,1
8007.25,0
8007.75,1
8008.25,0
8008.5,1
8008.75,0
8009.0,1
8009.25,0
8009.75,1
8010.0,0
8025.0,1
8026.75,0
8027.0,1
8027.5,0
8027.75,1
8028.25,0
8028.5,1
8029.0,0
8029.25,1
8030.5,0
8031.25,1
8033.75,0
8096.25,1
8096.5,0
8096.75,1
8098.0,0
8098.25,1
8098.5,0
8099.0,1
8099.5,0
8099.75,1
8102.0,0
8102.25,1
8102.75,0
8103.25,1
8103.75,0
8104.0,1
8105.0,0
8109.25,1
8109.5,0
8119.25,1
8119.5,0
8121.0,1
8124.0,0
8124.75,1
8125.25,0
8125.5,1
8127.5,0
8127.75,1
8128.25,0
8128.75,1
8129.0,0
8145.0,1
8146.0,0
8146.25,1
8148.75,0
8149.0,1
8149.25,0
8149.75,1
8152.5,0
8152.75,1
8153.0,0
8156.75,1
8157.0,0
8168.75,1
8169.0,0
8169.25,1
8172.25,0
8172.75,1
8175.75,0
8176.0,1
8176.25,0
8176.5,1
8177.0,0
8193.25,1
8193.5,0
8193.75,1
8196.0,0
8196.5,1
8197.0,0
8197.5,1
8198.5,0
8198.75,1
8201.0,0
8201.25,1
8201.5,0
8260.0,1
8260.25,0
8260.75,1
8261.0,0
8261.5,1
8261.75,0
8263.25,1
8263.5,0
8263.75,1
8264.0,0
8264.25,1
8264.5,0
8264.75,1
8265.0,0
8265.25,1
8265.5,0
8265.75,1
8271.25,0
8271.5,1
8273.0,0
8276.75,1
8277.0,0
8287.5,1
8287.75,0
8288.25,1
8288.5,0
8288.75,1
8289.0,0
8289.25,1
8291.25,0
8291.5,1
8292.0,0
8292.75,1
8293.25,0
8293.5,1
8293.75,0
8294.0,1
8294.5,0
8294.75,1
8295.0,0
8295.25,1
8296.5,0
8296.75,1
8297.25,0
8310.5,1
8310.75,0
8313.25,1
8316.0,0
8316.25,1
8316.75,0
8317.0,1
8319.0,0
8319.25,1
8321.25,0
8324.25,1
8324.5,0
8334.75,1
8335.25,0
8337.0,1
8337.75,0
8338.25,1
8339.0,0
8339.5,1
8339.75,0
8340.0,1
8343.25,0
8343.5,1
8343.75,0
8344.25,1
8344.75,0
8345.25,1
8345.5,0
8358.5,1
8358.75,0
8359.75,1
8360.0,0
8360.5,1
8360.75,0
8361.0,1
8363.75,0
8364.0,1
8364.25,0
8364.75,1
8365.0,0
8365.25,1
8365.75,0
8366.0,1
8366.25,0
8366.5,1
8366.75,0
8367.0,1
8367.75,0
8368.0,1
8368.75,0
8369.0,1
8369.25,0
8373.25,1
8373.5,0
8430.5,1
8431.0,0
8433.0,1
8433.5,0
8433.75,1
8434.75,0
8435.0,1
8435.25,0
8435.5,1
8437.0,0
8437.25,1
8437.75,0
8438.0,1
8438.5,0
8438.75,1
8439.25,0
8439.5,1
8439.75,0
8440.0,1
8441.0,0
8441.25,1
8441.75,0
8457.0,1
8458.0,0
8458.75,1
8460.75,0
8461.0,1
8461.25,0
8461.5,1
8463.5,0
8463.75,1
8464.0,0
8464.25,1
8464.5,0
8464.75,1
8465.0,0
8478.25,1
8478.5,0
8480.75,1
8485.25,0
8485.5,1
8487.0,0
8487.25,1
8489.0,0
8491.5,1
8491.75,0
8502.25,1
8502.5,0
8504.25,1
8504.5,0
8505.25,1
8505.5,0
8506.0,1
8507.75,0
8508.0,1
8508.5,0
8508.75,1
8509.75,0
8510.0,1
8511.0,0
8511.25,1
8512.0,0
8512.25,1
8512.75,0
8513.0,1
8513.5,0
8526.0,1
8526.25,0
8528.75,1
8529.25,0
8529.75,1
8530.25,0
8530.5,1
8531.0,0
8531.25,1
8531.5,0
8532.0,1
8533.5,0
8533.75,1
8534.75,0
8535.0,1
8536.25,0
8536.5,1
8537.25,0
8538.0,1
8538.25,0
8625.0,1
8625.5,0
8625.75,1
8626.25,0
8626.5,1
8626.75,0
8627.0,1
8628.5,0
8629.25,1
8629.5,0
8629.75,1
8633.0,0
8647.5,1
8648.0,0
8648.25,1
8648.5,0
8649.75,1
8653.0,0
8653.25,1
8655.75,0
8656.0,1
8657.0,0
8672.25,1
8672.5,0
8673.25,1
8673.5,0
8674.0,1
8674.5,0
8674.75,1
8675.25,0
8675.75,1
8676.0,0
8676.25,1
8676.5,0
8676.75,1
8677.0,0
8677.25,1
8677.5,0
8678.0,1
8679.25,0
8679.5,1
8681.0,0
8681.25,1
8681.5,0
8694.5,1
8694.75,0
8695.5,1
8695.75,0
8697.0,1
8698.0,0
8698.5,1
8698.75,0
8699.0,1
8699.75,0
8700.25,1
8700.5,0
8700.75,1
8701.0,0
8701.25,1
8701.5,0
8701.75,1
8704.25,0
8704.5,1
8704.75,0
8705.5,1
8705.75,0
8709.0,1
8709.25,0
