#1


float Room-121 (4275,2)
0.0,0
31.5,1
32.0,0
33.25,1
38.0,0
38.25,1
38.75,0
39.0,1
40.0,0
40.25,1
40.75,0
41.0,1
41.5,0
45.5,1
45.75,0
53.75,1
54.0,0
56.0,1
56.25,0
57.0,1
57.25,0
57.5,1
58.5,0
59.0,1
60.25,0
60.5,1
60.75,0
61.0,1
63.0,0
63.25,1
63.5,0
63.75,1
65.0,0
77.75,1
78.0,0
79.5,1
79.75,0
80.0,1
80.5,0
80.75,1
84.0,0
85.25,1
85.5,0
85.75,1
88.75,0
92.5,1
92.75,0
102.5,1
102.75,0
105.0,1
105.25,0
105.5,1
106.75,0
107.25,1
108.25,0
108.5,1
108.75,0
109.0,1
109.5,0
109.75,1
110.75,0
111.5,1
112.25,0
112.5,1
113.0,0
113.75,1
114.0,0
117.25,1
117.5,0
128.5,1
128.75,0
129.0,1
132.25,0
132.5,1
133.5,0
134.0,1
135.25,0
135.75,1
137.5,0
141.0,1
141.25,0
198.5,1
199.0,0
200.25,1
200.75,0
201.5,1
202.0,0
202.25,1
204.5,0
204.75,1
205.75,0
206.0,1
206.75,0
207.0,1
207.5,0
207.75,1
208.0,0
208.25,1
208.75,0
209.25,1
209.5,0
224.5,1
224.75,0
225.0,1
225.25,0
225.5,1
226.25,0
226.5,1
227.5,0
227.75,1
228.75,0
229.25,1
230.25,0
230.5,1
232.75,0
233.0,1
233.25,0
249.25,1
249.75,0
250.0,1
250.5,0
250.75,1
251.5,0
251.75,1
252.25,0
252.75,1
255.25,0
255.5,1
255.75,0
256.0,1
257.0,0
257.5,1
257.75,0
270.75,1
271.5,0
272.0,1
272.25,0
273.0,1
273.25,0
273.75,1
274.5,0
274.75,1
277.0,0
277.25,1
277.5,0
277.75,1
278.0,0
278.25,1
278.75,0
279.0,1
279.25,0
279.5,1
281.25,0
281.75,1
282.0,0
295.75,1
296.0,0
296.25,1
296.5,0
297.0,1
297.25,0
297.75,1
298.0,0
298.25,1
299.75,0
300.75,1
301.0,0
301.25,1
303.5,0
303.75,1
304.75,0
309.25,1
309.5,0
368.75,1
369.0,0
369.5,1
369.75,0
370.25,1
371.0,0
371.25,1
372.75,0
373.0,1
373.5,0
373.75,1
374.25,0
374.5,1
376.5,0
376.75,1
377.75,0
379.5,1
379.75,0
389.75,1
390.0,0
392.75,1
394.5,0
394.75,1
396.5,0
396.75,1
397.0,0
397.25,1
397.75,0
398.0,1
398.5,0
398.75,1
399.5,0
399.75,1
401.25,0
403.5,1
403.75,0
439.0,1
439.25,0
439.5,1
439.75,0
441.0,1
441.25,0
441.75,1
444.5,0
444.75,1
446.0,0
447.0,1
448.5,0
448.75,1
449.25,0
452.5,1
452.75,0
462.75,1
463.0,0
464.75,1
465.0,0
465.5,1
466.75,0
467.25,1
468.25,0
468.5,1
468.75,0
469.5,1
470.25,0
470.5,1
472.0,0
472.25,1
473.5,0
534.75,1
535.0,0
535.25,1
535.5,0
537.5,1
538.25,0
538.75,1
540.0,0
540.25,1
541.5,0
542.0,1
543.75,0
544.25,1
545.75,0
558.25,1
558.75,0
560.75,1
561.0,0
561.5,1
563.5,0
564.0,1
568.5,0
568.75,1
569.0,0
570.75,1
571.0,0
573.0,1
573.25,0
585.5,1
586.25,0
586.5,1
587.0,0
587.75,1
588.0,0
588.25,1
588.75,0
589.0,1
592.5,0
592.75,1
593.0,0
598.25,1
598.75,0
609.0,1
610.75,0
611.0,1
611.75,0
612.25,1
614.0,0
614.25,1
616.5,0
616.75,1
617.0,0
617.25,1
617.5,0
620.5,1
620.75,0
621.5,1
621.75,0
622.0,1
622.25,0
630.5,1
630.75,0
633.25,1
636.0,0
636.25,1
636.75,0
637.0,1
637.25,0
637.5,1
639.5,0
639.75,1
640.75,0
641.25,1
641.5,0
704.75,1
705.0,0
705.25,1
705.5,0
705.75,1
706.5,0
706.75,1
707.25,0
707.5,1
707.75,0
708.0,1
709.75,0
710.5,1
713.0,0
713.75,1
714.0,0
728.5,1
728.75,0
729.25,1
729.5,0
729.75,1
731.25,0
731.5,1
732.0,0
732.25,1
733.0,0
733.5,1
734.0,0
734.25,1
735.0,0
735.25,1
736.75,0
737.0,1
737.5,0
737.75,1
738.0,0
740.75,1
741.0,0
741.25,1
741.5,0
750.5,1
750.75,0
752.75,1
753.25,0
753.5,1
755.0,0
755.5,1
760.25,0
760.75,1
761.0,0
761.25,1
761.5,0
764.75,1
765.0,0
765.75,1
766.0,0
775.25,1
775.5,0
776.25,1
776.5,0
777.0,1
777.25,0
777.5,1
778.5,0
779.0,1
782.5,0
783.25,1
785.0,0
800.75,1
801.5,0
801.75,1
802.5,0
802.75,1
803.75,0
804.25,1
805.0,0
805.25,1
808.25,0
808.75,1
809.0,0
809.5,1
809.75,0
813.75,1
814.0,0
873.0,1
874.75,0
875.0,1
876.25,0
876.5,1
877.0,0
877.25,1
877.5,0
877.75,1
879.25,0
879.5,1
880.75,0
886.75,1
887.0,0
894.5,1
894.75,0
895.0,1
895.25,0
895.75,1
896.0,0
897.0,1
899.5,0
899.75,1
900.25,0
900.75,1
901.0,0
901.25,1
901.5,0
901.75,1
902.25,0
902.5,1
903.75,0
904.0,1
904.5,0
904.75,1
905.0,0
905.25,1
905.5,0
921.75,1
922.0,0
922.25,1
922.5,0
922.75,1
923.75,0
924.0,1
924.75,0
925.0,1
925.25,0
925.75,1
927.25,0
927.75,1
929.0,0
929.25,1
929.5,0
942.75,1
943.25,0
943.5,1
943.75,0
944.25,1
944.75,0
945.0,1
945.25,0
945.75,1
947.25,0
947.5,1
947.75,0
948.0,1
950.25,0
950.5,1
952.75,0
953.25,1
953.75,0
956.5,1
956.75,0
966.0,1
966.5,0
966.75,1
967.0,0
967.25,1
967.5,0
968.75,1
969.25,0
969.5,1
969.75,0
970.0,1
970.5,0
970.75,1
971.0,0
971.25,1
974.0,0
974.25,1
976.5,0
1041.0,1
1041.5,0
1041.75,1
1042.25,0
1042.75,1
1046.5,0
1046.75,1
1049.0,0
1049.5,1
1049.75,0
1053.5,1
1053.75,0
1063.25,1
1063.5,0
1064.5,1
1065.0,0
1065.5,1
1066.0,0
1066.25,1
1067.5,0
1067.75,1
1069.0,0
1069.25,1
1069.5,0
1069.75,1
1070.0,0
1070.25,1
1071.25,0
1071.5,1
1072.75,0
1073.0,1
1073.25,0
1077.25,1
1077.5,0
1113.0,1
1113.5,0
1113.75,1
1115.0,0
1115.25,1
1117.25,0
1117.5,1
1118.0,0
1118.25,1
1119.0,0
1119.25,1
1121.0,0
1135.5,1
1135.75,0
1136.75,1
1137.25,0
1137.5,1
1139.75,0
1140.0,1
1140.5,0
1141.0,1
1141.25,0
1141.5,1
1143.75,0
1144.0,1
1144.5,0
1144.75,1
1145.25,0
1207.0,1
1207.25,0
1207.5,1
1207.75,0
1208.25,1
1208.5,0
1208.75,1
1210.0,0
1210.25,1
1210.75,0
1211.0,1
1212.5,0
1212.75,1
1213.25,0
1213.5,1
1216.0,0
1216.75,1
1217.0,0
1217.25,1
1217.75,0
1219.0,1
1219.25,0
1221.0,1
1221.25,0
1232.75,1
1233.0,0
1234.0,1
1234.5,0
1234.75,1
1235.0,0
1235.5,1
1236.25,0
1236.75,1
1237.0,0
1237.25,1
1239.25,0
1239.5,1
1239.75,0
1240.0,1
1240.5,0
1241.0,1
1241.5,0
1244.75,1
1245.0,0
1255.5,1
1255.75,0
1256.75,1
1257.0,0
1257.25,1
1258.25,0
1258.5,1
1260.0,0
1260.5,1
1262.25,0
1262.5,1
1263.0,0
1263.25,1
1263.75,0
1264.0,1
1265.0,0
1265.5,1
1265.75,0
1268.0,1
1268.25,0
1279.5,1
1279.75,0
1280.75,1
1281.0,0
1281.25,1
1282.0,0
1282.25,1
1282.75,0
1283.0,1
1286.25,0
1286.75,1
1289.0,0
1293.0,1
1293.25,0
1302.5,1
1303.0,0
1303.75,1
1304.0,0
1304.75,1
1305.0,0
1305.25,1
1305.75,0
1306.0,1
1307.25,0
1307.5,1
1307.75,0
1308.0,1
1308.25,0
1308.75,1
1309.25,0
1309.5,1
1310.5,0
1310.75,1
1311.0,0
1311.25,1
1311.75,0
1312.0,1
1313.25,0
1374.75,1
1375.0,0
1376.5,1
1376.75,0
1377.0,1
1377.5,0
1377.75,1
1380.25,0
1380.5,1
1381.75,0
1382.25,1
1382.5,0
1382.75,1
1383.25,0
1383.5,1
1384.25,0
1384.5,1
1385.0,0
1385.25,1
1385.75,0
1389.0,1
1389.25,0
1389.75,1
1390.0,0
1398.5,1
1398.75,0
1399.0,1
1399.25,0
1399.5,1
1400.0,0
1400.25,1
1400.5,0
1401.0,1
1402.5,0
1403.0,1
1404.75,0
1405.0,1
1405.25,0
1405.75,1
1406.75,0
1407.25,1
1409.0,0
1422.75,1
1423.0,0
1424.75,1
1425.0,0
1425.25,1
1425.75,0
1426.0,1
1428.25,0
1428.5,1
1430.0,0
1430.25,1
1430.5,0
1430.75,1
1431.75,0
1432.0,1
1433.25,0
1448.5,1
1449.0,0
1449.5,1
1449.75,0
1450.0,1
1451.75,0
1452.5,1
1454.25,0
1454.5,1
1455.0,0
1455.5,1
1456.0,0
1456.25,1
1456.5,0
1457.25,1
1457.5,0
1469.75,1
1470.25,0
1472.5,1
1472.75,0
1473.5,1
1474.5,0
1474.75,1
1475.5,0
1475.75,1
1476.25,0
1476.75,1
1477.25,0
1477.5,1
1478.25,0
1479.0,1
1479.5,0
1479.75,1
1480.75,0
1482.0,1
1482.25,0
1543.75,1
1544.0,0
1544.75,1
1545.75,0
1546.0,1
1547.25,0
1547.5,1
1548.75,0
1549.0,1
1549.75,0
1550.25,1
1551.5,0
1551.75,1
1552.5,0
1552.75,1
1553.0,0
1553.25,1
1553.5,0
1568.5,1
1568.75,0
1569.0,1
1572.75,0
1573.0,1
1574.0,0
1574.5,1
1575.5,0
1575.75,1
1576.0,0
1576.25,1
1576.5,0
1576.75,1
1577.0,0
1577.5,1
1577.75,0
1580.75,1
1581.0,0
1590.25,1
1590.5,0
1592.5,1
1592.75,0
1593.0,1
1595.0,0
1595.25,1
1595.5,0
1595.75,1
1596.0,0
1596.5,1
1597.25,0
1597.5,1
1598.0,0
1598.25,1
1598.5,0
1598.75,1
1600.0,0
1600.25,1
1600.75,0
1601.25,1
1601.75,0
1604.5,1
1604.75,0
1615.75,1
1616.0,0
1616.5,1
1616.75,0
1617.25,1
1618.0,0
1618.25,1
1619.0,0
1619.25,1
1619.75,0
1620.0,1
1621.75,0
1622.0,1
1622.25,0
1622.5,1
1622.75,0
1623.0,1
1623.25,0
1623.5,1
1624.5,0
1624.75,1
1625.0,0
1628.5,1
1628.75,0
1630.5,1
1630.75,0
1641.25,1
1642.0,0
1642.25,1
1644.0,0
1644.25,1
1645.0,0
1645.25,1
1647.0,0
1647.5,1
1648.5,0
1648.75,1
1649.0,0
1712.5,1
1712.75,0
1713.0,1
1713.5,0
1713.75,1
1714.0,0
1714.25,1
1717.0,0
1717.25,1
1717.5,0
1717.75,1
1718.0,0
1718.25,1
1719.25,0
1719.5,1
1719.75,0
1720.0,1
1720.25,0
1720.75,1
1721.0,0
1725.5,1
1725.75,0
1734.75,1
1735.0,0
1737.25,1
1739.0,0
1739.25,1
1739.5,0
1739.75,1
1740.0,0
1740.25,1
1740.5,0
1740.75,1
1741.75,0
1742.0,1
1743.0,0
1743.25,1
1744.75,0
1745.75,1
1746.0,0
1748.25,1
1748.5,0
1749.0,1
1749.25,0
1758.0,1
1758.25,0
1760.25,1
1760.5,0
1761.0,1
1762.25,0
1762.5,1
1763.0,0
1763.25,1
1764.25,0
1764.5,1
1764.75,0
1765.0,1
1766.5,0
1767.0,1
1768.0,0
1768.25,1
1769.25,0
1769.75,1
1770.0,0
1772.5,1
1772.75,0
1782.5,1
1782.75,0
1783.0,1
1783.25,0
1785.0,1
1787.5,0
1787.75,1
1788.0,0
1788.5,1
1790.5,0
1790.75,1
1791.25,0
1791.5,1
1792.25,0
1792.5,1
1793.25,0
1796.25,1
1796.5,0
1809.0,1
1811.75,0
1812.0,1
1812.5,0
1812.75,1
1814.0,0
1814.25,1
1814.75,0
1815.0,1
1816.25,0
1816.5,1
1817.25,0
1822.0,1
1822.25,0
1880.25,1
1880.5,0
1881.0,1
1881.25,0
1882.0,1
1882.25,0
1882.5,1
1883.75,0
1884.0,1
1885.25,0
1885.5,1
1886.25,0
1886.5,1
1887.25,0
1887.5,1
1888.5,0
1888.75,1
1889.25,0
1905.25,1
1906.75,0
1907.0,1
1907.25,0
1907.5,1
1909.25,0
1909.5,1
1910.75,0
1911.0,1
1913.0,0
1927.25,1
1927.5,0
1929.0,1
1929.75,0
1930.0,1
1931.75,0
1932.0,1
1932.5,0
1932.75,1
1933.25,0
1933.5,1
1935.5,0
1935.75,1
1937.5,0
1940.75,1
1941.0,0
1952.75,1
1953.75,0
1954.0,1
1955.75,0
1956.0,1
1956.25,0
1956.5,1
1958.5,0
1958.75,1
1959.5,0
1960.0,1
1961.0,0
1976.75,1
1980.75,0
1981.0,1
1981.5,0
1981.75,1
1984.5,0
1984.75,1
1985.0,0
1985.5,1
1985.75,0
2049.0,1
2049.25,0
2049.5,1
2051.25,0
2051.5,1
2053.0,0
2053.5,1
2055.5,0
2055.75,1
2056.75,0
2072.5,1
2072.75,0
2074.0,1
2074.75,0
2075.0,1
2075.5,0
2076.0,1
2077.25,0
2078.0,1
2078.25,0
2078.5,1
2079.0,0
2079.25,1
2079.5,0
2079.75,1
2080.25,0
2080.75,1
2081.0,0
2081.25,1
2081.75,0
2096.0,1
2096.25,0
2097.0,1
2100.25,0
2100.5,1
2101.75,0
2102.0,1
2103.0,0
2103.5,1
2105.25,0
2108.75,1
2109.0,0
2109.5,1
2109.75,0
2121.75,1
2122.25,0
2122.5,1
2123.25,0
2123.5,1
2124.5,0
2124.75,1
2125.5,0
2125.75,1
2126.0,0
2126.75,1
2127.25,0
2127.5,1
2129.25,0
2132.5,1
2133.0,0
2133.5,1
2133.75,0
2143.0,1
2143.25,0
2144.75,1
2145.0,0
2145.25,1
2146.0,0
2146.25,1
2146.75,0
2147.25,1
2147.75,0
2148.0,1
2148.75,0
2149.25,1
2150.25,0
2150.5,1
2151.25,0
2151.5,1
2152.0,0
2152.25,1
2153.0,0
2157.25,1
2157.5,0
2216.25,1
2216.5,0
2216.75,1
2217.25,0
2217.5,1
2217.75,0
2218.0,1
2218.5,0
2218.75,1
2219.25,0
2219.5,1
2220.75,0
2221.0,1
2221.5,0
2222.25,1
2222.75,0
2223.0,1
2224.0,0
2224.25,1
2225.0,0
2227.5,1
2227.75,0
2239.25,1
2239.75,0
2240.0,1
2240.25,0
2240.5,1
2240.75,0
2241.0,1
2242.25,0
2242.5,1
2244.25,0
2244.5,1
2245.5,0
2245.75,1
2246.75,0
2247.0,1
2247.5,0
2247.75,1
2248.0,0
2248.5,1
2249.25,0
2254.0,1
2254.25,0
2262.75,1
2263.0,0
2264.75,1
2265.0,0
2265.5,1
2266.75,0
2267.0,1
2267.75,0
2268.25,1
2268.75,0
2269.25,1
2269.75,0
2270.0,1
2270.25,0
2270.5,1
2270.75,0
2271.0,1
2271.25,0
2271.75,1
2273.25,0
2286.5,1
2287.0,0
2288.75,1
2290.0,0
2290.25,1
2291.75,0
2292.0,1
2296.5,0
2296.75,1
2297.0,0
2297.75,1
2298.0,0
2312.5,1
2313.0,0
2313.25,1
2315.25,0
2315.75,1
2316.75,0
2317.25,1
2317.5,0
2317.75,1
2318.0,0
2318.25,1
2318.75,0
2319.25,1
2319.75,0
2320.0,1
2321.0,0
2382.75,1
2383.0,0
2384.25,1
2385.0,0
2385.5,1
2385.75,0
2386.0,1
2386.25,0
2386.5,1
2386.75,0
2387.25,1
2389.0,0
2389.5,1
2390.75,0
2391.5,1
2392.75,0
2397.0,1
2397.25,0
2408.75,1
2409.0,0
2409.25,1
2411.25,0
2411.5,1
2412.0,0
2412.25,1
2417.0,0
2420.0,1
2420.25,0
2431.75,1
2432.0,0
2432.75,1
2433.0,0
2433.25,1
2433.5,0
2434.0,1
2434.5,0
2434.75,1
2436.75,0
2437.0,1
2437.75,0
2438.0,1
2441.25,0
2444.75,1
2445.25,0
2454.75,1
2455.0,0
2457.25,1
2457.5,0
2457.75,1
2458.0,0
2458.25,1
2462.0,0
2462.25,1
2464.75,0
2479.25,1
2479.5,0
2479.75,1
2480.0,0
2481.0,1
2481.75,0
2482.0,1
2483.0,0
2483.25,1
2484.5,0
2484.75,1
2485.25,0
2485.5,1
2487.5,0
2487.75,1
2488.5,0
2488.75,1
2489.25,0
2552.75,1
2553.5,0
2554.0,1
2554.25,0
2554.5,1
2554.75,0
2555.0,1
2557.25,0
2557.5,1
2558.25,0
2558.5,1
2558.75,0
2559.0,1
2559.25,0
2559.5,1
2561.0,0
2576.25,1
2576.5,0
2577.0,1
2577.25,0
2577.5,1
2585.5,0
2589.25,1
2589.5,0
2599.5,1
2599.75,0
2600.0,1
2600.25,0
2600.75,1
2601.0,0
2601.75,1
2602.25,0
2602.5,1
2603.0,0
2603.5,1
2604.25,0
2604.5,1
2605.0,0
2605.25,1
2606.25,0
2606.5,1
2608.25,0
2608.5,1
2608.75,0
2609.0,1
2609.25,0
2613.0,1
2613.25,0
2623.25,1
2623.5,0
2624.25,1
2624.5,0
2625.0,1
2625.25,0
2625.5,1
2626.5,0
2626.75,1
2627.5,0
2628.0,1
2631.25,0
2631.5,1
2632.75,0
2633.0,1
2633.25,0
2645.25,1
2645.5,0
2645.75,1
2646.0,0
2647.0,1
2647.25,0
2649.5,1
2649.75,0
2650.0,1
2652.75,0
2653.0,1
2657.25,0
2663.5,1
2663.75,0
2721.25,1
2722.25,0
2722.5,1
2722.75,0
2723.5,1
2724.25,0
2725.0,1
2728.25,0
2728.5,1
2729.0,0
2734.0,1
2734.25,0
2744.5,1
2745.0,0
2745.25,1
2746.0,0
2746.5,1
2747.0,0
2747.25,1
2749.75,0
2750.0,1
2752.0,0
2752.25,1
2753.0,0
2756.5,1
2756.75,0
2758.75,1
2759.0,0
2769.0,1
2769.25,0
2769.75,1
2770.75,0
2771.25,1
2774.25,0
2774.5,1
2776.75,0
2777.0,1
2777.25,0
2789.75,1
2790.0,0
2791.0,1
2791.25,0
2792.5,1
2793.5,0
2793.75,1
2794.0,0
2794.25,1
2795.0,0
2795.25,1
2795.75,0
2796.0,1
2797.0,0
2797.25,1
2797.5,0
2797.75,1
2798.75,0
2799.0,1
2799.25,0
2799.5,1
2800.0,0
2800.25,1
2801.25,0
2815.0,1
2815.25,0
2816.0,1
2816.25,0
2817.5,1
2818.5,0
2818.75,1
2820.75,0
2821.0,1
2821.25,0
2821.75,1
2822.25,0
2822.5,1
2822.75,0
2823.0,1
2824.75,0
2825.0,1
2825.25,0
2886.25,1
2886.5,0
2889.5,1
2890.5,0
2890.75,1
2892.75,0
2893.0,1
2894.5,0
2894.75,1
2896.5,0
2897.25,1
2897.5,0
2900.75,1
2901.0,0
2912.75,1
2913.5,0
2913.75,1
2918.25,0
2919.0,1
2921.0,0
2921.25,1
2921.5,0
2935.0,1
2935.25,0
2936.75,1
2937.5,0
2938.25,1
2938.75,0
2939.0,1
2939.25,0
2939.5,1
2940.25,0
2940.5,1
2940.75,0
2941.0,1
2941.75,0
2942.0,1
2943.5,0
2943.75,1
2944.0,0
2944.25,1
2945.0,0
2945.25,1
2945.5,0
2961.0,1
2965.0,0
2965.5,1
2966.5,0
2966.75,1
2967.75,0
2968.0,1
2968.5,0
2968.75,1
2969.0,0
2973.25,1
2973.5,0
2982.0,1
2982.25,0
2985.0,1
2985.5,0
2985.75,1
2986.25,0
2986.5,1
2987.0,0
2987.5,1
2988.5,0
2988.75,1
2989.0,0
2989.25,1
2989.5,0
2989.75,1
2993.0,0
3055.0,1
3055.25,0
3057.25,1
3057.5,0
3057.75,1
3059.75,0
3060.0,1
3061.0,0
3061.25,1
3064.5,0
3064.75,1
3065.0,0
3065.5,1
3065.75,0
3075.25,1
3075.5,0
3076.5,1
3076.75,0
3080.75,1
3081.0,0
3081.5,1
3083.0,0
3083.25,1
3084.0,0
3084.25,1
3084.75,0
3085.0,1
3086.5,0
3086.75,1
3087.0,0
3087.5,1
3088.0,0
3088.25,1
3088.5,0
3088.75,1
3089.0,0
3089.25,1
3089.75,0
3103.0,1
3103.25,0
3104.25,1
3104.75,0
3105.25,1
3105.5,0
3105.75,1
3108.0,0
3108.25,1
3108.5,0
3108.75,1
3109.0,0
3109.25,1
3110.75,0
3111.0,1
3112.5,0
3112.75,1
3113.0,0
3113.25,1
3113.5,0
3117.0,1
3117.25,0
3117.5,1
3117.75,0
3128.5,1
3129.25,0
3130.0,1
3132.75,0
3133.0,1
3136.5,0
3150.25,1
3150.5,0
3150.75,1
3151.0,0
3151.75,1
3152.0,0
3152.5,1
3155.75,0
3156.25,1
3157.25,0
3157.5,1
3158.0,0
3158.25,1
3159.0,0
3159.25,1
3161.0,0
3164.5,1
3164.75,0
3165.5,1
3165.75,0
3224.5,1
3224.75,0
3225.5,1
3225.75,0
3226.0,1
3226.25,0
3226.5,1
3226.75,0
3227.0,1
3229.25,0
3229.75,1
3233.0,0
3236.0,1
3236.25,0
3246.0,1
3246.5,0
3246.75,1
3247.0,0
3248.75,1
3249.25,0
3249.5,1
3249.75,0
3250.0,1
3251.5,0
3251.75,1
3252.5,0
3252.75,1
3253.0,0
3253.25,1
3254.0,0
3254.5,1
3255.0,0
3255.25,1
3255.5,0
3255.75,1
3256.25,0
3256.5,1
3257.0,0
3271.5,1
3271.75,0
3272.5,1
3272.75,0
3273.0,1
3273.5,0
3273.75,1
3275.0,0
3275.5,1
3276.5,0
3276.75,1
3277.5,0
3278.0,1
3278.25,0
3278.5,1
3278.75,0
3279.0,1
3281.5,0
3294.5,1
3294.75,0
3295.25,1
3295.5,0
3295.75,1
3296.0,0
3297.25,1
3299.0,0
3299.25,1
3300.5,0
3300.75,1
3301.0,0
3301.25,1
3301.75,0
3302.0,1
3304.5,0
3304.75,1
3305.0,0
3319.0,1
3319.25,0
3319.75,1
3320.0,0
3320.25,1
3320.5,0
3320.75,1
3321.0,0
3321.25,1
3321.75,0
3322.0,1
3323.5,0
3323.75,1
3325.5,0
3325.75,1
3326.25,0
3326.5,1
3329.0,0
3330.25,1
3330.5,0
3333.5,1
3333.75,0
3390.5,1
3390.75,0
3392.5,1
3392.75,0
3393.0,1
3395.0,0
3395.25,1
3397.5,0
3397.75,1
3398.0,0
3398.5,1
3398.75,0
3399.0,1
3400.5,0
3400.75,1
3401.0,0
3415.75,1
3416.0,0
3416.5,1
3416.75,0
3417.0,1
3419.75,0
3420.0,1
3421.0,0
3421.25,1
3422.0,0
3422.25,1
3423.5,0
3423.75,1
3424.0,0
3424.75,1
3425.0,0
3441.25,1
3443.75,0
3444.5,1
3445.5,0
3445.75,1
3448.5,0
3448.75,1
3449.5,0
3463.0,1
3463.25,0
3465.0,1
3465.5,0
3465.75,1
3467.0,0
3467.25,1
3467.75,0
3469.0,1
3469.25,0
3469.5,1
3470.0,0
3470.25,1
3470.5,0
3470.75,1
3471.25,0
3471.5,1
3472.75,0
3473.5,1
3473.75,0
3488.75,1
3489.25,0
3489.5,1
3490.0,0
3490.25,1
3493.5,0
3493.75,1
3496.5,0
3496.75,1
3497.25,0
3498.0,1
3498.25,0
3558.75,1
3559.0,0
3559.5,1
3559.75,0
3561.5,1
3563.75,0
3564.0,1
3564.25,0
3564.5,1
3566.0,0
3566.25,1
3567.5,0
3567.75,1
3568.0,0
3568.5,1
3569.0,0
3569.5,1
3569.75,0
3574.75,1
3575.0,0
3609.0,1
3610.25,0
3610.75,1
3613.5,0
3613.75,1
3614.5,0
3615.0,1
3615.5,0
3615.75,1
3616.75,0
3630.5,1
3630.75,0
3632.5,1
3633.0,0
3633.75,1
3634.5,0
3634.75,1
3635.0,0
3635.25,1
3635.75,0
3636.0,1
3640.0,0
3640.25,1
3640.75,0
3645.5,1
3645.75,0
3654.25,1
3654.5,0
3656.75,1
3657.0,0
3657.5,1
3658.75,0
3659.0,1
3661.0,0
3661.25,1
3661.75,0
3662.25,1
3665.0,0
3669.75,1
3670.0,0
3726.25,1
3727.0,0
3729.75,1
3733.25,0
3733.75,1
3734.25,0
3734.5,1
3736.5,0
3736.75,1
3737.5,0
3741.75,1
3742.0,0
3752.25,1
3752.5,0
3752.75,1
3753.0,0
3753.25,1
3754.5,0
3754.75,1
3755.75,0
3756.0,1
3756.25,0
3756.5,1
3757.75,0
3758.0,1
3758.75,0
3759.25,1
3761.0,0
3764.5,1
3764.75,0
3777.25,1
3778.25,0
3778.5,1
3779.5,0
3779.75,1
3780.25,0
3780.5,1
3781.5,0
3781.75,1
3782.5,0
3782.75,1
3784.5,0
3785.0,1
3785.5,0
3798.0,1
3798.25,0
3798.5,1
3798.75,0
3801.0,1
3801.25,0
3801.5,1
3805.75,0
3806.0,1
3808.5,0
3809.25,1
3809.5,0
3809.75,1
3810.0,0
3824.5,1
3824.75,0
3825.25,1
3826.5,0
3826.75,1
3827.0,0
3827.25,1
3831.75,0
3832.0,1
3832.25,0
3832.5,1
3833.0,0
3833.25,1
3833.75,0
3836.5,1
3836.75,0
3894.25,1
3894.5,0
3894.75,1
3895.25,0
3895.75,1
3896.5,0
3897.25,1
3899.75,0
3900.25,1
3900.5,0
3900.75,1
3901.0,0
3901.25,1
3902.0,0
3902.5,1
3904.0,0
3904.25,1
3904.5,0
3905.0,1
3905.25,0
3918.0,1
3918.25,0
3920.5,1
3920.75,0
3921.5,1
3921.75,0
3922.0,1
3922.25,0
3922.5,1
3922.75,0
3923.25,1
3923.75,0
3924.25,1
3925.5,0
3926.0,1
3926.25,0
3926.5,1
3927.25,0
3927.5,1
3928.0,0
3928.25,1
3928.5,0
3929.0,1
3929.25,0
3929.5,1
3929.75,0
3933.25,1
3933.5,0
3945.0,1
3946.5,0
3947.25,1
3947.75,0
3948.25,1
3949.75,0
3950.0,1
3950.25,0
3950.5,1
3951.25,0
3951.5,1
3952.25,0
3952.5,1
3953.0,0
3955.5,1
3955.75,0
3958.75,1
3959.0,0
3965.75,1
3966.5,0
3967.0,1
3967.25,0
3969.0,1
3969.75,0
3970.0,1
3971.0,0
3971.25,1
3971.75,0
3972.0,1
3972.75,0
3973.0,1
3974.5,0
3974.75,1
3975.5,0
3975.75,1
3976.5,0
3977.0,1
3977.25,0
3992.75,1
3995.0,0
3995.25,1
3995.75,0
3996.0,1
3996.25,0
3996.5,1
3998.25,0
3998.5,1
3998.75,0
3999.25,1
3999.5,0
3999.75,1
4000.0,0
4000.25,1
4000.75,0
4063.0,1
4063.25,0
4064.0,1
4064.25,0
4065.25,1
4065.5,0
4065.75,1
4068.25,0
4068.5,1
4069.25,0
4069.5,1
4070.0,0
4070.25,1
4070.5,0
4070.75,1
4073.5,0
4087.0,1
4087.25,0
4088.75,1
4089.0,0
4089.25,1
4090.25,0
4090.75,1
4091.0,0
4091.25,1
4093.0,0
4093.25,1
4094.5,0
4094.75,1
4096.0,0
4096.25,1
4097.0,0
4100.25,1
4100.5,0
4101.25,1
4101.5,0
4109.75,1
4110.0,0
4110.5,1
4110.75,0
4111.25,1
4111.75,0
4112.0,1
4112.5,0
4112.75,1
4114.5,0
4114.75,1
4115.0,0
4115.5,1
4116.5,0
4116.75,1
4118.25,0
4118.5,1
4120.25,0
4120.75,1
4121.0,0
4121.5,1
4121.75,0
4134.5,1
4134.75,0
4136.75,1
4137.0,0
4137.25,1
4142.25,0
4142.75,1
4143.75,0
4144.0,1
4144.25,0
4144.5,1
4144.75,0
4160.5,1
4160.75,0
4161.0,1
4161.5,0
4162.0,1
4162.5,0
4162.75,1
4164.25,0
4164.5,1
4164.75,0
4165.0,1
4165.25,0
4165.5,1
4168.5,0
4168.75,1
4169.0,0
4169.25,1
4169.5,0
4232.5,1
4232.75,0
4233.0,1
4234.75,0
4235.0,1
4236.5,0
4236.75,1
4237.75,0
4238.25,1
4238.5,0
4238.75,1
4240.75,0
4241.0,1
4241.25,0
4256.75,1
4257.25,0
4257.75,1
4258.25,0
4258.75,1
4260.25,0
4260.5,1
4261.0,0
4261.25,1
4265.0,0
4265.25,1
4265.75,0
4278.75,1
4279.25,0
4279.75,1
4280.0,0
4280.5,1
4281.0,0
4281.25,1
4284.75,0
4285.0,1
4285.5,0
4285.75,1
4287.5,0
4288.0,1
4288.75,0
4305.0,1
4306.0,0
4306.25,1
4306.5,0
4307.25,1
4308.0,0
4308.25,1
4311.0,0
4311.25,1
4311.75,0
4312.0,1
4313.25,0
4328.25,1
4328.5,0
4329.0,1
4331.5,0
4331.75,1
4333.5,0
4333.75,1
4334.25,0
4334.5,1
4336.0,0
4336.25,1
4337.25,0
4401.0,1
4401.5,0
4402.0,1
4402.25,0
4402.5,1
4404.25,0
4404.75,1
4405.25,0
4405.5,1
4405.75,0
4406.5,1
4406.75,0
4407.0,1
4408.25,0
4408.75,1
4409.25,0
4409.5,1
4409.75,0
4448.5,1
4448.75,0
4449.25,1
4450.5,0
4450.75,1
4452.0,0
4452.25,1
4453.0,0
4453.25,1
4455.0,0
4455.25,1
4456.25,0
4456.5,1
4456.75,0
4457.0,1
4457.25,0
4457.5,1
4457.75,0
4459.5,1
4459.75,0
4461.0,1
4461.25,0
4469.5,1
4469.75,0
4471.75,1
4472.0,0
4472.75,1
4473.0,0
4473.5,1
4474.0,0
4474.25,1
4477.0,0
4477.25,1
4478.25,0
4478.5,1
4479.0,0
4479.25,1
4480.0,0
4480.75,1
4481.5,0
4496.5,1
4497.5,0
4497.75,1
4499.25,0
4499.5,1
4501.5,0
4501.75,1
4502.5,0
4503.0,1
4504.75,0
4566.25,1
4566.5,0
4566.75,1
4567.0,0
4567.75,1
4568.0,0
4568.25,1
4568.5,0
4569.0,1
4569.25,0
4569.5,1
4570.0,0
4570.25,1
4572.25,0
4572.75,1
4573.0,0
4573.25,1
4574.0,0
4574.25,1
4574.75,0
4575.5,1
4576.0,0
4576.5,1
4577.0,0
4582.0,1
4582.25,0
4590.25,1
4590.5,0
4590.75,1
4591.0,0
4591.25,1
4591.75,0
4592.75,1
4593.25,0
4593.5,1
4593.75,0
4594.0,1
4595.75,0
4596.25,1
4596.75,0
4597.0,1
4598.75,0
4599.0,1
4600.5,0
4600.75,1
4601.0,0
4601.5,1
4602.0,0
4616.75,1
4617.0,0
4617.25,1
4618.0,0
4618.25,1
4618.5,0
4618.75,1
4619.75,0
4620.0,1
4620.25,0
4620.5,1
4624.5,0
4624.75,1
4625.25,0
4638.5,1
4638.75,0
4639.0,1
4639.25,0
4639.75,1
4640.0,0
4640.5,1
4640.75,0
4641.0,1
4642.5,0
4642.75,1
4644.25,0
4645.0,1
4645.25,0
4645.5,1
4645.75,0
4646.25,1
4647.0,0
4647.25,1
4648.0,0
4648.5,1
4648.75,0
4649.0,1
4649.25,0
4663.0,1
4663.25,0
4664.0,1
4664.25,0
4664.75,1
4665.0,0
4665.25,1
4670.0,0
4670.25,1
4670.5,0
4670.75,1
4672.75,0
4734.75,1
4735.0,0
4736.5,1
4736.75,0
4737.0,1
4737.75,0
4738.25,1
4739.0,0
4739.75,1
4741.75,0
4742.0,1
4742.5,0
4743.0,1
4744.75,0
4745.5,1
4745.75,0
4759.75,1
4760.0,0
4760.75,1
4761.0,0
4761.25,1
4761.75,0
4762.0,1
4762.75,0
4763.0,1
4763.75,0
4764.25,1
4769.25,0
4772.5,1
4772.75,0
4782.75,1
4783.0,0
4785.5,1
4785.75,0
4786.0,1
4786.75,0
4787.0,1
4788.25,0
4788.5,1
4789.0,0
4789.25,1
4789.5,0
4790.25,1
4792.0,0
4792.25,1
4792.5,0
4792.75,1
4793.25,0
4793.75,1
4794.0,0
4795.75,1
4796.0,0
4796.25,1
4796.5,0
4797.0,1
4797.25,0
4808.75,1
4809.75,0
4810.0,1
4811.0,0
4811.25,1
4811.5,0
4811.75,1
4812.5,0
4812.75,1
4813.75,0
4814.0,1
4815.25,0
4815.5,1
4815.75,0
4816.0,1
4816.5,0
4817.0,1
4817.25,0
4820.5,1
4820.75,0
4830.0,1
4830.25,0
4831.5,1
4831.75,0
4832.75,1
4834.5,0
4834.75,1
4836.0,0
4836.25,1
4836.75,0
4837.0,1
4838.0,0
4838.5,1
4839.25,0
4839.75,1
4841.25,0
4841.5,1
4841.75,0
4902.25,1
4902.5,0
4904.25,1
4904.5,0
4904.75,1
4905.5,0
4905.75,1
4907.0,0
4907.25,1
4908.0,0
4908.25,1
4909.25,0
4909.75,1
4910.25,0
4910.5,1
4911.0,0
4911.5,1
4913.25,0
4916.25,1
4916.5,0
4927.25,1
4927.5,0
4927.75,1
4928.0,0
4929.25,1
4930.75,0
4931.5,1
4932.0,0
4932.25,1
4933.0,0
4933.25,1
4933.75,0
4934.0,1
4937.0,0
4937.75,1
4938.0,0
4953.0,1
4953.25,0
4953.5,1
4954.75,0
4955.0,1
4956.75,0
4957.0,1
4957.5,0
4958.0,1
4958.75,0
4959.0,1
4960.0,0
4960.25,1
4960.75,0
4961.0,1
4961.25,0
4964.5,1
4964.75,0
4976.75,1
4978.5,0
4979.0,1
4980.0,0
4980.5,1
4981.5,0
4981.75,1
4983.25,0
4983.5,1
4983.75,0
4984.0,1
4984.25,0
4984.5,1
4985.25,0
4999.0,1
4999.25,0
4999.5,1
4999.75,0
5000.0,1
5000.25,0
5001.25,1
5002.0,0
5002.25,1
5002.5,0
5002.75,1
5003.0,0
5003.25,1
5005.5,0
5005.75,1
5006.0,0
5006.25,1
5006.75,0
5007.5,1
5009.25,0
5012.5,1
5012.75,0
5071.75,1
5072.0,0
5072.25,1
5072.75,0
5073.0,1
5075.25,0
5076.0,1
5079.0,0
5079.25,1
5079.75,0
5080.0,1
5081.25,0
5094.75,1
5095.0,0
5096.5,1
5096.75,0
5097.25,1
5098.25,0
5098.5,1
5100.75,0
5101.0,1
5102.5,0
5102.75,1
5103.5,0
5103.75,1
5104.75,0
5105.25,1
5105.5,0
5108.75,1
5109.0,0
5110.25,1
5110.5,0
5120.5,1
5120.75,0
5121.5,1
5122.75,0
5123.0,1
5124.75,0
5125.0,1
5127.75,0
5128.0,1
5129.25,0
5144.75,1
5145.0,0
5145.25,1
5145.75,0
5146.0,1
5147.0,0
5147.25,1
5148.0,0
5148.25,1
5148.5,0
5149.0,1
5149.25,0
5149.5,1
5149.75,0
5150.0,1
5152.25,0
5152.5,1
5153.0,0
5168.5,1
5168.75,0
5169.25,1
5169.75,0
5170.0,1
5172.0,0
5172.25,1
5173.25,0
5173.5,1
5173.75,0
5174.0,1
5174.75,0
5175.0,1
5176.25,0
5176.5,1
5177.25,0
5238.25,1
5238.5,0
5239.0,1
5239.25,0
5239.75,1
5240.0,0
5240.75,1
5241.0,0
5241.25,1
5242.0,0
5242.25,1
5242.5,0
5242.75,1
5243.75,0
5244.0,1
5246.75,0
5247.0,1
5247.25,0
5247.5,1
5247.75,0
5248.0,1
5249.25,0
5265.25,1
5266.25,0
5266.5,1
5268.5,0
5268.75,1
5269.25,0
5269.75,1
5270.25,0
5271.0,1
5272.0,0
5272.25,1
5272.75,0
5277.25,1
5277.5,0
5289.0,1
5289.25,0
5289.5,1
5289.75,0
5290.0,1
5290.25,0
5290.5,1
5291.0,0
5291.25,1
5291.5,0
5291.75,1
5293.25,0
5293.5,1
5295.0,0
5295.25,1
5296.0,0
5296.25,1
5296.75,0
5311.75,1
5312.0,0
5312.75,1
5313.75,0
5314.0,1
5314.75,0
5315.0,1
5315.75,0
5316.0,1
5317.0,0
5317.25,1
5320.5,0
5321.0,1
5321.25,0
5334.5,1
5334.75,0
5336.0,1
5336.25,0
5337.25,1
5339.25,0
5340.25,1
5342.0,0
5342.25,1
5342.5,0
5342.75,1
5344.0,0
5344.25,1
5345.25,0
5405.75,1
5406.0,0
5409.5,1
5410.0,0
5410.25,1
5412.75,0
5413.0,1
5413.5,0
5414.0,1
5414.25,0
5414.5,1
5416.75,0
5417.0,1
5417.25,0
5421.5,1
5421.75,0
5430.25,1
5430.5,0
5431.25,1
5431.5,0
5432.0,1
5432.25,0
5432.75,1
5433.0,0
5433.25,1
5434.25,0
5434.5,1
5435.75,0
5436.0,1
5436.25,0
5436.5,1
5436.75,0
5437.0,1
5438.75,0
5439.0,1
5439.25,0
5439.5,1
5439.75,0
5440.0,1
5440.75,0
5441.0,1
5441.25,0
5456.0,1
5456.25,0
5457.25,1
5457.75,0
5458.25,1
5459.5,0
5459.75,1
5461.0,0
5462.25,1
5462.75,0
5463.25,1
5464.0,0
5464.25,1
5464.75,0
5465.0,1
5465.75,0
5467.25,1
5467.5,0
5469.0,1
5469.25,0
5481.0,1
5481.5,0
5482.5,1
5483.25,0
5483.5,1
5487.25,0
5487.5,1
5489.0,0
5489.25,1
5489.75,0
5492.0,1
5492.25,0
5502.25,1
5502.5,0
5502.75,1
5503.25,0
5505.0,1
5505.5,0
5505.75,1
5508.25,0
5508.5,1
5508.75,0
5509.0,1
5510.0,0
5510.5,1
5511.0,0
5511.25,1
5513.0,0
5513.25,1
5513.5,0
5516.75,1
5517.0,0
5575.0,1
5575.25,0
5577.0,1
5578.5,0
5578.75,1
5579.5,0
5580.25,1
5581.25,0
5581.5,1
5582.5,0
5582.75,1
5583.25,0
5583.75,1
5584.25,0
5585.5,1
5585.75,0
5600.25,1
5600.5,0
5601.0,1
5602.0,0
5602.25,1
5603.5,0
5603.75,1
5604.75,0
5605.0,1
5605.25,0
5605.5,1
5609.5,0
5623.25,1
5623.5,0
5623.75,1
5624.0,0
5624.25,1
5624.5,0
5624.75,1
5625.75,0
5626.0,1
5626.5,0
5627.0,1
5627.5,0
5627.75,1
5629.5,0
5629.75,1
5630.5,0
5630.75,1
5631.0,0
5631.25,1
5633.0,0
5634.0,1
5634.25,0
5637.25,1
5637.5,0
5647.0,1
5647.25,0
5647.75,1
5648.0,0
5648.75,1
5649.0,0
5649.25,1
5650.0,0
5650.25,1
5651.25,0
5651.5,1
5651.75,0
5652.0,1
5652.25,0
5652.5,1
5653.0,0
5653.25,1
5654.25,0
5654.5,1
5655.75,0
5656.0,1
5656.25,0
5656.5,1
5657.25,0
5673.25,1
5674.5,0
5674.75,1
5675.0,0
5675.5,1
5676.75,0
5677.0,1
5677.5,0
5677.75,1
5681.0,0
5741.75,1
5742.5,0
5745.0,1
5745.25,0
5746.0,1
5747.25,0
5748.0,1
5752.25,0
5752.75,1
5753.5,0
5755.75,1
5756.0,0
5757.5,1
5757.75,0
5766.75,1
5767.0,0
5769.25,1
5773.0,0
5773.25,1
5775.25,0
5775.5,1
5775.75,0
5776.0,1
5776.5,0
5776.75,1
5777.25,0
5777.5,1
5777.75,0
5789.75,1
5790.0,0
5790.25,1
5790.5,0
5791.25,1
5791.5,0
5792.25,1
5792.5,0
5793.0,1
5793.5,0
5794.25,1
5794.75,0
5795.0,1
5796.25,0
5796.5,1
5796.75,0
5798.0,1
5798.75,0
5799.0,1
5799.25,0
5799.5,1
5800.0,0
5800.25,1
5800.5,0
5800.75,1
5801.25,0
5805.75,1
5806.0,0
5814.25,1
5814.5,0
5817.0,1
5818.5,0
5819.0,1
5820.0,0
5820.5,1
5821.25,0
5821.5,1
5821.75,0
5822.0,1
5825.25,0
5825.5,1
5825.75,0
5829.25,1
5829.5,0
5837.5,1
5837.75,0
5838.5,1
5838.75,0
5840.25,1
5840.5,0
5841.5,1
5842.75,0
5843.25,1
5845.75,0
5846.0,1
5846.25,0
5846.5,1
5848.25,0
5848.5,1
5849.5,0
5852.5,1
5852.75,0
5906.25,1
5906.5,0
5909.25,1
5909.5,0
5912.25,1
5912.5,0
5913.25,1
5913.5,0
5913.75,1
5915.25,0
5915.5,1
5916.0,0
5916.25,1
5917.25,0
5917.5,1
5919.0,0
5919.25,1
5920.5,0
5958.25,1
5958.5,0
5959.5,1
5959.75,0
5961.0,1
5961.25,0
5961.5,1
5966.75,0
5967.25,1
5967.75,0
5968.0,1
5968.25,0
5968.5,1
5969.0,0
5971.25,1
5971.5,0
5982.5,1
5982.75,0
5983.25,1
5983.75,0
5984.75,1
5985.0,0
5985.25,1
5986.5,0
5986.75,1
5987.0,0
5987.5,1
5988.0,0
5988.25,1
5993.0,0
5996.25,1
5996.5,0
6006.75,1
6007.0,0
6007.5,1
6007.75,0
6008.5,1
6008.75,0
6009.0,1
6009.25,0
6009.5,1
6010.0,0
6010.25,1
6012.25,0
6012.75,1
6013.75,0
6014.25,1
6014.5,0
6015.0,1
6016.25,0
6016.5,1
6017.25,0
6022.0,1
6022.25,0
6079.25,1
6079.5,0
6080.5,1
6081.0,0
6081.25,1
6081.75,0
6082.0,1
6082.25,0
6082.5,1
6083.0,0
6083.25,1
6084.25,0
6084.5,1
6087.75,0
6088.0,1
6088.25,0
6104.75,1
6105.25,0
6105.5,1
6106.5,0
6107.0,1
6108.0,0
6108.5,1
6108.75,0
6109.0,1
6109.75,0
6110.25,1
6110.5,0
6110.75,1
6111.75,0
6112.0,1
6112.75,0
6113.25,1
6113.5,0
6128.75,1
6129.75,0
6130.0,1
6132.0,0
6132.25,1
6132.5,0
6132.75,1
6134.0,0
6134.25,1
6136.0,0
6136.25,1
6137.25,0
6151.0,1
6151.25,0
6151.75,1
6152.0,0
6152.5,1
6153.0,0
6153.5,1
6156.5,0
6156.75,1
6158.25,0
6158.5,1
6158.75,0
6159.25,1
6159.75,0
6160.0,1
6161.0,0
6161.25,1
6161.75,0
6165.0,1
6165.25,0
6174.5,1
6175.0,0
6175.5,1
6175.75,0
6177.25,1
6177.5,0
6177.75,1
6178.5,0
6178.75,1
6179.75,0
6180.0,1
6181.0,0
6181.25,1
6182.0,0
6182.25,1
6182.75,0
6183.0,1
6184.0,0
6184.25,1
6184.75,0
6185.0,1
6185.25,0
6247.75,1
6248.0,0
6248.75,1
6249.0,0
6249.25,1
6250.5,0
6250.75,1
6252.75,0
6253.0,1
6253.5,0
6253.75,1
6254.75,0
6255.0,1
6256.0,0
6256.25,1
6257.0,0
6257.25,1
6257.5,0
6272.75,1
6273.5,0
6274.0,1
6276.0,0
6276.25,1
6277.5,0
6277.75,1
6278.0,0
6278.25,1
6278.5,0
6279.0,1
6280.75,0
6281.0,1
6281.25,0
6294.5,1
6294.75,0
6295.0,1
6295.25,0
6296.5,1
6296.75,0
6297.0,1
6297.25,0
6297.5,1
6298.25,0
6298.75,1
6299.75,0
6300.25,1
6301.0,0
6301.5,1
6301.75,0
6302.25,1
6302.75,0
6303.0,1
6303.5,0
6303.75,1
6304.75,0
6318.5,1
6319.0,0
6319.75,1
6320.0,0
6321.0,1
6321.25,0
6321.5,1
6324.25,0
6324.5,1
6324.75,0
6325.25,1
6329.0,0
6329.25,1
6329.5,0
6329.75,1
6330.0,0
6342.5,1
6342.75,0
6344.0,1
6344.25,0
6345.0,1
6351.0,0
6351.25,1
6352.75,0
6353.0,1
6353.5,0
6417.0,1
6417.25,0
6417.5,1
6419.0,0
6420.0,1
6420.25,0
6420.5,1
6422.0,0
6422.25,1
6422.5,0
6423.0,1
6424.25,0
6424.75,1
6425.0,0
6440.5,1
6442.0,0
6442.25,1
6442.75,0
6443.0,1
6443.75,0
6444.0,1
6445.5,0
6445.75,1
6447.0,0
6447.25,1
6448.5,0
6449.0,1
6449.5,0
6461.5,1
6461.75,0
6462.0,1
6462.5,0
6465.25,1
6466.25,0
6466.75,1
6468.0,0
6468.25,1
6468.5,0
6468.75,1
6469.75,0
6470.0,1
6472.0,0
6472.25,1
6472.75,0
6487.5,1
6487.75,0
6488.5,1
6488.75,0
6489.0,1
6492.25,0
6492.5,1
6493.0,0
6493.25,1
6494.5,0
6495.25,1
6495.75,0
6496.25,1
6496.5,0
6496.75,1
6497.0,0
6509.75,1
6510.0,0
6511.25,1
6511.5,0
6513.25,1
6513.5,0
6513.75,1
6514.25,0
6514.5,1
6515.0,0
6515.25,1
6517.75,0
6518.0,1
6519.0,0
6519.25,1
6520.5,0
6524.5,1
6524.75,0
6525.0,1
6525.25,0
6525.75,1
6526.0,0
6582.5,1
6582.75,0
6584.25,1
6584.5,0
6585.5,1
6585.75,0
6586.0,1
6587.75,0
6588.25,1
6588.5,0
6589.0,1
6589.5,0
6590.0,1
6593.0,0
6593.25,1
6593.5,0
6607.5,1
6607.75,0
6609.25,1
6610.0,0
6610.25,1
6610.5,0
6611.0,1
6611.25,0
6611.5,1
6612.25,0
6612.5,1
6613.0,0
6613.25,1
6614.0,0
6614.25,1
6615.5,0
6615.75,1
6616.0,0
6616.25,1
6617.25,0
6619.75,1
6620.0,0
6630.5,1
6630.75,0
6631.25,1
6631.5,0
6632.75,1
6633.0,0
6633.25,1
6634.0,0
6634.5,1
6634.75,0
6635.0,1
6635.75,0
6636.0,1
6636.25,0
6636.5,1
6637.0,0
6637.5,1
6638.75,0
6639.0,1
6640.75,0
6641.0,1
6641.5,0
6654.25,1
6654.5,0
6657.25,1
6657.5,0
6657.75,1
6658.0,0
6658.5,1
6658.75,0
6659.5,1
6661.25,0
6661.5,1
6662.25,0
6662.5,1
6663.25,0
6663.5,1
6664.5,0
6665.0,1
6665.25,0
6665.75,1
6666.0,0
6678.25,1
6678.5,0
6680.0,1
6680.25,0
6681.0,1
6682.5,0
6682.75,1
6683.75,0
6684.25,1
6685.25,0
6685.5,1
6685.75,0
6686.0,1
6686.5,0
6686.75,1
6687.5,0
6687.75,1
6688.5,0
6689.25,1
6689.5,0
6693.5,1
6694.0,0
6750.25,1
6750.5,0
6752.75,1
6753.0,0
6753.75,1
6755.75,0
6756.25,1
6757.25,0
6757.5,1
6757.75,0
6758.25,1
6759.0,0
6759.25,1
6759.75,0
6760.0,1
6760.25,0
6761.0,1
6761.25,0
6765.75,1
6766.0,0
6801.25,1
6801.5,0
6802.0,1
6803.25,0
6803.5,1
6804.25,0
6804.5,1
6805.25,0
6805.5,1
6807.25,0
6807.5,1
6809.0,0
6812.25,1
6812.5,0
6813.5,1
6813.75,0
6822.75,1
6823.25,0
6824.5,1
6824.75,0
6825.0,1
6827.25,0
6827.5,1
6828.75,0
6829.25,1
6829.5,0
6829.75,1
6831.75,0
6832.0,1
6832.5,0
6848.75,1
6849.0,0
6849.25,1
6849.5,0
6849.75,1
6850.0,0
6850.25,1
6851.25,0
6851.5,1
6852.25,0
6852.75,1
6853.5,0
6854.25,1
6854.5,0
6855.0,1
6857.5,0
6920.0,1
6920.25,0
6920.5,1
6920.75,0
6921.25,1
6923.5,0
6923.75,1
6925.0,0
6925.5,1
6927.75,0
6928.25,1
6928.75,0
6942.0,1
6942.25,0
6943.75,1
6944.0,0
6944.5,1
6944.75,0
6945.25,1
6945.5,0
6946.0,1
6946.75,0
6947.0,1
6950.75,0
6951.0,1
6952.0,0
6952.25,1
6952.5,0
6953.0,1
6953.25,0
6955.5,1
6955.75,0
6967.75,1
6968.25,0
6968.75,1
6969.5,0
6970.0,1
6970.75,0
6971.0,1
6972.0,0
6972.5,1
6973.25,0
6973.5,1
6977.25,0
6977.5,1
6977.75,0
6980.5,1
6980.75,0
6989.75,1
6990.0,0
6991.75,1
6992.25,0
6992.5,1
6992.75,0
6993.0,1
6994.75,0
6995.0,1
7000.25,0
7001.0,1
7001.5,0
7014.25,1
7014.5,0
7015.25,1
7015.75,0
7016.0,1
7016.25,0
7017.25,1
7018.25,0
7018.5,1
7019.75,0
7020.25,1
7022.0,0
7022.5,1
7024.25,0
7024.5,1
7025.25,0
7025.5,1
7025.75,0
7028.25,1
7028.5,0
7089.5,1
7091.25,0
7092.0,1
7097.0,0
7097.75,1
7098.0,0
7114.0,1
7114.5,0
7114.75,1
7115.5,0
7115.75,1
7116.25,0
7116.5,1
7118.75,0
7119.0,1
7121.5,0
7124.25,1
7124.5,0
7136.5,1
7136.75,0
7137.0,1
7138.75,0
7139.25,1
7141.0,0
7141.5,1
7142.0,0
7142.25,1
7143.25,0
7143.5,1
7144.75,0
7145.25,1
7145.5,0
7158.5,1
7158.75,0
7160.75,1
7161.0,0
7161.25,1
7162.0,0
7162.75,1
7164.0,0
7164.5,1
7165.0,0
7165.25,1
7165.5,0
7166.25,1
7167.75,0
7168.0,1
7168.25,0
7168.5,1
7169.25,0
7183.25,1
7183.5,0
7183.75,1
7184.0,0
7184.5,1
7184.75,0
7185.0,1
7186.5,0
7186.75,1
7187.5,0
7187.75,1
7188.0,0
7188.25,1
7189.0,0
7189.25,1
7189.5,0
7189.75,1
7190.5,0
7191.0,1
7193.75,0
7196.0,1
7196.5,0
7197.0,1
7197.25,0
7255.25,1
7255.75,0
7257.25,1
7259.5,0
7259.75,1
7260.0,0
7260.25,1
7261.0,0
7261.25,1
7261.75,0
7262.25,1
7265.25,0
7279.75,1
7280.0,0
7280.75,1
7282.0,0
7282.25,1
7285.5,0
7285.75,1
7289.0,0
7289.25,1
7289.5,0
7302.75,1
7303.0,0
7304.25,1
7304.5,0
7305.0,1
7306.0,0
7306.25,1
7306.75,0
7307.0,1
7307.75,0
7308.25,1
7309.75,0
7310.5,1
7311.75,0
7312.25,1
7312.5,0
7312.75,1
7313.25,0
7326.25,1
7326.5,0
7327.0,1
7327.25,0
7329.75,1
7330.75,0
7331.0,1
7331.5,0
7331.75,1
7332.25,0
7332.5,1
7335.0,0
7335.25,1
7335.75,0
7336.0,1
7336.5,0
7336.75,1
7337.0,0
7337.25,1
7337.5,0
7339.5,1
7339.75,0
7353.0,1
7353.25,0
7353.75,1
7354.5,0
7354.75,1
7355.25,0
7355.5,1
7357.0,0
7357.5,1
7358.25,0
7358.5,1
7359.0,0
7359.25,1
7360.75,0
7423.25,1
7423.5,0
7424.25,1
7424.5,0
7424.75,1
7425.5,0
7425.75,1
7426.75,0
7427.0,1
7427.25,0
7427.5,1
7429.5,0
7430.0,1
7430.25,0
7430.5,1
7432.5,0
7432.75,1
7433.25,0
7436.5,1
7436.75,0
7448.25,1
7448.5,0
7449.0,1
7450.5,0
7450.75,1
7451.0,0
7451.25,1
7451.75,0
7452.0,1
7452.25,0
7452.5,1
7453.0,0
7453.25,1
7453.75,0
7454.0,1
7455.0,0
7455.25,1
7456.5,0
7470.5,1
7470.75,0
7471.0,1
7471.25,0
7472.75,1
7473.25,0
7473.5,1
7474.75,0
7475.0,1
7476.25,0
7476.5,1
7476.75,0
7477.25,1
7480.0,0
7480.25,1
7481.25,0
7497.5,1
7499.0,0
7499.25,1
7500.5,0
7500.75,1
7501.25,0
7501.5,1
7502.0,0
7502.25,1
7503.0,0
7503.25,1
7503.5,0
7503.75,1
7504.75,0
7505.0,1
7505.25,0
7520.75,1
7521.25,0
7521.5,1
7522.75,0
7523.0,1
7526.0,0
7526.5,1
7527.25,0
7527.5,1
7527.75,0
7528.0,1
7529.0,0
7532.0,1
7532.25,0
7591.25,1
7591.5,0
7592.5,1
7593.0,0
7593.5,1
7594.5,0
7594.75,1
7596.0,0
7596.25,1
7596.5,0
7596.75,1
7597.5,0
7598.25,1
7600.25,0
7600.5,1
7601.0,0
7614.5,1
7615.0,0
7615.5,1
7616.0,0
7617.0,1
7617.25,0
7617.5,1
7618.25,0
7618.5,1
7621.0,0
7621.25,1
7621.5,0
7621.75,1
7622.25,0
7622.75,1
7624.5,0
7624.75,1
7625.0,0
7625.25,1
7625.5,0
7627.75,1
7628.0,0
7641.75,1
7644.0,0
7644.25,1
7644.75,0
7645.75,1
7646.0,0
7646.25,1
7648.0,0
7648.25,1
7648.75,0
7649.0,1
7649.25,0
7652.75,1
7653.0,0
7663.0,1
7663.25,0
7665.0,1
7665.5,0
7665.75,1
7667.0,0
7667.25,1
7667.75,0
7668.25,1
7669.25,0
7669.75,1
7670.0,0
7670.75,1
7671.0,0
7671.75,1
7673.5,0
7676.25,1
7676.5,0
7677.5,1
7677.75,0
7689.25,1
7691.5,0
7691.75,1
7692.25,0
7692.5,1
7693.0,0
7693.25,1
7693.75,0
7694.0,1
7696.5,0
7697.0,1
7697.75,0
7700.5,1
7701.0,0
7758.5,1
7758.75,0
7759.0,1
7759.25,0
7760.25,1
7760.75,0
7761.25,1
7761.5,0
7761.75,1
7764.75,0
7765.25,1
7766.0,0
7766.5,1
7766.75,0
7767.25,1
7768.5,0
7768.75,1
7769.25,0
7772.75,1
7773.0,0
7784.75,1
7785.5,0
7786.5,1
7787.5,0
7788.5,1
7789.75,0
7790.25,1
7791.5,0
7791.75,1
7792.25,0
7792.5,1
7793.0,0
7796.5,1
7796.75,0
7805.5,1
7806.0,0
7807.0,1
7807.25,0
7808.0,1
7808.5,0
7808.75,1
7809.0,0
7809.25,1
7811.0,0
7811.25,1
7811.5,0
7811.75,1
7812.0,0
7812.5,1
7813.0,0
7813.5,1
7813.75,0
7814.0,1
7816.75,0
7817.25,1
7817.75,0
7830.75,1
7831.0,0
7832.5,1
7832.75,0
7833.0,1
7835.25,0
7835.75,1
7836.0,0
7836.25,1
7836.5,0
7836.75,1
7837.5,0
7837.75,1
7838.5,0
7838.75,1
7839.25,0
7839.75,1
7840.25,0
7840.5,1
7840.75,0
7841.25,1
7841.5,0
7843.75,1
7844.0,0
7928.75,1
7929.75,0
7930.0,1
7930.25,0
7930.75,1
7932.75,0
7933.0,1
7934.25,0
7934.5,1
7934.75,0
7935.0,1
7936.75,0
7940.5,1
7940.75,0
7950.25,1
7950.5,0
7951.25,1
7951.5,0
7952.75,1
7953.0,0
7953.25,1
7956.0,0
7956.5,1
7957.75,0
7958.0,1
7960.0,0
7960.25,1
7961.0,0
7961.25,1
7961.5,0
7974.75,1
7975.0,0
7976.25,1
7977.0,0
7977.5,1
7978.25,0
7978.5,1
7978.75,0
7979.0,1
7982.0,0
7982.25,1
7982.5,0
7982.75,1
7984.5,0
7984.75,1
7985.0,0
7985.25,1
7985.5,0
7988.75,1
7989.25,0
8001.0,1
8001.5,0
8001.75,1
8005.0,0
8005.25,1
8007.5,0
8007.75,1
8009.5,0
8025.5,1
8028.0,0
8028.25,1
8029.25,0
8029.5,1
8030.25,0
8030.5,1
8030.75,0
8031.0,1
8032.0,0
8032.5,1
8032.75,0
8033.0,1
8033.25,0
8094.75,1
8095.0,0
8096.75,1
8097.0,0
8097.5,1
8098.25,0
8098.5,1
8098.75,0
8099.0,1
8101.5,0
8101.75,1
8103.75,0
8104.0,1
8104.5,0
8104.75,1
8105.0,0
8121.25,1
8124.0,0
8124.25,1
8124.75,0
8125.5,1
8125.75,0
8126.0,1
8126.75,0
8127.0,1
8128.75,0
8129.0,1
8129.25,0
8144.5,1
8146.25,0
8146.5,1
8149.0,0
8149.5,1
8149.75,0
8150.0,1
8150.5,0
8150.75,1
8153.25,0
8166.0,1
8166.25,0
8168.5,1
8168.75,0
8169.25,1
8169.5,0
8169.75,1
8170.0,0
8170.25,1
8170.75,0
8171.0,1
8171.75,0
8172.0,1
8172.5,0
8172.75,1
8173.0,0
8173.5,1
8173.75,0
8174.0,1
8174.25,0
8174.5,1
8174.75,0
8175.0,1
8176.5,0
8182.0,1
8182.25,0
8190.5,1
8190.75,0
8192.75,1
8193.25,0
8193.75,1
8194.0,0
8194.25,1
8196.25,0
8197.0,1
8197.25,0
8197.5,1
8198.5,0
8199.25,1
8201.25,0
8259.5,1
8260.0,0
8261.5,1
8261.75,0
8262.0,1
8262.25,0
8264.25,1
8265.25,0
8265.5,1
8266.25,0
8266.75,1
8268.25,0
8268.5,1
8269.5,0
8269.75,1
8272.75,0
8287.5,1
8287.75,0
8289.0,1
8293.0,0
8293.25,1
8293.5,0
8293.75,1
8297.25,0
8309.25,1
8309.5,0
8310.0,1
8310.25,0
8311.5,1
8311.75,0
8312.5,1
8316.75,0
8317.0,1
8319.25,0
8319.5,1
8320.0,0
8320.25,1
8321.75,0
8336.5,1
8337.0,0
8337.25,1
8339.5,0
8339.75,1
8340.0,0
8340.5,1
8341.0,0
8341.25,1
8341.5,0
8342.0,1
8343.25,0
8343.5,1
8344.75,0
8358.5,1
8358.75,0
8360.5,1
8362.25,0
8362.5,1
8363.0,0
8363.25,1
8364.0,0
8364.25,1
8364.5,0
8364.75,1
8366.25,0
8366.5,1
8367.0,0
8367.25,1
8368.5,0
8368.75,1
8369.0,0
8372.25,1
8372.5,0
8372.75,1
8373.0,0
8430.0,1
8430.5,0
8432.5,1
8432.75,0
8433.0,1
8433.25,0
8433.5,1
8434.25,0
8434.5,1
8435.25,0
8435.5,1
8436.75,0
8437.0,1
8437.75,0
8438.0,1
8438.25,0
8438.5,1
8438.75,0
8439.0,1
8441.0,0
8441.25,1
8441.5,0
8455.0,1
8455.25,0
8457.0,1
8457.5,0
8457.75,1
8458.75,0
8459.0,1
8461.25,0
8461.5,1
8463.25,0
8463.5,1
8464.25,0
8464.75,1
8465.0,0
8465.75,1
8466.0,0
8481.0,1
8481.5,0
8481.75,1
8482.5,0
8482.75,1
8484.0,0
8484.25,1
8484.75,0
8485.0,1
8485.25,0
8485.5,1
8488.0,0
8488.25,1
8488.75,0
8489.25,1
8489.5,0
8505.5,1
8506.75,0
8507.0,1
8507.5,0
8507.75,1
8509.0,0
8509.25,1
8510.0,0
8510.25,1
8512.0,0
8512.25,1
8512.5,0
8513.25,1
8513.75,0
8516.5,1
8516.75,0
8528.0,1
8528.25,0
8528.75,1
8529.0,0
8529.25,1
8529.5,0
8530.25,1
8530.5,0
8530.75,1
8531.0,0
8531.25,1
8531.5,0
8531.75,1
8532.25,0
8532.5,1
8532.75,0
8533.0,1
8533.25,0
8533.5,1
8534.0,0
8534.5,1
8536.25,0
8536.5,1
8536.75,0
8537.0,1
8537.25,0
8540.25,1
8540.75,0
8625.25,1
8626.0,0
8626.25,1
8628.0,0
8628.25,1
8628.5,0
8629.0,1
8629.5,0
8630.0,1
8630.25,0
8630.5,1
8631.0,0
8631.25,1
8632.0,0
8632.25,1
8632.75,0
8633.0,1
8633.25,0
8646.0,1
8646.25,0
8648.0,1
8648.5,0
8649.25,1
8649.5,0
8649.75,1
8650.5,0
8651.0,1
8651.25,0
8651.5,1
8652.5,0
8653.0,1
8655.75,0
8656.0,1
8656.75,0
8673.0,1
8675.25,0
8675.5,1
8675.75,0
8676.25,1
8676.5,0
8676.75,1
8677.25,0
8678.0,1
8680.5,0
8681.5,1
8681.75,0
8694.5,1
8694.75,0
8695.5,1
8695.75,0
8697.0,1
8697.25,0
8697.75,1
8698.25,0
8698.5,1
8698.75,0
8699.0,1
8699.25,0
8699.5,1
8699.75,0
8700.0,1
8700.5,0
8700.75,1
8701.25,0
8701.5,1
8702.5,0
8702.75,1
8703.0,0
8703.5,1
8704.75,0
8709.0,1
8709.25,0
