#1


float Room-207 (4305,2)
0.0,0
30.5,1
30.75,0
32.75,1
33.0,0
33.5,1
34.75,0
35.25,1
36.0,0
36.25,1
36.75,0
37.0,1
37.25,0
37.5,1
41.5,0
45.25,1
45.5,0
46.0,1
46.25,0
54.25,1
54.5,0
57.0,1
58.75,0
59.0,1
60.25,0
60.5,1
60.75,0
61.0,1
61.5,0
62.25,1
64.0,0
64.25,1
65.25,0
79.0,1
79.25,0
79.5,1
79.75,0
80.25,1
83.0,0
83.25,1
86.0,0
86.25,1
87.75,0
88.0,1
89.25,0
104.75,1
105.75,0
106.0,1
108.25,0
108.5,1
110.0,0
110.25,1
110.75,0
111.0,1
112.0,0
112.25,1
112.75,0
113.75,1
114.0,0
126.5,1
126.75,0
128.25,1
128.75,0
129.25,1
130.75,0
131.0,1
132.25,0
132.5,1
133.0,0
133.5,1
135.5,0
135.75,1
136.25,0
136.5,1
136.75,0
137.0,1
137.5,0
199.75,1
200.0,0
200.5,1
201.25,0
201.75,1
203.0,0
203.5,1
204.25,0
204.5,1
205.0,0
205.25,1
205.75,0
206.0,1
206.25,0
206.5,1
208.5,0
208.75,1
209.25,0
212.5,1
212.75,0
213.75,1
214.0,0
214.25,1
214.5,0
225.0,1
225.25,0
225.5,1
232.0,0
232.25,1
232.75,0
233.0,1
233.25,0
247.75,1
248.25,0
248.75,1
249.0,0
249.5,1
250.25,0
250.5,1
251.0,0
251.25,1
253.25,0
253.5,1
255.75,0
256.0,1
256.25,0
256.5,1
257.0,0
262.25,1
262.5,0
269.5,1
269.75,0
270.5,1
270.75,0
271.75,1
272.0,0
273.0,1
273.75,0
274.25,1
274.5,0
274.75,1
275.25,0
275.5,1
278.0,0
278.25,1
278.75,0
279.0,1
279.5,0
279.75,1
280.0,0
280.25,1
281.0,0
284.5,1
284.75,0
295.5,1
296.0,0
297.0,1
298.0,0
298.25,1
298.75,0
299.0,1
300.0,0
300.25,1
301.5,0
301.75,1
303.75,0
304.0,1
304.5,0
304.75,1
305.25,0
308.0,1
308.25,0
368.75,1
371.0,0
371.25,1
372.25,0
372.75,1
373.5,0
374.0,1
376.75,0
382.0,1
382.25,0
393.0,1
394.5,0
394.75,1
395.0,0
395.25,1
395.75,0
396.0,1
397.5,0
397.75,1
399.75,0
400.0,1
400.25,0
400.75,1
401.0,0
438.5,1
438.75,0
439.75,1
440.0,0
441.0,1
441.25,0
441.5,1
443.5,0
444.0,1
445.25,0
445.5,1
447.0,0
447.25,1
449.25,0
449.5,1
449.75,0
462.0,1
462.25,0
462.75,1
463.25,0
465.0,1
465.5,0
466.5,1
467.5,0
467.75,1
468.75,0
469.25,1
469.5,0
469.75,1
471.0,0
471.25,1
473.5,0
533.75,1
534.0,0
535.5,1
535.75,0
537.25,1
538.0,0
538.25,1
539.0,0
539.25,1
540.75,0
541.0,1
542.0,0
542.5,1
545.5,0
557.5,1
557.75,0
560.5,1
561.5,0
561.75,1
564.25,0
564.5,1
564.75,0
565.5,1
565.75,0
566.5,1
569.0,0
571.25,1
571.5,0
573.75,1
574.0,0
583.25,1
583.5,0
584.25,1
584.5,0
584.75,1
585.0,0
585.5,1
586.75,0
587.0,1
589.5,0
589.75,1
590.0,0
590.25,1
590.5,0
590.75,1
591.25,0
591.5,1
592.0,0
592.25,1
592.5,0
592.75,1
593.0,0
597.75,1
598.0,0
608.75,1
610.0,0
610.25,1
613.25,0
613.5,1
614.0,0
614.25,1
614.75,0
615.25,1
615.5,0
616.0,1
617.25,0
630.75,1
631.0,0
633.25,1
633.75,0
634.0,1
637.75,0
638.0,1
638.5,0
638.75,1
639.0,0
639.25,1
640.25,0
640.5,1
641.25,0
644.0,1
644.25,0
645.0,1
645.25,0
646.0,1
646.25,0
703.5,1
703.75,0
704.25,1
704.5,0
705.0,1
705.5,0
705.75,1
706.5,0
706.75,1
708.0,0
708.25,1
709.25,0
709.5,1
710.5,0
710.75,1
711.5,0
711.75,1
712.25,0
716.5,1
716.75,0
729.0,1
729.25,0
730.0,1
730.25,0
730.75,1
734.75,0
735.0,1
735.25,0
735.5,1
736.5,0
736.75,1
737.25,0
740.5,1
740.75,0
750.25,1
750.5,0
750.75,1
751.0,0
751.25,1
751.5,0
752.75,1
753.0,0
753.25,1
753.75,0
754.0,1
755.25,0
755.75,1
756.5,0
756.75,1
757.0,0
757.25,1
758.0,0
758.25,1
758.75,0
759.0,1
759.5,0
759.75,1
760.25,0
760.5,1
761.5,0
774.0,1
774.25,0
776.5,1
777.5,0
777.75,1
778.75,0
779.25,1
779.5,0
779.75,1
780.5,0
780.75,1
781.0,0
781.25,1
782.75,0
783.0,1
783.5,0
783.75,1
785.25,0
798.5,1
798.75,0
799.25,1
799.5,0
800.5,1
801.5,0
801.75,1
803.5,0
803.75,1
804.75,0
805.25,1
805.75,0
806.0,1
809.25,0
809.75,1
810.0,0
871.25,1
871.5,0
872.25,1
872.5,0
873.25,1
873.5,0
873.75,1
874.75,0
875.0,1
875.25,0
875.5,1
875.75,0
876.75,1
877.25,0
877.75,1
878.0,0
878.25,1
880.25,0
880.75,1
881.0,0
881.25,1
881.5,0
894.0,1
894.25,0
895.5,1
895.75,0
896.5,1
896.75,0
897.75,1
898.0,0
898.5,1
899.0,0
899.5,1
900.0,0
900.5,1
900.75,0
901.25,1
903.25,0
903.5,1
904.0,0
904.25,1
904.5,0
904.75,1
905.25,0
918.25,1
918.5,0
919.5,1
919.75,0
920.75,1
921.0,0
921.25,1
921.5,0
921.75,1
922.75,0
923.0,1
924.0,0
924.25,1
925.0,0
925.25,1
926.0,0
926.5,1
927.5,0
927.75,1
928.5,0
928.75,1
929.0,0
929.25,1
929.5,0
942.75,1
943.0,0
945.25,1
946.25,0
946.5,1
947.75,0
948.25,1
948.75,0
949.0,1
949.25,0
949.5,1
949.75,0
950.0,1
952.0,0
952.25,1
953.25,0
958.0,1
958.25,0
966.0,1
966.25,0
967.0,1
967.25,0
969.75,1
972.0,0
972.5,1
972.75,0
973.0,1
974.5,0
975.0,1
975.25,0
975.5,1
975.75,0
976.0,1
976.75,0
977.0,1
977.25,0
1041.0,1
1043.25,0
1043.5,1
1044.5,0
1044.75,1
1046.25,0
1046.5,1
1046.75,0
1047.25,1
1047.5,0
1047.75,1
1048.75,0
1049.0,1
1049.25,0
1062.75,1
1063.25,0
1064.5,1
1065.0,0
1065.25,1
1065.5,0
1066.0,1
1066.25,0
1066.5,1
1067.5,0
1068.0,1
1069.0,0
1069.25,1
1069.5,0
1069.75,1
1071.0,0
1071.25,1
1072.0,0
1072.25,1
1072.5,0
1072.75,1
1073.75,0
1076.5,1
1076.75,0
1112.5,1
1116.0,0
1116.25,1
1117.5,0
1117.75,1
1118.75,0
1119.0,1
1119.75,0
1120.0,1
1121.0,0
1126.0,1
1126.25,0
1134.25,1
1134.75,0
1135.25,1
1135.5,0
1137.0,1
1137.5,0
1137.75,1
1138.75,0
1139.0,1
1139.25,0
1139.75,1
1140.5,0
1140.75,1
1141.25,0
1141.5,1
1142.25,0
1142.5,1
1145.5,0
1207.75,1
1208.0,0
1208.25,1
1211.0,0
1211.25,1
1212.0,0
1212.25,1
1213.25,0
1213.5,1
1216.25,0
1217.0,1
1217.5,0
1217.75,1
1218.0,0
1232.0,1
1232.25,0
1233.25,1
1233.5,0
1234.0,1
1234.25,0
1234.5,1
1235.75,0
1236.25,1
1237.0,0
1237.25,1
1239.5,0
1239.75,1
1241.0,0
1241.25,1
1241.75,0
1245.0,1
1245.25,0
1245.5,1
1245.75,0
1254.25,1
1254.5,0
1254.75,1
1255.0,0
1256.5,1
1256.75,0
1257.25,1
1257.5,0
1257.75,1
1260.0,0
1260.25,1
1260.75,0
1261.0,1
1262.5,0
1263.0,1
1263.5,0
1263.75,1
1264.0,0
1264.25,1
1264.75,0
1265.25,1
1265.5,0
1265.75,1
1266.0,0
1269.75,1
1270.0,0
1278.5,1
1278.75,0
1279.0,1
1279.25,0
1280.75,1
1281.5,0
1281.75,1
1282.0,0
1282.25,1
1283.5,0
1283.75,1
1284.75,0
1285.0,1
1285.75,0
1286.75,1
1288.0,0
1288.25,1
1288.5,0
1288.75,1
1289.0,0
1289.5,1
1289.75,0
1293.75,1
1294.0,0
1303.75,1
1304.0,0
1304.75,1
1305.75,0
1306.0,1
1306.5,0
1306.75,1
1307.5,0
1307.75,1
1308.0,0
1308.25,1
1310.0,0
1310.25,1
1311.0,0
1311.25,1
1313.25,0
1374.75,1
1375.0,0
1376.75,1
1377.0,0
1377.25,1
1377.5,0
1378.0,1
1379.25,0
1379.5,1
1380.75,0
1381.0,1
1381.25,0
1381.75,1
1382.5,0
1382.75,1
1384.75,0
1385.0,1
1385.25,0
1389.5,1
1389.75,0
1398.5,1
1399.0,0
1399.5,1
1399.75,0
1400.75,1
1401.0,0
1401.25,1
1402.0,0
1402.25,1
1402.5,0
1402.75,1
1403.0,0
1403.25,1
1403.5,0
1403.75,1
1404.75,0
1405.25,1
1405.5,0
1405.75,1
1406.25,0
1406.75,1
1407.0,0
1407.25,1
1407.75,0
1408.0,1
1409.25,0
1409.75,1
1410.0,0
1424.75,1
1425.25,0
1425.75,1
1427.0,0
1427.25,1
1428.75,0
1429.0,1
1430.75,0
1431.0,1
1432.25,0
1432.5,1
1432.75,0
1433.0,1
1433.25,0
1447.5,1
1448.0,0
1449.0,1
1449.75,0
1450.25,1
1450.75,0
1451.0,1
1451.5,0
1452.0,1
1452.25,0
1452.5,1
1454.0,0
1454.25,1
1454.75,0
1455.0,1
1457.0,0
1459.75,1
1460.0,0
1461.25,1
1461.5,0
1470.5,1
1470.75,0
1471.0,1
1471.25,0
1472.5,1
1474.5,0
1474.75,1
1475.5,0
1476.0,1
1477.0,0
1477.25,1
1480.0,0
1480.25,1
1480.75,0
1481.0,1
1481.25,0
1542.25,1
1542.5,0
1545.0,1
1546.25,0
1546.75,1
1548.0,0
1548.5,1
1550.0,0
1550.5,1
1551.0,0
1551.25,1
1552.0,0
1552.25,1
1552.5,0
1553.0,1
1553.5,0
1568.0,1
1568.25,0
1568.75,1
1569.0,0
1570.0,1
1572.25,0
1572.75,1
1574.0,0
1574.25,1
1575.25,0
1575.5,1
1576.0,0
1576.25,1
1576.5,0
1576.75,1
1577.25,0
1577.5,1
1577.75,0
1590.25,1
1590.5,0
1592.75,1
1593.0,0
1593.25,1
1596.25,0
1596.5,1
1597.25,0
1597.5,1
1597.75,0
1598.0,1
1599.5,0
1599.75,1
1600.0,0
1600.25,1
1600.5,0
1600.75,1
1601.0,0
1615.0,1
1615.25,0
1616.5,1
1617.0,0
1617.25,1
1622.0,0
1622.25,1
1622.75,0
1623.0,1
1623.5,0
1623.75,1
1624.25,0
1624.5,1
1625.0,0
1625.25,1
1625.75,0
1640.0,1
1640.25,0
1640.75,1
1641.5,0
1641.75,1
1642.0,0
1642.25,1
1644.5,0
1644.75,1
1645.75,0
1646.0,1
1646.25,0
1646.5,1
1646.75,0
1647.25,1
1648.25,0
1648.5,1
1649.75,0
1653.25,1
1653.5,0
1710.0,1
1710.25,0
1712.0,1
1712.75,0
1713.75,1
1717.0,0
1717.25,1
1720.25,0
1720.5,1
1720.75,0
1721.0,1
1721.25,0
1721.5,1
1721.75,0
1725.25,1
1725.5,0
1734.25,1
1734.5,0
1736.25,1
1736.75,0
1737.25,1
1737.5,0
1737.75,1
1738.25,0
1738.5,1
1739.0,0
1739.25,1
1740.25,0
1740.5,1
1741.5,0
1742.0,1
1742.75,0
1743.0,1
1743.75,0
1744.0,1
1744.25,0
1744.5,1
1745.0,0
1745.25,1
1745.5,0
1747.5,1
1747.75,0
1749.0,1
1749.25,0
1761.0,1
1762.0,0
1762.25,1
1763.75,0
1764.0,1
1767.0,0
1767.25,1
1767.5,0
1768.0,1
1768.5,0
1768.75,1
1769.25,0
1783.75,1
1784.0,0
1784.75,1
1785.0,0
1785.25,1
1785.5,0
1785.75,1
1786.5,0
1786.75,1
1787.25,0
1787.5,1
1788.0,0
1788.5,1
1789.0,0
1789.25,1
1790.75,0
1791.0,1
1792.0,0
1792.25,1
1793.25,0
1798.0,1
1798.25,0
1807.25,1
1807.5,0
1808.5,1
1809.0,0
1809.25,1
1809.75,0
1810.0,1
1811.0,0
1811.25,1
1813.0,0
1813.25,1
1816.5,0
1816.75,1
1817.0,0
1817.25,1
1817.5,0
1878.0,1
1878.25,0
1880.75,1
1881.0,0
1881.25,1
1882.0,0
1882.25,1
1884.0,0
1884.25,1
1884.5,0
1884.75,1
1885.5,0
1885.75,1
1886.5,0
1886.75,1
1887.25,0
1887.5,1
1888.5,0
1888.75,1
1889.0,0
1903.25,1
1903.5,0
1905.0,1
1905.25,0
1905.5,1
1905.75,0
1906.25,1
1906.75,0
1907.25,1
1908.0,0
1908.25,1
1908.75,0
1909.25,1
1909.75,0
1910.0,1
1910.5,0
1910.75,1
1911.0,0
1911.5,1
1912.0,0
1912.25,1
1912.5,0
1928.25,1
1928.5,0
1929.0,1
1929.5,0
1929.75,1
1932.0,0
1932.5,1
1933.25,0
1933.5,1
1935.0,0
1935.25,1
1935.5,0
1936.25,1
1936.75,0
1937.0,1
1937.25,0
1950.75,1
1951.0,0
1953.25,1
1954.0,0
1954.25,1
1954.5,0
1954.75,1
1956.5,0
1956.75,1
1957.75,0
1958.0,1
1958.5,0
1959.25,1
1961.25,0
1974.25,1
1974.5,0
1975.25,1
1975.5,0
1976.25,1
1976.75,0
1977.25,1
1977.75,0
1978.0,1
1978.25,0
1978.5,1
1979.0,0
1979.25,1
1982.0,0
1982.25,1
1984.75,0
2046.75,1
2047.0,0
2048.75,1
2049.25,0
2050.0,1
2051.25,0
2051.75,1
2052.25,0
2052.75,1
2054.75,0
2055.75,1
2056.5,0
2057.0,1
2057.25,0
2073.25,1
2073.75,0
2074.0,1
2074.5,0
2074.75,1
2075.25,0
2075.75,1
2078.25,0
2078.5,1
2080.0,0
2081.25,1
2081.5,0
2085.75,1
2086.0,0
2093.75,1
2094.0,0
2095.5,1
2095.75,0
2097.0,1
2100.0,0
2100.25,1
2100.75,0
2101.25,1
2102.25,0
2102.5,1
2103.5,0
2103.75,1
2104.25,0
2104.5,1
2104.75,0
2118.25,1
2118.5,0
2119.75,1
2120.0,0
2120.25,1
2120.5,0
2121.0,1
2121.5,0
2121.75,1
2122.0,0
2122.25,1
2122.5,0
2122.75,1
2124.25,0
2124.5,1
2128.5,0
2132.5,1
2132.75,0
2133.5,1
2133.75,0
2142.0,1
2142.25,0
2143.75,1
2144.25,0
2145.0,1
2145.5,0
2145.75,1
2146.0,0
2146.25,1
2148.0,0
2148.25,1
2149.0,0
2149.25,1
2149.75,0
2150.0,1
2150.75,0
2151.0,1
2152.25,0
2152.5,1
2152.75,0
2153.5,1
2153.75,0
2156.75,1
2157.0,0
2214.5,1
2214.75,0
2215.0,1
2215.25,0
2216.75,1
2217.25,0
2217.5,1
2220.0,0
2220.25,1
2221.5,0
2221.75,1
2222.25,0
2222.5,1
2225.5,0
2239.75,1
2240.0,0
2241.25,1
2242.5,0
2243.0,1
2245.25,0
2245.75,1
2246.25,0
2246.5,1
2246.75,0
2247.0,1
2247.25,0
2247.5,1
2248.5,0
2248.75,1
2249.0,0
2252.5,1
2252.75,0
2265.0,1
2265.25,0
2265.5,1
2265.75,0
2266.0,1
2268.0,0
2268.5,1
2270.25,0
2270.5,1
2271.0,0
2271.25,1
2273.0,0
2273.25,1
2273.75,0
2276.0,1
2276.25,0
2276.75,1
2277.0,0
2287.5,1
2287.75,0
2288.25,1
2288.5,0
2288.75,1
2290.25,0
2290.5,1
2290.75,0
2291.25,1
2292.25,0
2292.5,1
2293.75,0
2294.0,1
2295.25,0
2295.5,1
2296.5,0
2296.75,1
2297.0,0
2302.0,1
2302.25,0
2312.25,1
2312.5,0
2312.75,1
2316.75,0
2317.5,1
2318.0,0
2318.25,1
2319.5,0
2319.75,1
2320.25,0
2320.5,1
2321.0,0
2325.5,1
2325.75,0
2383.0,1
2383.25,0
2384.75,1
2385.25,0
2385.5,1
2386.5,0
2386.75,1
2388.0,0
2388.75,1
2390.25,0
2390.5,1
2390.75,0
2391.0,1
2391.25,0
2391.5,1
2392.0,0
2392.25,1
2393.0,0
2407.0,1
2407.25,0
2407.75,1
2408.5,0
2409.0,1
2415.5,0
2415.75,1
2416.5,0
2416.75,1
2417.25,0
2417.75,1
2418.0,0
2432.5,1
2433.0,0
2433.5,1
2434.5,0
2434.75,1
2435.25,0
2435.5,1
2436.0,0
2436.25,1
2437.25,0
2437.5,1
2438.0,0
2438.25,1
2441.25,0
2457.0,1
2457.25,0
2457.5,1
2460.0,0
2460.75,1
2462.0,0
2462.25,1
2462.5,0
2462.75,1
2463.75,0
2464.0,1
2464.75,0
2465.5,1
2465.75,0
2479.5,1
2479.75,0
2481.0,1
2483.75,0
2484.5,1
2486.75,0
2487.25,1
2487.5,0
2487.75,1
2489.5,0
2492.0,1
2492.5,0
2493.0,1
2493.25,0
2550.5,1
2550.75,0
2553.0,1
2553.25,0
2553.5,1
2553.75,0
2554.0,1
2554.25,0
2554.5,1
2557.0,0
2557.25,1
2557.75,0
2558.0,1
2559.75,0
2560.0,1
2561.25,0
2575.0,1
2575.25,0
2575.5,1
2575.75,0
2577.0,1
2580.25,0
2580.5,1
2585.5,0
2589.5,1
2589.75,0
2599.0,1
2599.5,0
2599.75,1
2600.0,0
2601.5,1
2604.5,0
2604.75,1
2605.25,0
2605.5,1
2606.75,0
2607.25,1
2608.25,0
2608.5,1
2608.75,0
2609.0,1
2609.25,0
2623.5,1
2623.75,0
2624.0,1
2624.25,0
2624.75,1
2625.0,0
2625.25,1
2625.5,0
2626.0,1
2627.25,0
2627.5,1
2628.25,0
2628.5,1
2629.5,0
2629.75,1
2632.0,0
2632.25,1
2632.5,0
2632.75,1
2633.25,0
2646.25,1
2646.5,0
2647.25,1
2647.5,0
2649.5,1
2649.75,0
2650.0,1
2652.25,0
2652.5,1
2653.0,0
2653.25,1
2653.5,0
2654.25,1
2654.5,0
2654.75,1
2655.0,0
2655.25,1
2655.5,0
2655.75,1
2656.5,0
2718.25,1
2718.5,0
2719.5,1
2719.75,0
2720.5,1
2722.5,0
2722.75,1
2726.5,0
2726.75,1
2727.0,0
2727.25,1
2727.75,0
2728.0,1
2728.5,0
2729.0,1
2729.75,0
2733.0,1
2733.25,0
2742.0,1
2742.25,0
2743.0,1
2743.25,0
2743.5,1
2743.75,0
2745.25,1
2745.75,0
2746.0,1
2747.0,0
2747.25,1
2749.5,0
2749.75,1
2752.25,0
2752.5,1
2753.25,0
2767.25,1
2767.5,0
2767.75,1
2768.25,0
2769.0,1
2771.5,0
2771.75,1
2772.0,0
2772.25,1
2773.0,0
2773.25,1
2777.25,0
2781.5,1
2781.75,0
2791.0,1
2791.25,0
2793.0,1
2796.75,0
2797.0,1
2797.5,0
2797.75,1
2798.0,0
2798.25,1
2798.5,0
2799.25,1
2799.5,0
2799.75,1
2801.0,0
2806.0,1
2806.25,0
2814.25,1
2814.5,0
2815.0,1
2815.5,0
2816.0,1
2816.5,0
2816.75,1
2817.25,0
2817.5,1
2818.0,0
2818.25,1
2818.75,0
2819.0,1
2820.0,0
2820.25,1
2824.0,0
2824.75,1
2825.0,0
2887.25,1
2887.75,0
2889.0,1
2891.75,0
2892.0,1
2892.75,0
2893.0,1
2894.0,0
2894.5,1
2896.0,0
2896.25,1
2896.75,0
2900.0,1
2900.25,0
2912.5,1
2912.75,0
2913.0,1
2913.5,0
2913.75,1
2914.5,0
2914.75,1
2915.0,0
2915.25,1
2916.75,0
2917.0,1
2917.5,0
2918.0,1
2918.25,0
2918.75,1
2919.0,0
2919.25,1
2919.75,0
2920.0,1
2921.0,0
2934.75,1
2935.0,0
2935.75,1
2936.25,0
2937.0,1
2937.5,0
2937.75,1
2939.75,0
2940.0,1
2941.0,0
2941.75,1
2942.25,0
2942.5,1
2942.75,0
2943.0,1
2943.25,0
2943.5,1
2943.75,0
2944.25,1
2944.5,0
2944.75,1
2945.0,0
2945.75,1
2946.0,0
2959.25,1
2959.5,0
2960.0,1
2960.25,0
2960.75,1
2961.0,0
2961.25,1
2961.5,0
2961.75,1
2962.5,0
2962.75,1
2963.5,0
2963.75,1
2965.5,0
2965.75,1
2966.25,0
2966.5,1
2968.75,0
2969.0,1
2969.25,0
2971.75,1
2972.0,0
2981.5,1
2981.75,0
2982.75,1
2983.0,0
2985.0,1
2986.25,0
2986.5,1
2987.75,0
2988.25,1
2989.5,0
2989.75,1
2990.0,0
2990.25,1
2993.5,0
2993.75,1
2994.0,0
3057.25,1
3057.5,0
3058.0,1
3058.25,0
3058.75,1
3060.0,0
3060.25,1
3062.0,0
3062.25,1
3062.5,0
3063.5,1
3064.5,0
3064.75,1
3065.75,0
3076.5,1
3076.75,0
3077.5,1
3077.75,0
3080.75,1
3081.0,0
3081.25,1
3081.5,0
3082.0,1
3086.0,0
3086.25,1
3088.0,0
3088.75,1
3089.0,0
3104.25,1
3104.75,0
3105.25,1
3105.5,0
3105.75,1
3106.25,0
3106.75,1
3108.75,0
3109.0,1
3110.5,0
3110.75,1
3111.0,0
3111.25,1
3111.5,0
3111.75,1
3112.75,0
3116.25,1
3116.5,0
3117.75,1
3118.25,0
3127.75,1
3128.0,0
3128.25,1
3128.75,0
3129.0,1
3129.25,0
3129.5,1
3130.0,0
3130.25,1
3132.75,0
3133.0,1
3133.25,0
3133.75,1
3136.0,0
3136.75,1
3137.25,0
3138.0,1
3138.25,0
3142.0,1
3142.25,0
3151.75,1
3152.0,0
3152.5,1
3153.0,0
3153.25,1
3153.5,0
3153.75,1
3154.0,0
3154.25,1
3154.5,0
3154.75,1
3155.75,0
3156.0,1
3157.0,0
3157.25,1
3157.5,0
3157.75,1
3158.0,0
3158.25,1
3159.0,0
3159.25,1
3159.5,0
3159.75,1
3160.25,0
3160.5,1
3161.0,0
3225.0,1
3226.75,0
3227.0,1
3228.5,0
3228.75,1
3230.0,0
3230.25,1
3230.5,0
3230.75,1
3231.25,0
3231.5,1
3233.5,0
3236.25,1
3236.5,0
3245.75,1
3246.0,0
3247.0,1
3247.25,0
3248.0,1
3248.25,0
3248.75,1
3250.0,0
3250.5,1
3251.0,0
3251.25,1
3251.75,0
3252.0,1
3252.5,0
3252.75,1
3254.75,0
3255.25,1
3255.75,0
3256.0,1
3257.0,0
3260.25,1
3260.5,0
3271.5,1
3271.75,0
3272.75,1
3273.0,0
3273.25,1
3273.75,0
3274.25,1
3275.25,0
3275.5,1
3277.0,0
3277.5,1
3278.25,0
3278.75,1
3279.0,0
3279.25,1
3279.5,0
3279.75,1
3280.75,0
3281.25,1
3281.5,0
3294.0,1
3294.25,0
3295.75,1
3296.0,0
3297.5,1
3298.0,0
3298.5,1
3300.25,0
3300.5,1
3302.0,0
3302.25,1
3303.5,0
3303.75,1
3304.0,0
3304.75,1
3305.25,0
3318.5,1
3318.75,0
3320.75,1
3321.0,0
3321.5,1
3323.75,0
3324.0,1
3329.75,0
3390.25,1
3390.75,0
3391.5,1
3391.75,0
3393.0,1
3394.75,0
3395.0,1
3397.0,0
3397.25,1
3398.25,0
3398.5,1
3400.0,0
3400.25,1
3400.75,0
3414.25,1
3414.5,0
3416.0,1
3416.25,0
3416.75,1
3419.0,0
3419.5,1
3420.75,0
3421.0,1
3424.25,0
3424.75,1
3425.0,0
3428.0,1
3428.25,0
3429.75,1
3430.0,0
3440.25,1
3440.5,0
3441.0,1
3441.75,0
3442.0,1
3442.5,0
3442.75,1
3443.75,0
3444.0,1
3444.5,0
3444.75,1
3445.25,0
3446.0,1
3446.75,0
3447.0,1
3448.75,0
3462.75,1
3463.0,0
3464.5,1
3464.75,0
3465.25,1
3468.0,0
3468.5,1
3471.25,0
3471.5,1
3472.25,0
3472.75,1
3473.0,0
3486.75,1
3487.0,0
3487.25,1
3487.75,0
3489.5,1
3490.75,0
3491.0,1
3491.25,0
3491.5,1
3492.25,0
3492.5,1
3493.5,0
3493.75,1
3494.5,0
3494.75,1
3496.75,0
3497.5,1
3498.0,0
3558.0,1
3558.25,0
3560.25,1
3560.5,0
3560.75,1
3561.25,0
3561.5,1
3562.75,0
3563.0,1
3563.25,0
3563.5,1
3564.25,0
3564.75,1
3566.5,0
3566.75,1
3569.25,0
3607.25,1
3607.5,0
3608.0,1
3608.25,0
3608.5,1
3609.5,0
3609.75,1
3611.0,0
3611.25,1
3613.5,0
3613.75,1
3614.25,0
3614.5,1
3615.75,0
3616.25,1
3617.0,0
3617.5,1
3617.75,0
3618.25,1
3618.5,0
3629.25,1
3629.5,0
3630.25,1
3630.5,0
3631.75,1
3632.5,0
3632.75,1
3633.0,0
3633.5,1
3634.0,0
3634.5,1
3635.0,0
3635.75,1
3637.25,0
3637.5,1
3638.0,0
3638.25,1
3638.75,0
3639.0,1
3640.5,0
3640.75,1
3641.0,0
3653.75,1
3654.0,0
3657.5,1
3658.5,0
3658.75,1
3659.75,0
3660.0,1
3661.5,0
3661.75,1
3662.25,0
3662.5,1
3665.0,0
3726.0,1
3726.25,0
3727.25,1
3727.5,0
3728.25,1
3728.5,0
3729.0,1
3729.25,0
3729.5,1
3730.75,0
3731.0,1
3731.75,0
3732.0,1
3732.75,0
3733.0,1
3736.5,0
3736.75,1
3737.0,0
3737.25,1
3737.5,0
3750.75,1
3751.0,0
3752.5,1
3753.0,0
3753.5,1
3757.0,0
3757.25,1
3758.75,0
3759.25,1
3759.5,0
3759.75,1
3760.25,0
3760.5,1
3761.0,0
3777.0,1
3777.75,0
3778.0,1
3778.25,0
3778.5,1
3780.75,0
3781.25,1
3782.75,0
3783.0,1
3785.0,0
3785.25,1
3785.5,0
3800.25,1
3800.5,0
3800.75,1
3803.5,0
3803.75,1
3805.75,0
3806.0,1
3806.25,0
3806.5,1
3807.25,0
3807.75,1
3809.0,0
3809.25,1
3809.5,0
3813.75,1
3814.0,0
3824.75,1
3825.0,0
3825.25,1
3828.25,0
3828.5,1
3828.75,0
3829.0,1
3829.75,0
3830.25,1
3831.5,0
3831.75,1
3832.75,0
3895.25,1
3895.5,0
3896.0,1
3896.25,0
3897.25,1
3897.5,0
3897.75,1
3899.5,0
3899.75,1
3903.5,0
3903.75,1
3905.0,0
3905.25,1
3905.5,0
3907.75,1
3908.25,0
3921.25,1
3921.75,0
3922.0,1
3922.5,0
3922.75,1
3924.25,0
3924.5,1
3925.0,0
3925.25,1
3926.5,0
3927.0,1
3927.5,0
3927.75,1
3928.75,0
3929.0,1
3929.25,0
3932.5,1
3932.75,0
3933.75,1
3934.0,0
3943.25,1
3943.5,0
3944.5,1
3944.75,0
3945.0,1
3945.25,0
3945.5,1
3946.25,0
3946.5,1
3948.0,0
3948.25,1
3948.5,0
3948.75,1
3950.75,0
3951.0,1
3951.5,0
3952.0,1
3953.25,0
3953.5,1
3953.75,0
3958.5,1
3958.75,0
3965.75,1
3966.0,0
3969.0,1
3972.75,0
3973.5,1
3975.75,0
3976.5,1
3977.0,0
3981.5,1
3981.75,0
3990.0,1
3990.25,0
3992.75,1
3995.25,0
3995.75,1
3996.25,0
3996.5,1
3997.0,0
3997.25,1
3997.5,0
3997.75,1
3998.5,0
3998.75,1
4001.0,0
4001.5,1
4001.75,0
4003.75,1
4004.0,0
4005.0,1
4005.25,0
4062.5,1
4062.75,0
4064.25,1
4064.5,0
4065.25,1
4067.25,0
4067.75,1
4069.75,0
4070.25,1
4071.0,0
4071.25,1
4073.0,0
4073.25,1
4073.5,0
4076.75,1
4077.0,0
4089.0,1
4089.25,0
4089.5,1
4090.25,0
4090.5,1
4091.75,0
4092.0,1
4092.25,0
4093.0,1
4093.5,0
4093.75,1
4095.5,0
4095.75,1
4096.75,0
4097.0,1
4097.5,0
4113.5,1
4115.5,0
4115.75,1
4117.25,0
4117.5,1
4118.5,0
4118.75,1
4119.0,0
4119.25,1
4120.25,0
4120.5,1
4120.75,0
4121.25,1
4121.5,0
4136.5,1
4136.75,0
4137.0,1
4137.25,0
4137.75,1
4141.0,0
4141.25,1
4142.75,0
4143.0,1
4144.75,0
4145.25,1
4145.5,0
4160.75,1
4161.0,0
4161.5,1
4161.75,0
4162.0,1
4165.0,0
4165.25,1
4166.0,0
4166.25,1
4167.5,0
4168.0,1
4168.75,0
4169.0,1
4169.25,0
4172.25,1
4172.5,0
4231.75,1
4232.0,0
4232.75,1
4233.5,0
4233.75,1
4234.5,0
4234.75,1
4237.75,0
4238.0,1
4238.5,0
4238.75,1
4239.5,0
4240.0,1
4241.0,0
4241.5,1
4241.75,0
4244.75,1
4245.0,0
4245.75,1
4246.25,0
4255.5,1
4255.75,0
4256.75,1
4257.0,0
4257.25,1
4257.5,0
4257.75,1
4258.0,0
4258.5,1
4259.75,0
4260.25,1
4261.25,0
4261.5,1
4262.0,0
4262.5,1
4263.75,0
4264.0,1
4264.75,0
4265.0,1
4265.25,0
4278.5,1
4278.75,0
4280.0,1
4280.25,0
4280.5,1
4281.0,0
4281.25,1
4282.0,0
4282.25,1
4285.0,0
4285.25,1
4286.75,0
4287.0,1
4288.0,0
4288.25,1
4288.75,0
4303.75,1
4304.0,0
4305.0,1
4305.25,0
4305.5,1
4310.5,0
4310.75,1
4311.0,0
4311.25,1
4311.5,0
4311.75,1
4312.75,0
4313.25,1
4313.5,0
4326.25,1
4326.5,0
4329.0,1
4329.5,0
4330.0,1
4331.25,0
4331.5,1
4332.0,0
4332.25,1
4332.75,0
4333.0,1
4333.75,0
4334.25,1
4335.5,0
4335.75,1
4336.5,0
4336.75,1
4337.25,0
4400.75,1
4401.75,0
4402.0,1
4404.25,0
4404.75,1
4405.75,0
4406.0,1
4406.5,0
4406.75,1
4407.0,0
4407.25,1
4408.5,0
4408.75,1
4409.0,0
4409.25,1
4409.5,0
4445.5,1
4445.75,0
4446.5,1
4446.75,0
4447.0,1
4447.5,0
4448.0,1
4448.25,0
4448.5,1
4449.5,0
4449.75,1
4450.0,0
4450.25,1
4451.0,0
4451.25,1
4452.25,0
4452.5,1
4452.75,0
4453.0,1
4454.0,0
4454.25,1
4457.0,0
4469.25,1
4469.5,0
4473.0,1
4475.0,0
4475.25,1
4475.75,0
4476.0,1
4477.75,0
4478.0,1
4478.75,0
4479.0,1
4480.0,0
4480.25,1
4480.75,0
4481.25,1
4481.5,0
4495.5,1
4496.5,0
4497.0,1
4498.25,0
4498.5,1
4499.0,0
4499.25,1
4500.0,0
4500.5,1
4501.0,0
4502.0,1
4503.5,0
4503.75,1
4504.75,0
4505.0,1
4505.75,0
4566.25,1
4566.5,0
4568.5,1
4568.75,0
4569.0,1
4569.5,0
4569.75,1
4573.25,0
4573.75,1
4574.0,0
4574.5,1
4575.0,0
4575.25,1
4575.5,0
4575.75,1
4577.0,0
4577.5,1
4577.75,0
4592.25,1
4592.75,0
4593.25,1
4594.25,0
4594.5,1
4595.25,0
4595.5,1
4597.5,0
4597.75,1
4598.0,0
4598.25,1
4598.75,0
4599.0,1
4601.0,0
4604.0,1
4604.25,0
4605.25,1
4605.5,0
4614.0,1
4614.25,0
4617.0,1
4617.25,0
4617.5,1
4618.0,0
4618.25,1
4619.25,0
4619.5,1
4619.75,0
4620.5,1
4620.75,0
4621.0,1
4623.0,0
4623.25,1
4624.5,0
4625.25,1
4625.75,0
4628.25,1
4628.5,0
4640.5,1
4641.0,0
4641.25,1
4642.25,0
4642.5,1
4643.25,0
4643.5,1
4644.25,0
4644.5,1
4645.25,0
4645.5,1
4646.0,0
4646.25,1
4647.0,0
4647.25,1
4649.0,0
4662.75,1
4663.0,0
4664.75,1
4665.25,0
4665.75,1
4669.75,0
4670.0,1
4670.5,0
4671.0,1
4671.75,0
4672.0,1
4673.0,0
4676.5,1
4676.75,0
4734.75,1
4735.0,0
4737.0,1
4737.25,0
4737.75,1
4738.0,0
4738.25,1
4739.5,0
4740.0,1
4745.0,0
4747.75,1
4748.0,0
4760.25,1
4760.75,0
4761.5,1
4762.0,0
4762.25,1
4763.25,0
4763.5,1
4764.25,0
4764.5,1
4765.5,0
4766.0,1
4766.5,0
4766.75,1
4767.5,0
4767.75,1
4768.25,0
4768.5,1
4769.5,0
4782.75,1
4783.0,0
4784.75,1
4785.0,0
4785.5,1
4788.0,0
4788.25,1
4789.5,0
4789.75,1
4790.75,0
4791.0,1
4792.5,0
4792.75,1
4793.0,0
4793.25,1
4793.75,0
4808.0,1
4808.25,0
4809.25,1
4809.5,0
4809.75,1
4814.0,0
4814.75,1
4815.75,0
4816.0,1
4816.75,0
4817.75,1
4818.0,0
4820.75,1
4821.0,0
4821.5,1
4821.75,0
4830.0,1
4830.25,0
4833.0,1
4833.25,0
4833.75,1
4834.0,0
4834.25,1
4834.5,0
4834.75,1
4839.5,0
4839.75,1
4840.25,0
4841.0,1
4841.5,0
4845.25,1
4845.5,0
4846.0,1
4846.25,0
4903.5,1
4904.0,0
4904.25,1
4904.75,0
4905.25,1
4905.75,0
4906.0,1
4906.25,0
4906.5,1
4907.0,0
4907.25,1
4908.75,0
4909.0,1
4909.75,0
4910.25,1
4913.5,0
4926.75,1
4927.0,0
4928.25,1
4928.75,0
4929.0,1
4931.0,0
4931.25,1
4932.25,0
4932.75,1
4933.0,0
4933.5,1
4934.0,0
4934.25,1
4934.75,0
4935.0,1
4935.5,0
4935.75,1
4936.25,0
4938.0,1
4938.25,0
4940.75,1
4941.0,0
4942.0,1
4942.25,0
4950.25,1
4950.5,0
4951.0,1
4951.25,0
4952.5,1
4953.0,0
4953.75,1
4954.75,0
4955.0,1
4956.75,0
4957.0,1
4958.5,0
4959.0,1
4960.75,0
4961.0,1
4961.25,0
4966.5,1
4966.75,0
4974.25,1
4974.5,0
4976.0,1
4976.25,0
4977.5,1
4978.5,0
4978.75,1
4979.0,0
4979.25,1
4979.75,0
4980.25,1
4980.75,0
4981.0,1
4981.75,0
4982.5,1
4983.0,0
4983.25,1
4983.5,0
4983.75,1
4985.0,0
4985.75,1
4986.0,0
4988.5,1
4988.75,0
4999.25,1
4999.5,0
5000.0,1
5001.75,0
5002.0,1
5003.25,0
5003.5,1
5005.5,0
5005.75,1
5007.5,0
5007.75,1
5009.5,0
5012.5,1
5012.75,0
5070.25,1
5070.5,0
5072.5,1
5072.75,0
5073.0,1
5074.75,0
5075.25,1
5076.0,0
5076.5,1
5077.75,0
5078.25,1
5078.75,0
5079.0,1
5080.25,0
5080.5,1
5081.25,0
5085.75,1
5086.0,0
5096.75,1
5097.0,0
5097.25,1
5100.75,0
5101.0,1
5101.75,0
5102.25,1
5102.5,0
5102.75,1
5105.0,0
5119.75,1
5120.0,0
5121.0,1
5121.5,0
5121.75,1
5122.75,0
5123.25,1
5123.5,0
5123.75,1
5124.25,0
5124.5,1
5125.25,0
5126.0,1
5127.5,0
5127.75,1
5129.5,0
5144.75,1
5146.75,0
5147.0,1
5147.75,0
5148.0,1
5148.75,0
5149.0,1
5150.0,0
5150.25,1
5151.0,0
5151.5,1
5153.0,0
5168.75,1
5171.0,0
5172.25,1
5173.75,0
5174.0,1
5175.25,0
5175.5,1
5176.0,0
5176.25,1
5176.5,0
5177.25,1
5177.5,0
5181.75,1
5182.0,0
5238.0,1
5238.25,0
5241.25,1
5245.5,0
5245.75,1
5246.0,0
5246.5,1
5248.25,0
5248.5,1
5249.0,0
5251.5,1
5251.75,0
5264.25,1
5264.5,0
5265.0,1
5265.25,0
5265.5,1
5265.75,0
5266.0,1
5266.25,0
5267.0,1
5267.25,0
5267.5,1
5268.0,0
5268.25,1
5268.5,0
5269.0,1
5269.5,0
5270.25,1
5271.5,0
5271.75,1
5272.25,0
5272.5,1
5273.0,0
5276.0,1
5276.25,0
5287.25,1
5287.5,0
5288.75,1
5291.75,0
5292.0,1
5292.5,0
5292.75,1
5293.75,0
5294.25,1
5296.25,0
5296.5,1
5297.0,0
5312.75,1
5313.5,0
5313.75,1
5314.0,0
5314.25,1
5315.5,0
5315.75,1
5316.25,0
5316.5,1
5316.75,0
5317.0,1
5318.0,0
5318.25,1
5318.5,0
5318.75,1
5320.25,0
5320.5,1
5321.5,0
5334.25,1
5334.5,0
5335.0,1
5335.25,0
5335.5,1
5335.75,0
5336.5,1
5336.75,0
5337.0,1
5338.25,0
5338.5,1
5339.25,0
5340.0,1
5341.0,0
5341.25,1
5342.5,0
5342.75,1
5343.25,0
5343.5,1
5343.75,0
5344.0,1
5345.5,0
5408.75,1
5409.25,0
5409.5,1
5410.25,0
5411.25,1
5411.75,0
5412.0,1
5413.5,0
5413.75,1
5414.75,0
5415.0,1
5415.75,0
5416.0,1
5416.75,0
5417.0,1
5417.25,0
5417.5,1
5417.75,0
5420.25,1
5420.5,0
5431.5,1
5431.75,0
5432.0,1
5432.5,0
5432.75,1
5433.0,0
5433.25,1
5434.0,0
5434.25,1
5435.0,0
5435.25,1
5436.0,0
5436.5,1
5438.0,0
5438.5,1
5439.25,0
5439.5,1
5439.75,0
5440.0,1
5441.75,0
5445.25,1
5445.5,0
5456.25,1
5456.75,0
5457.0,1
5457.5,0
5457.75,1
5458.75,0
5459.0,1
5461.0,0
5461.25,1
5461.75,0
5462.0,1
5463.0,0
5463.25,1
5463.5,0
5464.0,1
5465.25,0
5478.0,1
5478.25,0
5478.75,1
5479.0,0
5481.5,1
5482.75,0
5483.0,1
5484.0,0
5484.25,1
5484.75,0
5485.0,1
5486.0,0
5486.25,1
5487.25,0
5487.5,1
5488.0,0
5488.5,1
5489.0,0
5489.25,1
5489.75,0
5492.75,1
5493.0,0
5504.5,1
5505.25,0
5505.5,1
5506.0,0
5506.25,1
5507.5,0
5507.75,1
5508.0,0
5508.25,1
5509.25,0
5509.75,1
5510.5,0
5510.75,1
5511.0,0
5511.25,1
5513.25,0
5516.25,1
5516.5,0
5574.75,1
5575.0,0
5575.75,1
5576.0,0
5577.0,1
5577.5,0
5577.75,1
5580.25,0
5580.5,1
5581.25,0
5581.5,1
5582.75,0
5583.0,1
5583.5,0
5583.75,1
5584.75,0
5601.25,1
5604.0,0
5604.25,1
5604.5,0
5604.75,1
5605.0,0
5605.5,1
5607.25,0
5607.5,1
5608.5,0
5608.75,1
5609.0,0
5609.5,1
5609.75,0
5614.5,1
5614.75,0
5623.5,1
5623.75,0
5625.0,1
5625.25,0
5625.5,1
5628.25,0
5628.5,1
5628.75,0
5629.0,1
5629.25,0
5630.0,1
5630.5,0
5630.75,1
5631.25,0
5631.5,1
5631.75,0
5632.25,1
5633.0,0
5637.25,1
5637.5,0
5647.5,1
5647.75,0
5648.0,1
5648.25,0
5648.75,1
5649.5,0
5649.75,1
5652.5,0
5652.75,1
5653.0,0
5653.25,1
5654.25,0
5654.5,1
5655.5,0
5655.75,1
5657.5,0
5661.75,1
5662.0,0
5670.25,1
5670.5,0
5671.5,1
5672.0,0
5673.0,1
5674.25,0
5674.5,1
5674.75,0
5675.0,1
5676.75,0
5677.0,1
5677.25,0
5677.5,1
5677.75,0
5678.0,1
5678.75,0
5679.25,1
5679.75,0
5680.0,1
5680.25,0
5680.5,1
5681.25,0
5684.25,1
5684.5,0
5745.0,1
5747.75,0
5748.5,1
5750.0,0
5750.75,1
5752.75,0
5753.0,1
5753.5,0
5753.75,1
5754.0,0
5769.25,1
5769.75,0
5770.25,1
5771.0,0
5771.25,1
5772.5,0
5772.75,1
5773.0,0
5773.25,1
5773.5,0
5773.75,1
5775.5,0
5775.75,1
5776.75,0
5777.0,1
5777.25,0
5780.25,1
5780.5,0
5790.0,1
5790.25,0
5793.0,1
5794.25,0
5794.5,1
5797.5,0
5797.75,1
5798.5,0
5799.25,1
5799.5,0
5800.0,1
5800.25,0
5800.5,1
5800.75,0
5801.5,1
5801.75,0
5814.25,1
5814.5,0
5816.5,1
5817.0,0
5817.25,1
5819.25,0
5819.5,1
5820.25,0
5821.0,1
5822.25,0
5823.0,1
5823.75,0
5824.0,1
5825.25,0
5825.75,1
5826.0,0
5833.0,1
5833.25,0
5838.0,1
5838.25,0
5841.0,1
5845.0,0
5845.25,1
5846.0,0
5846.25,1
5847.75,0
5848.0,1
5849.5,0
5906.25,1
5906.5,0
5907.75,1
5908.0,0
5911.0,1
5911.25,0
5913.0,1
5913.25,0
5913.75,1
5916.0,0
5916.25,1
5916.75,0
5917.0,1
5919.0,0
5919.25,1
5919.5,0
5919.75,1
5920.75,0
5957.75,1
5958.0,0
5959.0,1
5959.25,0
5961.0,1
5963.5,0
5963.75,1
5965.5,0
5965.75,1
5967.0,0
5967.25,1
5968.5,0
5969.0,1
5969.5,0
5984.0,1
5984.25,0
5984.5,1
5984.75,0
5985.0,1
5987.75,0
5988.0,1
5988.5,0
5988.75,1
5989.25,0
5989.5,1
5990.75,0
5991.5,1
5992.25,0
5992.75,1
5993.0,0
6006.5,1
6006.75,0
6008.25,1
6008.5,0
6009.0,1
6010.75,0
6011.0,1
6012.25,0
6012.5,1
6013.0,0
6013.5,1
6014.75,0
6015.0,1
6015.75,0
6016.0,1
6017.0,0
6077.5,1
6077.75,0
6079.0,1
6079.25,0
6080.75,1
6081.0,0
6081.5,1
6083.0,0
6083.25,1
6083.75,0
6084.25,1
6084.75,0
6085.0,1
6088.25,0
6088.5,1
6088.75,0
6089.0,1
6089.25,0
6093.5,1
6093.75,0
6102.0,1
6102.25,0
6104.25,1
6104.75,0
6105.0,1
6105.25,0
6105.5,1
6105.75,0
6106.0,1
6108.25,0
6108.5,1
6109.5,0
6109.75,1
6110.25,0
6110.5,1
6112.75,0
6113.0,1
6113.25,0
6126.0,1
6126.25,0
6126.75,1
6127.25,0
6128.75,1
6131.25,0
6131.5,1
6133.25,0
6133.5,1
6135.75,0
6136.0,1
6136.25,0
6136.5,1
6137.25,0
6151.25,1
6151.5,0
6152.25,1
6152.5,0
6152.75,1
6153.5,0
6153.75,1
6155.75,0
6156.0,1
6157.0,0
6157.25,1
6157.75,0
6158.25,1
6158.5,0
6158.75,1
6159.75,0
6160.0,1
6160.75,0
6161.0,1
6161.5,0
6175.0,1
6175.75,0
6177.0,1
6177.5,0
6177.75,1
6179.25,0
6179.5,1
6181.5,0
6181.75,1
6183.5,0
6183.75,1
6185.25,0
6246.25,1
6246.5,0
6246.75,1
6247.0,0
6248.5,1
6249.75,0
6250.0,1
6251.5,0
6251.75,1
6252.0,0
6253.25,1
6253.75,0
6254.0,1
6254.5,0
6254.75,1
6255.0,0
6255.25,1
6255.5,0
6256.0,1
6257.25,0
6273.25,1
6273.75,0
6274.0,1
6275.0,0
6275.25,1
6275.5,0
6275.75,1
6281.25,0
6285.0,1
6285.25,0
6295.0,1
6295.25,0
6297.25,1
6297.5,0
6297.75,1
6298.0,0
6298.25,1
6300.0,0
6300.25,1
6301.75,0
6302.0,1
6302.25,0
6302.5,1
6303.25,0
6303.5,1
6304.5,0
6304.75,1
6305.0,0
6305.25,1
6305.75,0
6307.0,1
6307.25,0
6309.5,1
6309.75,0
6320.5,1
6322.25,0
6322.5,1
6323.0,0
6323.25,1
6323.75,0
6324.25,1
6324.5,0
6325.0,1
6325.75,0
6326.0,1
6326.25,0
6326.5,1
6328.5,0
6328.75,1
6329.0,0
6329.25,1
6329.5,0
6342.75,1
6343.0,0
6344.0,1
6344.5,0
6345.25,1
6348.75,0
6349.0,1
6349.25,0
6349.5,1
6352.25,0
6352.5,1
6352.75,0
6353.25,1
6353.5,0
6356.5,1
6356.75,0
6415.5,1
6415.75,0
6416.75,1
6417.0,0
6417.5,1
6417.75,0
6418.0,1
6418.5,0
6419.25,1
6420.5,0
6421.0,1
6421.25,0
6421.5,1
6422.25,0
6422.5,1
6423.0,0
6423.25,1
6424.0,0
6424.5,1
6425.25,0
6439.75,1
6440.0,0
6440.75,1
6441.0,0
6441.5,1
6441.75,0
6442.0,1
6443.25,0
6443.5,1
6444.0,0
6444.5,1
6445.75,0
6446.0,1
6446.5,0
6446.75,1
6447.0,0
6447.25,1
6447.75,0
6448.25,1
6449.75,0
6450.0,1
6450.25,0
6452.0,1
6452.25,0
6461.75,1
6462.0,0
6464.25,1
6464.5,0
6464.75,1
6465.75,0
6466.0,1
6467.0,0
6467.25,1
6468.5,0
6468.75,1
6469.5,0
6469.75,1
6470.25,0
6470.5,1
6470.75,0
6471.25,1
6471.75,0
6472.0,1
6472.5,0
6472.75,1
6473.25,0
6488.0,1
6488.25,0
6488.5,1
6490.25,0
6490.5,1
6491.5,0
6491.75,1
6495.0,0
6495.25,1
6496.5,0
6496.75,1
6497.0,0
6501.5,1
6501.75,0
6512.5,1
6514.0,0
6514.25,1
6516.75,0
6517.0,1
6517.25,0
6517.5,1
6518.75,0
6519.0,1
6520.75,0
6521.0,1
6521.25,0
6582.25,1
6582.5,0
6583.25,1
6583.5,0
6585.0,1
6587.5,0
6587.75,1
6589.0,0
6589.25,1
6589.75,0
6590.0,1
6590.25,0
6590.5,1
6591.0,0
6591.25,1
6591.75,0
6592.0,1
6592.25,0
6592.75,1
6593.25,0
6597.5,1
6598.0,0
6607.5,1
6607.75,0
6608.75,1
6609.0,0
6609.75,1
6610.25,0
6610.5,1
6611.0,0
6611.25,1
6612.0,0
6612.25,1
6614.25,0
6614.75,1
6616.75,0
6617.25,1
6617.5,0
6620.25,1
6620.5,0
6630.75,1
6631.0,0
6631.25,1
6631.5,0
6633.5,1
6634.5,0
6634.75,1
6635.0,0
6635.25,1
6638.75,0
6639.0,1
6639.5,0
6639.75,1
6641.25,0
6645.25,1
6645.5,0
6654.25,1
6654.5,0
6656.75,1
6657.5,0
6657.75,1
6659.0,0
6659.25,1
6660.5,0
6660.75,1
6661.25,0
6661.5,1
6663.0,0
6663.5,1
6664.75,0
6670.25,1
6670.5,0
6671.75,1
6672.0,0
6677.0,1
6677.25,0
6679.25,1
6679.5,0
6680.25,1
6680.5,0
6680.75,1
6682.25,0
6682.5,1
6683.0,0
6683.5,1
6685.75,0
6686.0,1
6687.25,0
6687.5,1
6688.5,0
6688.75,1
6689.0,0
6693.25,1
6693.5,0
6750.5,1
6751.0,0
6752.25,1
6752.5,0
6752.75,1
6753.0,0
6753.25,1
6754.75,0
6755.0,1
6756.0,0
6757.25,1
6759.25,0
6759.5,1
6761.0,0
6798.0,1
6798.5,0
6799.25,1
6799.5,0
6801.5,1
6801.75,0
6802.0,1
6803.5,0
6804.0,1
6804.75,0
6805.0,1
6805.75,0
6806.0,1
6806.25,0
6806.75,1
6807.5,0
6808.25,1
6808.75,0
6809.0,1
6809.25,0
6813.5,1
6813.75,0
6823.25,1
6823.5,0
6825.5,1
6825.75,0
6826.0,1
6827.25,0
6827.5,1
6827.75,0
6828.0,1
6828.25,0
6828.75,1
6829.5,0
6829.75,1
6830.75,0
6831.0,1
6832.5,0
6832.75,1
6833.0,0
6833.25,1
6833.5,0
6836.25,1
6836.5,0
6836.75,1
6837.0,0
6846.5,1
6847.5,0
6849.0,1
6850.0,0
6850.25,1
6851.25,0
6851.5,1
6853.75,0
6854.0,1
6854.25,0
6854.5,1
6854.75,0
6855.25,1
6855.75,0
6856.25,1
6857.5,0
6860.25,1
6860.5,0
6919.75,1
6920.0,0
6920.5,1
6921.0,0
6921.75,1
6922.0,0
6922.25,1
6922.75,0
6923.0,1
6924.5,0
6924.75,1
6925.0,0
6925.25,1
6928.75,0
6929.0,1
6929.25,0
6941.75,1
6942.0,0
6943.25,1
6944.0,0
6945.0,1
6948.25,0
6948.5,1
6950.75,0
6951.0,1
6953.0,0
6967.0,1
6967.25,0
6969.0,1
6970.5,0
6970.75,1
6971.25,0
6971.5,1
6972.5,0
6973.0,1
6973.25,0
6973.5,1
6974.0,0
6974.25,1
6976.0,0
6976.25,1
6977.25,0
6977.75,1
6978.0,0
6990.5,1
6991.0,0
6991.25,1
6991.75,0
6992.75,1
6993.25,0
6993.5,1
6994.0,0
6994.5,1
6994.75,0
6995.0,1
6995.5,0
6995.75,1
6996.75,0
6997.0,1
6997.75,0
6998.0,1
7000.5,0
7000.75,1
7001.0,0
7001.25,1
7001.5,0
7004.75,1
7005.0,0
7005.25,1
7005.5,0
7014.5,1
7015.0,0
7015.75,1
7016.5,0
7016.75,1
7017.0,0
7017.5,1
7018.75,0
7019.0,1
7020.75,0
7021.0,1
7023.5,0
7023.75,1
7024.5,0
7024.75,1
7025.25,0
7088.75,1
7089.0,0
7089.25,1
7090.0,0
7090.25,1
7091.0,0
7091.5,1
7091.75,0
7092.25,1
7092.75,0
7093.0,1
7094.5,0
7094.75,1
7097.5,0
7113.5,1
7114.5,0
7114.75,1
7116.25,0
7116.5,1
7116.75,0
7117.0,1
7117.75,0
7118.75,1
7121.5,0
7125.75,1
7126.0,0
7136.0,1
7136.5,0
7137.0,1
7139.25,0
7139.5,1
7140.0,0
7140.5,1
7140.75,0
7141.25,1
7141.75,0
7142.0,1
7142.5,0
7142.75,1
7143.0,0
7143.25,1
7144.25,0
7144.5,1
7145.0,0
7157.5,1
7157.75,0
7159.5,1
7159.75,0
7160.5,1
7161.25,0
7161.75,1
7163.75,0
7164.0,1
7164.25,0
7164.75,1
7165.75,0
7166.0,1
7166.5,0
7166.75,1
7167.25,0
7167.5,1
7169.25,0
7173.5,1
7173.75,0
7184.0,1
7184.25,0
7184.5,1
7184.75,0
7185.0,1
7185.25,0
7185.5,1
7188.0,0
7188.25,1
7189.75,0
7190.0,1
7190.75,0
7191.25,1
7192.0,0
7192.5,1
7193.0,0
7197.25,1
7197.5,0
7257.0,1
7257.25,0
7257.5,1
7260.25,0
7260.5,1
7260.75,0
7261.0,1
7262.0,0
7262.75,1
7263.0,0
7263.25,1
7265.0,0
7278.75,1
7279.0,0
7281.0,1
7282.0,0
7282.25,1
7282.75,0
7283.0,1
7284.0,0
7284.25,1
7284.5,0
7284.75,1
7285.75,0
7286.0,1
7286.25,0
7286.75,1
7287.25,0
7288.0,1
7288.75,0
7289.0,1
7289.25,0
7303.5,1
7304.0,0
7304.75,1
7305.0,0
7305.25,1
7305.5,0
7306.0,1
7307.5,0
7307.75,1
7308.75,0
7309.0,1
7310.5,0
7311.0,1
7312.5,0
7327.25,1
7327.5,0
7328.75,1
7329.75,0
7330.0,1
7330.5,0
7330.75,1
7331.75,0
7332.0,1
7332.5,0
7332.75,1
7334.75,0
7335.0,1
7336.75,0
7337.0,1
7337.25,0
7352.75,1
7353.0,0
7353.25,1
7353.75,0
7354.0,1
7357.75,0
7358.25,1
7361.25,0
7423.25,1
7423.5,0
7423.75,1
7424.0,0
7425.25,1
7426.75,0
7427.0,1
7428.5,0
7428.75,1
7429.5,0
7429.75,1
7431.75,0
7432.25,1
7432.75,0
7437.0,1
7437.25,0
7448.75,1
7451.5,0
7451.75,1
7452.0,0
7452.25,1
7453.0,0
7453.75,1
7456.0,0
7456.5,1
7457.0,0
7461.25,1
7461.5,0
7470.0,1
7470.25,0
7471.25,1
7471.5,0
7473.0,1
7474.75,0
7475.0,1
7479.0,0
7479.25,1
7480.5,0
7480.75,1
7481.0,0
7494.75,1
7495.0,0
7496.5,1
7496.75,0
7497.25,1
7497.75,0
7498.0,1
7499.5,0
7499.75,1
7500.5,0
7500.75,1
7503.0,0
7503.25,1
7504.75,0
7508.5,1
7508.75,0
7509.25,1
7509.5,0
7519.5,1
7520.0,0
7521.0,1
7521.5,0
7521.75,1
7524.5,0
7525.25,1
7528.25,0
7528.5,1
7529.25,0
7529.5,1
7529.75,0
7592.75,1
7595.75,0
7596.75,1
7597.25,0
7597.5,1
7597.75,0
7598.0,1
7599.25,0
7600.0,1
7600.25,0
7600.5,1
7600.75,0
7601.25,1
7601.5,0
7616.25,1
7616.5,0
7617.0,1
7618.0,0
7618.25,1
7618.75,0
7619.0,1
7619.5,0
7619.75,1
7622.25,0
7622.5,1
7622.75,0
7623.0,1
7624.0,0
7624.75,1
7625.25,0
7641.5,1
7642.0,0
7642.5,1
7643.0,0
7643.25,1
7644.0,0
7644.25,1
7644.5,0
7644.75,1
7646.0,0
7646.5,1
7647.0,0
7647.25,1
7648.5,0
7648.75,1
7649.0,0
7651.0,1
7651.25,0
7652.25,1
7652.5,0
7665.5,1
7666.0,0
7666.25,1
7667.5,0
7667.75,1
7670.0,0
7670.25,1
7670.75,0
7671.0,1
7672.0,0
7673.0,1
7673.25,0
7685.75,1
7686.0,0
7686.25,1
7686.5,0
7688.75,1
7689.25,0
7690.0,1
7690.25,0
7690.5,1
7690.75,0
7691.25,1
7692.0,0
7692.25,1
7693.75,0
7694.25,1
7695.5,0
7695.75,1
7696.75,0
7697.0,1
7697.25,0
7701.25,1
7701.5,0
7758.75,1
7759.0,0
7759.25,1
7759.5,0
7760.0,1
7760.25,0
7760.5,1
7761.0,0
7761.25,1
7764.5,0
7764.75,1
7766.0,0
7766.25,1
7767.5,0
7768.0,1
7769.25,0
7773.0,1
7773.25,0
7783.0,1
7783.25,0
7783.5,1
7783.75,0
7784.75,1
7787.25,0
7787.5,1
7788.0,0
7788.25,1
7789.75,0
7790.0,1
7792.25,0
7792.5,1
7792.75,0
7805.75,1
7806.0,0
7808.75,1
7811.5,0
7811.75,1
7812.0,0
7812.75,1
7813.25,0
7813.5,1
7814.25,0
7814.5,1
7815.0,0
7815.25,1
7815.5,0
7815.75,1
7817.0,0
7817.25,1
7817.5,0
7832.5,1
7832.75,0
7833.0,1
7833.5,0
7833.75,1
7834.25,0
7834.5,1
7836.75,0
7837.0,1
7838.5,0
7838.75,1
7840.5,0
7840.75,1
7841.0,0
7841.25,1
7841.5,0
7926.75,1
7927.0,0
7927.25,1
7927.5,0
7929.0,1
7932.0,0
7932.25,1
7933.75,0
7934.0,1
7935.5,0
7935.75,1
7936.25,0
7936.5,1
7937.25,0
7940.25,1
7940.5,0
7949.75,1
7950.0,0
7950.5,1
7951.0,0
7951.75,1
7952.0,0
7952.75,1
7953.5,0
7953.75,1
7954.25,0
7954.5,1
7955.5,0
7955.75,1
7956.0,0
7956.25,1
7957.0,0
7957.25,1
7958.0,0
7958.5,1
7959.25,0
7959.5,1
7959.75,0
7960.0,1
7960.5,0
7960.75,1
7961.25,0
7961.5,1
7961.75,0
7973.5,1
7973.75,0
7974.0,1
7974.25,0
7977.0,1
7977.75,0
7978.0,1
7978.25,0
7978.5,1
7978.75,0
7979.25,1
7980.5,0
7980.75,1
7981.5,0
7981.75,1
7983.25,0
7983.75,1
7984.0,0
7984.25,1
7985.0,0
8001.5,1
8002.0,0
8002.25,1
8002.5,0
8003.25,1
8004.0,0
8004.25,1
8005.0,0
8005.25,1
8006.25,0
8006.5,1
8007.0,0
8007.5,1
8009.25,0
8009.5,1
8009.75,0
8013.5,1
8013.75,0
8022.5,1
8022.75,0
8024.5,1
8024.75,0
8025.0,1
8028.5,0
8028.75,1
8029.5,0
8029.75,1
8030.25,0
8030.5,1
8033.0,0
8096.75,1
8099.0,0
8099.5,1
8101.5,0
8101.75,1
8102.25,0
8102.5,1
8103.5,0
8103.75,1
8105.25,0
8110.5,1
8110.75,0
8120.5,1
8120.75,0
8121.0,1
8122.25,0
8122.5,1
8122.75,0
8123.0,1
8124.0,0
8124.5,1
8125.0,0
8125.25,1
8125.75,0
8126.75,1
8127.5,0
8127.75,1
8128.0,0
8128.25,1
8129.25,0
8143.0,1
8143.25,0
8145.25,1
8145.5,0
8145.75,1
8148.25,0
8149.0,1
8150.0,0
8150.25,1
8152.5,0
8152.75,1
8153.25,0
8166.5,1
8166.75,0
8168.5,1
8169.5,0
8169.75,1
8171.0,0
8171.5,1
8171.75,0
8172.0,1
8173.25,0
8173.5,1
8176.25,0
8176.5,1
8177.25,0
8190.0,1
8190.25,0
8192.5,1
8193.0,0
8193.25,1
8193.5,0
8193.75,1
8194.0,0
8194.25,1
8195.5,0
8195.75,1
8197.75,0
8198.5,1
8199.25,0
8199.5,1
8201.0,0
8201.25,1
8201.5,0
8264.5,1
8265.5,0
8265.75,1
8267.75,0
8268.0,1
8270.5,0
8271.0,1
8273.25,0
8276.5,1
8276.75,0
8285.5,1
8285.75,0
8288.25,1
8288.75,0
8289.0,1
8290.5,0
8290.75,1
8291.25,0
8291.5,1
8291.75,0
8292.0,1
8292.5,0
8292.75,1
8296.5,0
8296.75,1
8297.0,0
8300.75,1
8301.0,0
8310.5,1
8311.25,0
8311.75,1
8312.0,0
8313.25,1
8316.5,0
8316.75,1
8317.25,0
8317.75,1
8318.5,0
8318.75,1
8320.75,0
8337.25,1
8337.75,0
8338.0,1
8341.5,0
8341.75,1
8343.0,0
8343.25,1
8343.5,0
8343.75,1
8344.0,0
8344.25,1
8345.25,0
8345.5,1
8345.75,0
8349.0,1
8349.5,0
8358.0,1
8358.5,0
8360.5,1
8360.75,0
8361.0,1
8363.0,0
8363.25,1
8364.0,0
8364.25,1
8366.5,0
8366.75,1
8368.75,0
8369.0,1
8369.25,0
8430.75,1
8431.0,0
8432.25,1
8432.5,0
8432.75,1
8433.0,0
8433.25,1
8433.5,0
8433.75,1
8435.5,0
8435.75,1
8436.25,0
8436.75,1
8439.5,0
8439.75,1
8440.5,0
8440.75,1
8441.25,0
8441.5,1
8441.75,0
8454.75,1
8455.0,0
8456.5,1
8456.75,0
8457.25,1
8460.0,0
8460.75,1
8461.0,0
8461.25,1
8462.5,0
8462.75,1
8463.25,0
8463.5,1
8464.0,0
8464.25,1
8464.75,0
8478.25,1
8478.5,0
8480.75,1
8481.0,0
8481.5,1
8483.5,0
8483.75,1
8485.25,0
8485.5,1
8487.25,0
8487.5,1
8489.0,0
8489.5,1
8489.75,0
8492.25,1
8492.5,0
8493.75,1
8494.0,0
8503.5,1
8503.75,0
8504.75,1
8505.0,0
8505.25,1
8509.0,0
8509.25,1
8510.5,0
8510.75,1
8511.5,0
8511.75,1
8512.0,0
8512.25,1
8512.75,0
8513.25,1
8513.75,0
8526.25,1
8526.5,0
8528.0,1
8529.25,0
8529.5,1
8530.25,0
8530.5,1
8533.5,0
8533.75,1
8534.0,0
8534.5,1
8537.5,0
8540.25,1
8540.5,0
8622.25,1
8622.5,0
8623.5,1
8623.75,0
8624.5,1
8624.75,0
8625.25,1
8625.5,0
8625.75,1
8626.25,0
8626.5,1
8628.25,0
8628.5,1
8629.25,0
8629.5,1
8629.75,0
8630.0,1
8632.25,0
8632.5,1
8633.0,0
8637.5,1
8637.75,0
8646.75,1
8647.25,0
8647.5,1
8648.0,0
8648.5,1
8649.0,0
8649.25,1
8649.5,0
8649.75,1
8650.5,0
8650.75,1
8651.5,0
8651.75,1
8652.0,0
8652.5,1
8653.0,0
8653.5,1
8653.75,0
8654.5,1
8657.0,0
8661.25,1
8661.5,0
8672.75,1
8673.0,0
8673.25,1
8673.75,0
8674.75,1
8675.75,0
8676.25,1
8677.0,0
8677.75,1
8679.75,0
8680.5,1
8681.25,0
8681.75,1
8682.25,0
8694.5,1
8694.75,0
8696.75,1
8697.0,0
8697.25,1
8699.0,0
8699.25,1
8700.0,0
8700.5,1
8701.25,0
8701.5,1
8702.0,0
8702.5,1
8703.75,0
8704.0,1
8704.75,0
8705.0,1
8705.25,0
8710.0,1
8710.25,0
