#1


float Room-122C (1189,2)
0.0,0
32.25,1
42.0,0
45.75,1
46.0,0
46.25,1
46.5,0
56.75,1
66.0,0
69.0,1
69.25,0
80.5,1
89.5,0
104.5,1
113.75,0
114.25,1
114.5,0
117.0,1
117.25,0
126.0,1
126.25,0
128.0,1
137.5,0
200.25,1
209.75,0
211.75,1
212.0,0
224.0,1
233.25,0
233.5,1
234.0,0
246.5,1
246.75,0
248.75,1
257.25,0
257.5,1
257.75,0
272.0,1
281.5,0
281.75,1
282.25,0
286.75,1
287.0,0
295.5,1
296.0,0
296.25,1
296.5,0
296.75,1
305.25,0
305.75,1
306.0,0
308.75,1
309.0,0
368.5,1
377.5,0
389.25,1
389.5,0
392.25,1
401.25,0
406.0,1
406.25,0
440.75,1
449.75,0
464.25,1
473.25,0
473.5,1
473.75,0
536.75,1
545.5,0
560.25,1
569.75,0
571.75,1
572.0,0
573.5,1
573.75,0
584.25,1
593.25,0
593.5,1
593.75,0
596.25,1
596.5,0
608.25,1
617.75,0
621.0,1
621.25,0
631.25,1
631.5,0
632.5,1
642.0,0
704.75,1
713.75,0
716.25,1
716.5,0
726.5,1
726.75,0
728.5,1
737.5,0
740.75,1
741.0,0
752.75,1
762.0,0
765.25,1
765.5,0
776.25,1
786.0,0
800.75,1
809.5,0
812.75,1
813.0,0
872.5,1
881.75,0
896.5,1
905.75,0
920.25,1
929.75,0
932.75,1
933.0,0
933.75,1
934.0,0
934.5,1
934.75,0
944.0,1
953.5,0
967.25,1
967.5,0
968.0,1
977.5,0
980.5,1
980.75,0
1038.5,1
1039.0,0
1040.0,1
1049.75,0
1052.5,1
1052.75,0
1063.0,1
1063.25,0
1064.5,1
1073.5,0
1077.25,1
1077.75,0
1112.75,1
1121.25,0
1124.75,1
1125.0,0
1136.5,1
1146.25,0
1206.25,1
1206.5,0
1208.25,1
1217.5,0
1221.75,1
1222.0,0
1232.25,1
1241.5,0
1243.75,1
1244.0,0
1256.25,1
1266.25,0
1278.0,1
1278.25,0
1279.75,1
1280.0,0
1280.25,1
1289.75,0
1290.0,1
1290.75,0
1293.25,1
1293.5,0
1304.5,1
1313.25,0
1313.5,1
1313.75,0
1318.0,1
1318.25,0
1374.5,1
1374.75,0
1376.75,1
1385.5,0
1390.0,1
1390.25,0
1390.5,1
1390.75,0
1400.25,1
1410.0,0
1423.25,1
1423.5,0
1424.75,1
1433.5,0
1437.25,1
1437.5,0
1448.5,1
1457.5,0
1459.75,1
1460.0,0
1460.75,1
1461.0,0
1470.25,1
1470.5,0
1472.25,1
1481.25,0
1481.5,1
1481.75,0
1484.75,1
1485.0,0
1544.75,1
1553.5,0
1568.25,1
1578.0,0
1592.5,1
1601.75,0
1615.75,1
1625.5,0
1637.25,1
1637.5,0
1640.0,1
1650.25,0
1712.75,1
1721.75,0
1736.25,1
1745.5,0
1760.5,1
1770.0,0
1771.75,1
1772.0,0
1783.5,1
1783.75,0
1784.0,1
1793.75,0
1808.5,1
1817.75,0
1820.25,1
1820.5,0
1821.75,1
1822.0,0
1880.0,1
1880.5,0
1880.75,1
1889.75,0
1893.25,1
1893.75,0
1904.75,1
1913.5,0
1927.5,1
1927.75,0
1928.5,1
1937.5,0
1937.75,1
1938.0,0
1952.75,1
1961.75,0
1975.25,1
1975.5,0
1976.5,1
1985.25,0
1985.5,1
1985.75,0
1989.25,1
1989.5,0
2048.25,1
2057.75,0
2058.0,1
2058.25,0
2071.75,1
2072.0,0
2072.25,1
2081.5,0
2096.5,1
2106.25,0
2108.75,1
2109.0,0
2109.25,1
2109.5,0
2120.5,1
2129.75,0
2130.0,1
2130.25,0
2144.25,1
2144.75,0
2145.0,1
2153.75,0
2155.5,1
2155.75,0
2156.75,1
2157.0,0
2215.25,1
2215.5,0
2216.25,1
2225.5,0
2237.5,1
2237.75,0
2238.75,1
2239.0,0
2239.25,1
2239.5,0
2240.5,1
2250.0,0
2252.75,1
2253.0,0
2253.5,1
2253.75,0
2264.5,1
2273.25,0
2287.0,1
2287.25,0
2287.75,1
2297.25,0
2300.75,1
2301.0,0
2312.0,1
2312.25,0
2312.5,1
2321.5,0
2321.75,1
2322.25,0
2383.0,1
2383.25,0
2384.5,1
2393.25,0
2393.5,1
2393.75,0
2397.5,1
2397.75,0
2406.75,1
2407.0,0
2407.5,1
2407.75,0
2408.25,1
2417.75,0
2432.5,1
2441.5,0
2453.75,1
2454.0,0
2455.75,1
2456.0,0
2456.25,1
2465.25,0
2480.25,1
2489.5,0
2490.0,1
2490.25,0
2552.25,1
2561.25,0
2561.5,1
2561.75,0
2576.25,1
2585.75,0
2588.25,1
2588.5,0
2589.0,1
2589.25,0
2599.5,1
2599.75,0
2600.25,1
2610.0,0
2613.5,1
2613.75,0
2624.25,1
2633.5,0
2648.25,1
2657.75,0
2658.25,1
2658.5,0
2721.0,1
2730.0,0
2744.25,1
2753.25,0
2768.75,1
2777.5,0
2777.75,1
2778.25,0
2781.0,1
2781.25,0
2792.0,1
2801.75,0
2802.0,1
2802.25,0
2813.0,1
2813.25,0
2814.75,1
2815.25,0
2816.5,1
2825.5,0
2828.75,1
2829.0,0
2886.0,1
2886.25,0
2888.25,1
2897.75,0
2910.25,1
2910.5,0
2912.75,1
2922.0,0
2925.5,1
2925.75,0
2936.5,1
2945.75,0
2948.5,1
2948.75,0
2958.25,1
2958.5,0
2960.75,1
2969.75,0
2970.0,1
2970.25,0
2971.75,1
2972.0,0
2972.75,1
2973.0,0
2984.25,1
2984.75,0
2985.0,1
2994.0,0
2996.75,1
2997.0,0
2997.75,1
2998.0,0
3055.25,1
3055.5,0
3056.5,1
3065.75,0
3069.0,1
3069.25,0
3080.5,1
3090.0,0
3091.5,1
3091.75,0
3103.25,1
3103.5,0
3104.0,1
3114.25,0
3114.75,1
3115.0,0
3117.5,1
3118.0,0
3128.25,1
3128.5,0
3128.75,1
3138.0,0
3151.75,1
3152.0,0
3152.25,1
3162.0,0
3224.25,1
3234.0,0
3237.0,1
3237.25,0
3248.5,1
3258.0,0
3271.5,1
3271.75,0
3272.0,1
3272.25,0
3272.5,1
3281.75,0
3284.5,1
3284.75,0
3285.5,1
3285.75,0
3295.0,1
3295.25,0
3296.0,1
3306.5,0
3320.25,1
3329.25,0
3332.0,1
3332.25,0
3392.25,1
3401.75,0
3416.75,1
3425.25,0
3429.25,1
3429.5,0
3440.0,1
3440.25,0
3440.5,1
3449.25,0
3464.25,1
3473.5,0
3488.0,1
3497.75,0
3558.25,1
3558.5,0
3559.25,1
3559.5,0
3560.5,1
3569.5,0
3569.75,1
3570.0,0
3606.25,1
3606.5,0
3606.75,1
3607.0,0
3608.5,1
3618.75,0
3632.5,1
3642.0,0
3656.75,1
3665.5,0
3726.0,1
3726.5,0
3728.25,1
3738.25,0
3740.0,1
3740.25,0
3752.0,1
3761.5,0
3776.25,1
3776.5,0
3776.75,1
3785.75,0
3800.5,1
3809.5,0
3822.75,1
3823.0,0
3824.25,1
3824.5,0
3825.0,1
3834.25,0
3837.25,1
3837.5,0
3893.75,1
3894.0,0
3894.25,1
3894.5,0
3896.25,1
3905.25,0
3920.5,1
3929.75,0
3942.25,1
3942.5,0
3943.25,1
3943.5,0
3944.25,1
3953.75,0
3968.25,1
3977.75,0
3978.0,1
3978.25,0
3992.0,1
4001.5,0
4005.5,1
4005.75,0
4064.0,1
4074.0,0
4076.5,1
4076.75,0
4087.75,1
4097.75,0
4101.5,1
4101.75,0
4102.5,1
4102.75,0
4112.25,1
4121.75,0
4135.25,1
4135.5,0
4135.75,1
4136.0,0
4136.75,1
4145.25,0
4145.5,1
4146.25,0
4160.5,1
4169.5,0
4232.5,1
4241.5,0
4244.0,1
4244.25,0
4256.5,1
4266.0,0
4278.5,1
4278.75,0
4280.25,1
4280.5,0
4280.75,1
4289.5,0
4304.25,1
4313.5,0
4326.75,1
4327.0,0
4328.25,1
4337.5,0
4339.75,1
4340.0,0
4341.25,1
4341.5,0
4401.0,1
4410.0,0
4448.25,1
4448.5,0
4448.75,1
4457.25,0
4457.5,1
4457.75,0
4460.5,1
4460.75,0
4461.75,1
4462.0,0
4462.25,1
4462.5,0
4471.5,1
4471.75,0
4472.25,1
4481.75,0
4495.0,1
4495.25,0
4495.5,1
4495.75,0
4496.25,1
4505.5,0
4568.5,1
4577.5,0
4579.75,1
4580.0,0
4580.5,1
4581.0,0
4581.5,1
4581.75,0
4592.5,1
4602.25,0
4604.0,1
4604.5,0
4614.75,1
4615.25,0
4616.25,1
4625.5,0
4628.75,1
4629.0,0
4629.25,1
4629.5,0
4629.75,1
4630.0,0
4640.5,1
4649.5,0
4650.0,1
4650.25,0
4663.25,1
4663.5,0
4663.75,1
4664.0,0
4664.5,1
4673.75,0
4677.25,1
4677.75,0
4734.25,1
4734.5,0
4736.5,1
4745.5,0
4749.75,1
4750.0,0
4759.0,1
4759.25,0
4760.75,1
4770.0,0
4783.75,1
4784.0,0
4784.25,1
4793.75,0
4808.5,1
4817.75,0
4820.0,1
4820.25,0
4822.0,1
4822.25,0
4832.25,1
4841.0,0
4841.25,1
4841.5,0
4904.5,1
4913.25,0
4928.5,1
4937.5,0
4941.25,1
4941.5,0
4952.5,1
4961.75,0
4976.5,1
4986.0,0
5000.0,1
5009.75,0
5072.75,1
5081.5,0
5094.0,1
5094.25,0
5096.25,1
5105.75,0
5118.25,1
5118.5,0
5120.5,1
5129.5,0
5133.25,1
5133.5,0
5144.25,1
5144.5,0
5144.75,1
5153.25,0
5157.75,1
5158.0,0
5167.75,1
5168.0,0
5168.25,1
5178.0,0
5180.25,1
5180.5,0
5240.5,1
5249.25,0
5264.0,1
5264.5,0
5264.75,1
5274.25,0
5276.0,1
5276.25,0
5276.5,1
5277.0,0
5288.0,1
5297.0,0
5297.25,1
5297.75,0
5312.25,1
5321.25,0
5321.5,1
5322.25,0
5325.75,1
5326.0,0
5334.0,1
5334.5,0
5335.5,1
5335.75,0
5336.25,1
5345.5,0
5346.0,1
5346.25,0
5348.75,1
5349.0,0
5408.25,1
5417.25,0
5432.5,1
5441.25,0
5456.5,1
5465.75,0
5468.75,1
5469.25,0
5480.0,1
5480.5,0
5481.0,1
5489.25,0
5489.75,1
5490.0,0
5492.5,1
5492.75,0
5504.0,1
5504.25,0
5504.75,1
5513.5,0
5575.5,1
5576.0,0
5576.5,1
5585.5,0
5599.0,1
5599.25,0
5600.5,1
5609.75,0
5624.25,1
5633.25,0
5633.5,1
5633.75,0
5648.5,1
5657.75,0
5660.0,1
5660.25,0
5661.25,1
5661.5,0
5672.25,1
5681.5,0
5744.5,1
5754.0,0
5754.75,1
5755.0,0
5757.0,1
5757.25,0
5757.75,1
5758.0,0
5767.25,1
5767.5,0
5768.25,1
5768.5,0
5768.75,1
5778.0,0
5781.75,1
5782.0,0
5790.75,1
5791.0,0
5792.25,1
5802.25,0
5816.25,1
5816.5,0
5816.75,1
5825.25,0
5825.5,1
5826.0,0
5831.75,1
5832.0,0
5836.25,1
5836.5,0
5840.25,1
5849.75,0
5853.75,1
5854.0,0
5854.25,1
5854.5,0
5912.25,1
5921.75,0
5924.25,1
5924.5,0
5956.75,1
5957.0,0
5959.0,1
5959.25,0
5960.25,1
5969.25,0
5984.25,1
5994.0,0
5997.0,1
5997.25,0
6008.25,1
6017.75,0
6079.5,1
6079.75,0
6080.5,1
6089.5,0
6091.25,1
6091.5,0
6105.0,1
6113.25,0
6113.5,1
6113.75,0
6128.25,1
6138.75,0
6141.25,1
6141.5,0
6151.0,1
6151.25,0
6152.5,1
6161.25,0
6161.5,1
6162.0,0
6174.25,1
6174.5,0
6175.25,1
6175.5,0
6176.25,1
6185.25,0
6246.75,1
6247.0,0
6248.25,1
6257.5,0
6257.75,1
6258.0,0
6272.5,1
6281.25,0
6284.75,1
6285.0,0
6296.25,1
6306.5,0
6308.75,1
6309.0,0
6309.75,1
6310.0,0
6320.5,1
6329.75,0
6343.0,1
6343.25,0
6344.75,1
6353.25,0
6353.5,1
6353.75,0
6416.75,1
6425.75,0
6428.5,1
6428.75,0
6440.75,1
6449.75,0
6461.75,1
6462.0,0
6464.25,1
6473.75,0
6476.0,1
6476.25,0
6478.25,1
6478.5,0
6487.75,1
6488.25,0
6488.5,1
6497.5,0
6501.25,1
6501.5,0
6510.25,1
6510.5,0
6512.25,1
6522.0,0
6584.25,1
6593.75,0
6608.25,1
6608.5,0
6609.0,1
6617.5,0
6618.0,1
6618.5,0
6620.75,1
6621.0,0
6621.75,1
6622.0,0
6632.25,1
6642.0,0
6645.0,1
6645.25,0
6656.75,1
6665.75,0
6667.75,1
6668.0,0
6676.5,1
6676.75,0
6678.25,1
6678.5,0
6680.75,1
6690.0,0
6749.75,1
6750.0,0
6750.25,1
6750.5,0
6752.5,1
6761.25,0
6764.0,1
6764.25,0
6766.25,1
6766.5,0
6800.25,1
6809.5,0
6824.75,1
6833.5,0
6837.0,1
6837.25,0
6846.0,1
6846.25,0
6848.75,1
6857.0,0
6920.5,1
6930.25,0
6942.5,1
6942.75,0
6944.0,1
6944.5,0
6944.75,1
6953.25,0
6956.25,1
6956.5,0
6968.25,1
6977.25,0
6977.5,1
6977.75,0
6989.5,1
6989.75,0
6991.0,1
6991.25,0
6992.5,1
7001.5,0
7004.75,1
7005.25,0
7015.5,1
7015.75,0
7016.5,1
7025.75,0
7028.5,1
7028.75,0
7088.5,1
7097.5,0
7112.25,1
7112.5,0
7112.75,1
7121.75,0
7136.25,1
7136.5,0
7136.75,1
7145.5,0
7159.75,1
7169.25,0
7169.5,1
7169.75,0
7184.5,1
7193.5,0
7256.5,1
7265.5,0
7279.0,1
7279.25,0
7280.25,1
7289.0,0
7289.25,1
7289.5,0
7303.75,1
7304.25,0
7304.5,1
7304.75,0
7305.0,1
7313.75,0
7327.0,1
7327.25,0
7328.0,1
7328.5,0
7328.75,1
7337.25,0
7339.25,1
7339.5,0
7341.5,1
7341.75,0
7351.0,1
7351.25,0
7352.25,1
7361.25,0
7361.5,1
7361.75,0
7424.75,1
7433.5,0
7448.25,1
7457.75,0
7473.0,1
7481.25,0
7481.5,1
7481.75,0
7496.0,1
7505.5,0
7508.75,1
7509.0,0
7509.75,1
7510.0,0
7520.0,1
7529.0,0
7529.25,1
7529.75,0
7531.25,1
7531.5,0
7591.75,1
7592.0,0
7592.75,1
7600.75,0
7616.0,1
7626.0,0
7628.0,1
7628.25,0
7640.75,1
7649.75,0
7653.25,1
7653.5,0
7664.25,1
7673.5,0
7685.75,1
7686.0,0
7686.5,1
7686.75,0
7688.5,1
7697.25,0
7760.5,1
7769.5,0
7782.0,1
7782.25,0
7783.5,1
7783.75,0
7784.5,1
7794.0,0
7796.75,1
7797.0,0
7807.75,1
7808.0,0
7808.5,1
7818.0,0
7822.25,1
7822.5,0
7832.25,1
7842.0,0
7845.5,1
7845.75,0
7928.75,1
7937.75,0
7952.75,1
7962.0,0
7964.5,1
7964.75,0
7974.75,1
7975.0,0
7976.25,1
7985.5,0
7990.0,1
7990.25,0
8000.5,1
8009.5,0
8009.75,1
8010.0,0
8024.25,1
8034.5,0
8036.25,1
8036.5,0
8096.5,1
8105.5,0
8119.75,1
8129.75,0
8132.25,1
8132.5,0
8133.75,1
8134.0,0
8144.5,1
8153.75,0
8154.75,1
8155.0,0
8167.75,1
8178.25,0
8189.75,1
8190.0,0
8192.25,1
8201.75,0
8256.75,1
8257.0,0
8264.5,1
8273.5,0
8273.75,1
8274.75,0
8275.5,1
8275.75,0
8276.25,1
8276.5,0
8288.5,1
8297.75,0
8310.75,1
8311.0,0
8312.0,1
8312.25,0
8312.75,1
8321.5,0
8324.75,1
8325.0,0
8336.25,1
8346.5,0
8347.75,1
8348.0,0
8348.75,1
8349.0,0
8360.5,1
8370.0,0
8371.75,1
8372.0,0
8373.0,1
8373.25,0
8432.25,1
8441.75,0
8445.0,1
8445.25,0
8446.0,1
8446.25,0
8456.5,1
8465.25,0
8480.5,1
8489.5,0
8491.75,1
8492.0,0
8493.75,1
8494.0,0
8504.75,1
8513.5,0
8516.5,1
8516.75,0
8528.5,1
8538.0,0
8539.75,1
8540.0,0
8624.25,1
8624.75,0
8625.0,1
8633.5,0
8637.75,1
8638.0,0
8648.0,1
8648.5,0
8648.75,1
8657.5,0
8672.25,1
8681.25,0
8696.75,1
8705.5,0
8705.75,1
8706.0,0
