#1


float Room-331 (4361,2)
0.0,0
33.0,1
34.0,0
34.5,1
38.0,0
38.25,1
38.75,0
39.0,1
41.5,0
55.25,1
55.5,0
56.5,1
56.75,0
57.5,1
57.75,0
58.0,1
58.75,0
59.0,1
59.25,0
59.5,1
60.25,0
60.5,1
60.75,0
61.25,1
62.25,0
63.25,1
64.25,0
65.0,1
65.25,0
69.25,1
69.5,0
80.5,1
82.0,0
82.25,1
83.0,0
83.25,1
84.25,0
84.5,1
85.25,0
85.5,1
86.0,0
86.5,1
87.25,0
87.5,1
88.5,0
88.75,1
89.0,0
89.5,1
89.75,0
93.5,1
93.75,0
104.25,1
104.5,0
104.75,1
105.0,0
105.75,1
107.25,0
107.75,1
109.0,0
109.25,1
109.75,0
110.0,1
111.0,0
111.25,1
113.0,0
127.5,1
127.75,0
128.75,1
129.0,0
129.25,1
130.0,0
130.25,1
130.5,0
131.0,1
131.5,0
131.75,1
132.0,0
132.25,1
133.0,0
133.25,1
134.0,0
134.25,1
137.0,0
140.75,1
141.0,0
142.0,1
142.25,0
198.25,1
198.5,0
198.75,1
199.0,0
200.0,1
200.25,0
201.25,1
202.75,0
203.0,1
204.0,0
204.25,1
205.0,0
205.5,1
205.75,0
206.25,1
206.75,0
207.0,1
207.5,0
208.0,1
209.0,0
224.25,1
224.5,0
225.0,1
225.25,0
225.75,1
229.75,0
230.0,1
230.25,0
230.5,1
230.75,0
231.0,1
232.25,0
232.5,1
233.0,0
233.25,1
233.5,0
236.5,1
236.75,0
248.75,1
250.0,0
250.25,1
251.75,0
252.0,1
253.0,0
253.5,1
253.75,0
254.0,1
255.0,0
255.25,1
255.5,0
255.75,1
256.5,0
256.75,1
257.0,0
257.25,1
257.5,0
261.25,1
261.75,0
269.5,1
269.75,0
271.25,1
271.5,0
273.0,1
273.5,0
273.75,1
276.5,0
277.0,1
277.25,0
277.75,1
278.25,0
278.5,1
280.25,0
280.5,1
280.75,0
295.0,1
295.25,0
295.5,1
296.0,0
296.75,1
297.0,0
297.25,1
297.5,0
297.75,1
301.75,0
302.25,1
304.5,0
304.75,1
305.5,0
366.75,1
367.0,0
368.25,1
368.5,0
369.0,1
371.5,0
371.75,1
372.25,0
372.5,1
372.75,0
373.0,1
373.5,0
373.75,1
374.5,0
374.75,1
376.5,0
376.75,1
377.75,0
390.5,1
390.75,0
392.5,1
392.75,0
393.5,1
394.0,0
394.25,1
395.0,0
395.25,1
395.5,0
395.75,1
396.5,0
397.0,1
399.0,0
399.5,1
400.0,0
400.25,1
401.0,0
401.25,1
401.5,0
406.5,1
406.75,0
438.75,1
439.0,0
439.5,1
440.25,0
441.0,1
441.25,0
441.5,1
442.75,0
443.0,1
443.75,0
444.0,1
444.75,0
445.0,1
445.25,0
445.5,1
446.0,0
446.25,1
446.5,0
446.75,1
448.0,0
448.5,1
449.0,0
463.25,1
463.5,0
464.25,1
464.5,0
465.0,1
465.25,0
465.5,1
466.0,0
466.25,1
466.75,0
467.25,1
467.5,0
467.75,1
468.5,0
468.75,1
473.0,0
476.75,1
477.0,0
535.5,1
535.75,0
537.25,1
537.5,0
538.0,1
538.5,0
538.75,1
542.75,0
543.0,1
545.25,0
549.0,1
549.25,0
557.75,1
558.25,0
558.5,1
558.75,0
560.75,1
561.0,0
561.25,1
562.0,0
562.25,1
562.75,0
563.0,1
564.0,0
564.25,1
564.75,0
565.0,1
567.25,0
567.5,1
567.75,0
568.0,1
569.5,0
570.0,1
570.25,0
572.25,1
572.5,0
573.5,1
573.75,0
585.0,1
585.5,0
585.75,1
586.0,0
586.25,1
588.25,0
588.5,1
589.0,0
589.25,1
589.75,0
590.0,1
590.75,0
591.0,1
591.75,0
592.0,1
592.5,0
593.25,1
593.5,0
597.25,1
597.5,0
607.75,1
608.0,0
609.75,1
610.75,0
611.0,1
611.75,0
612.0,1
613.5,0
614.75,1
616.0,0
616.25,1
617.0,0
622.0,1
622.25,0
631.0,1
631.25,0
631.5,1
632.0,0
632.5,1
633.75,0
634.0,1
634.75,0
635.0,1
635.5,0
635.75,1
636.25,0
636.5,1
637.5,0
637.75,1
639.0,0
639.25,1
641.5,0
705.25,1
707.0,0
707.25,1
708.0,0
708.25,1
709.0,0
709.25,1
709.75,0
710.25,1
712.75,0
713.25,1
713.5,0
728.5,1
728.75,0
729.25,1
731.25,0
731.5,1
731.75,0
732.0,1
734.5,0
734.75,1
735.0,0
735.75,1
737.0,0
741.0,1
741.25,0
753.0,1
753.25,0
753.75,1
755.25,0
755.5,1
755.75,0
756.0,1
756.25,0
756.5,1
757.25,0
757.5,1
758.25,0
759.5,1
760.25,0
760.5,1
761.5,0
773.75,1
774.0,0
777.5,1
777.75,0
778.0,1
778.25,0
778.5,1
779.75,0
780.25,1
781.0,0
781.5,1
782.0,0
782.25,1
783.5,0
783.75,1
784.5,0
784.75,1
785.0,0
798.75,1
799.25,0
800.5,1
800.75,0
801.5,1
802.0,0
802.25,1
802.5,0
803.0,1
803.25,0
803.5,1
804.0,0
804.25,1
806.0,0
806.25,1
806.5,0
807.0,1
807.5,0
807.75,1
808.5,0
808.75,1
809.25,0
873.25,1
873.75,0
874.0,1
874.25,0
874.5,1
875.5,0
876.0,1
877.25,0
877.5,1
878.0,0
878.25,1
879.25,0
879.5,1
880.75,0
881.25,1
881.5,0
886.5,1
886.75,0
894.25,1
894.75,0
896.5,1
896.75,0
897.0,1
898.25,0
898.5,1
899.25,0
899.75,1
900.25,0
900.75,1
901.25,0
901.5,1
901.75,0
902.0,1
905.25,0
905.75,1
906.0,0
918.75,1
919.0,0
919.5,1
919.75,0
921.0,1
921.25,0
921.5,1
921.75,0
922.0,1
923.25,0
923.5,1
924.5,0
925.0,1
925.25,0
925.75,1
927.25,0
927.5,1
929.25,0
933.0,1
933.25,0
942.5,1
942.75,0
943.5,1
943.75,0
945.0,1
945.25,0
945.5,1
948.0,0
948.25,1
952.25,0
952.5,1
952.75,0
953.0,1
953.25,0
955.5,1
956.0,0
969.0,1
970.25,0
970.5,1
971.75,0
972.25,1
973.25,0
973.5,1
973.75,0
974.25,1
974.5,0
974.75,1
976.5,0
976.75,1
977.25,0
980.25,1
980.5,0
1038.5,1
1038.75,0
1039.5,1
1039.75,0
1040.5,1
1041.25,0
1041.5,1
1043.0,0
1043.5,1
1044.0,0
1044.25,1
1045.5,0
1045.75,1
1048.25,0
1048.5,1
1049.25,0
1064.0,1
1064.25,0
1064.75,1
1067.0,0
1067.25,1
1067.75,0
1068.0,1
1068.75,0
1069.0,1
1069.75,0
1070.0,1
1070.5,0
1070.75,1
1072.75,0
1078.25,1
1078.5,0
1111.75,1
1112.0,0
1113.25,1
1114.5,0
1114.75,1
1115.25,0
1115.5,1
1117.25,0
1117.5,1
1118.5,0
1118.75,1
1119.0,0
1119.25,1
1120.0,0
1120.25,1
1121.25,0
1123.75,1
1124.0,0
1133.75,1
1134.0,0
1137.25,1
1138.25,0
1138.75,1
1139.0,0
1139.25,1
1140.5,0
1140.75,1
1141.25,0
1141.5,1
1142.75,0
1143.0,1
1145.25,0
1205.5,1
1205.75,0
1209.0,1
1209.25,0
1209.5,1
1211.75,0
1212.0,1
1215.0,0
1215.25,1
1216.0,0
1216.25,1
1216.5,0
1216.75,1
1217.0,0
1230.25,1
1230.5,0
1231.5,1
1232.0,0
1232.75,1
1233.0,0
1233.25,1
1238.75,0
1239.0,1
1239.75,0
1240.0,1
1241.25,0
1241.5,1
1241.75,0
1255.0,1
1255.25,0
1255.75,1
1256.0,0
1256.5,1
1256.75,0
1257.0,1
1257.75,0
1258.0,1
1259.0,0
1259.5,1
1263.0,0
1263.25,1
1264.75,0
1269.0,1
1269.25,0
1273.5,1
1273.75,0
1275.75,1
1276.0,0
1278.5,1
1278.75,0
1279.5,1
1279.75,0
1280.75,1
1281.5,0
1281.75,1
1282.0,0
1282.25,1
1282.5,0
1282.75,1
1285.25,0
1285.75,1
1286.25,0
1286.5,1
1286.75,0
1287.0,1
1287.75,0
1288.0,1
1289.25,0
1292.75,1
1293.0,0
1302.5,1
1302.75,0
1303.5,1
1303.75,0
1304.0,1
1304.25,0
1304.5,1
1305.0,0
1305.25,1
1305.5,0
1305.75,1
1306.5,0
1307.0,1
1308.0,0
1308.25,1
1309.25,0
1309.5,1
1309.75,0
1310.0,1
1310.75,0
1311.0,1
1313.5,0
1316.25,1
1316.5,0
1316.75,1
1317.0,0
1375.0,1
1375.25,0
1376.75,1
1377.25,0
1377.5,1
1377.75,0
1378.0,1
1378.25,0
1378.5,1
1379.5,0
1380.0,1
1381.25,0
1381.5,1
1382.5,0
1382.75,1
1385.0,0
1399.0,1
1399.25,0
1401.25,1
1401.75,0
1402.0,1
1404.25,0
1404.5,1
1405.0,0
1405.25,1
1405.5,0
1405.75,1
1406.25,0
1406.5,1
1408.75,0
1423.25,1
1423.5,0
1425.0,1
1427.5,0
1427.75,1
1428.5,0
1428.75,1
1430.25,0
1430.5,1
1432.75,0
1433.0,1
1433.25,0
1438.0,1
1438.25,0
1447.0,1
1447.25,0
1449.25,1
1449.75,0
1450.25,1
1452.0,0
1452.25,1
1453.25,0
1454.0,1
1455.0,0
1455.25,1
1455.75,0
1456.25,1
1457.0,0
1460.5,1
1460.75,0
1470.0,1
1470.25,0
1471.5,1
1471.75,0
1472.0,1
1472.5,0
1473.5,1
1474.25,0
1474.5,1
1476.25,0
1476.75,1
1478.75,0
1479.0,1
1479.25,0
1479.5,1
1480.75,0
1481.0,1
1481.5,0
1543.75,1
1544.0,0
1545.0,1
1546.0,0
1546.5,1
1547.75,0
1548.0,1
1549.0,0
1549.25,1
1549.75,0
1550.25,1
1551.0,0
1551.25,1
1552.25,0
1552.5,1
1552.75,0
1569.5,1
1570.75,0
1571.0,1
1572.75,0
1573.0,1
1573.25,0
1574.0,1
1574.25,0
1574.5,1
1576.25,0
1576.5,1
1577.75,0
1580.25,1
1580.5,0
1590.0,1
1590.5,0
1594.25,1
1597.0,0
1597.25,1
1597.5,0
1597.75,1
1599.0,0
1599.25,1
1600.75,0
1601.0,1
1601.25,0
1614.5,1
1614.75,0
1615.25,1
1615.5,0
1616.75,1
1617.25,0
1617.5,1
1617.75,0
1618.25,1
1619.5,0
1619.75,1
1620.5,0
1621.25,1
1621.75,0
1622.0,1
1623.75,0
1624.25,1
1625.0,0
1625.25,1
1625.5,0
1637.5,1
1637.75,0
1638.75,1
1639.0,0
1641.25,1
1641.75,0
1642.0,1
1642.25,0
1642.5,1
1643.25,0
1643.5,1
1643.75,0
1644.0,1
1645.5,0
1645.75,1
1646.25,0
1646.5,1
1649.25,0
1713.25,1
1713.5,0
1713.75,1
1715.0,0
1715.25,1
1716.0,0
1716.25,1
1717.25,0
1717.75,1
1721.0,0
1721.75,1
1722.0,0
1722.25,1
1722.5,0
1723.0,1
1723.25,0
1724.25,1
1724.5,0
1734.25,1
1734.5,0
1734.75,1
1735.0,0
1736.75,1
1737.5,0
1737.75,1
1739.0,0
1739.25,1
1739.5,0
1739.75,1
1742.0,0
1742.5,1
1744.0,0
1744.25,1
1744.5,0
1744.75,1
1745.0,0
1760.0,1
1760.25,0
1761.0,1
1761.25,0
1761.75,1
1764.25,0
1764.5,1
1764.75,0
1765.0,1
1765.75,0
1766.0,1
1767.0,0
1767.25,1
1768.75,0
1783.0,1
1783.25,0
1784.0,1
1784.5,0
1785.25,1
1786.25,0
1786.5,1
1788.25,0
1788.5,1
1789.5,0
1790.0,1
1790.5,0
1790.75,1
1791.0,0
1791.25,1
1791.5,0
1792.25,1
1792.5,0
1792.75,1
1793.0,0
1809.0,1
1814.25,0
1814.5,1
1815.25,0
1815.75,1
1817.25,0
1817.5,1
1817.75,0
1818.0,1
1818.25,0
1822.25,1
1822.5,0
1880.5,1
1880.75,0
1881.75,1
1882.25,0
1882.5,1
1883.0,0
1883.5,1
1884.25,0
1884.5,1
1885.25,0
1885.75,1
1887.25,0
1887.75,1
1888.0,0
1888.25,1
1888.75,0
1889.0,1
1889.25,0
1905.0,1
1905.25,0
1905.5,1
1907.25,0
1907.5,1
1908.5,0
1909.0,1
1909.75,0
1910.5,1
1911.25,0
1911.75,1
1912.5,0
1912.75,1
1913.25,0
1913.75,1
1914.0,0
1925.25,1
1925.75,0
1926.5,1
1926.75,0
1927.25,1
1927.5,0
1928.75,1
1929.0,0
1929.25,1
1931.75,0
1932.0,1
1933.0,0
1933.25,1
1937.25,0
1950.75,1
1951.0,0
1953.0,1
1957.0,0
1957.25,1
1958.25,0
1958.5,1
1959.5,0
1959.75,1
1960.25,0
1960.5,1
1961.0,0
1965.75,1
1966.0,0
1975.0,1
1975.25,0
1975.5,1
1975.75,0
1977.0,1
1978.5,0
1978.75,1
1979.0,0
1979.25,1
1979.5,0
1979.75,1
1981.0,0
1981.25,1
1981.5,0
1981.75,1
1982.0,0
1982.25,1
1983.0,0
1983.25,1
1985.0,0
2048.25,1
2048.75,0
2049.0,1
2049.5,0
2049.75,1
2050.5,0
2050.75,1
2053.5,0
2053.75,1
2056.25,0
2057.0,1
2057.25,0
2071.5,1
2071.75,0
2073.25,1
2074.0,0
2074.5,1
2075.0,0
2075.25,1
2075.5,0
2075.75,1
2076.75,0
2077.0,1
2078.0,0
2078.25,1
2078.75,0
2079.0,1
2080.5,0
2081.0,1
2081.25,0
2083.25,1
2083.5,0
2084.75,1
2085.0,0
2085.5,1
2085.75,0
2095.5,1
2095.75,0
2097.0,1
2100.25,0
2100.5,1
2101.5,0
2101.75,1
2102.5,0
2103.5,1
2104.0,0
2104.5,1
2105.25,0
2107.75,1
2108.0,0
2120.5,1
2120.75,0
2121.0,1
2121.25,0
2121.75,1
2122.75,0
2123.0,1
2125.25,0
2125.5,1
2129.75,0
2133.25,1
2133.5,0
2134.75,1
2135.0,0
2144.0,1
2144.25,0
2144.5,1
2145.0,0
2145.25,1
2145.5,0
2145.75,1
2146.75,0
2147.0,1
2147.5,0
2147.75,1
2150.0,0
2150.25,1
2151.25,0
2151.5,1
2153.0,0
2153.25,1
2153.5,0
2213.5,1
2213.75,0
2215.0,1
2215.25,0
2215.5,1
2215.75,0
2217.0,1
2221.5,0
2221.75,1
2222.25,0
2222.75,1
2223.75,0
2224.0,1
2225.25,0
2229.75,1
2230.0,0
2238.75,1
2239.0,0
2241.0,1
2242.0,0
2242.25,1
2242.5,0
2242.75,1
2244.0,0
2244.25,1
2246.0,0
2246.25,1
2248.0,0
2248.25,1
2248.5,0
2248.75,1
2249.0,0
2251.5,1
2251.75,0
2265.25,1
2265.5,0
2265.75,1
2267.0,0
2267.25,1
2268.5,0
2268.75,1
2269.5,0
2270.25,1
2270.5,0
2270.75,1
2273.0,0
2277.5,1
2277.75,0
2286.25,1
2286.5,0
2286.75,1
2287.0,0
2288.25,1
2288.5,0
2288.75,1
2289.0,0
2289.25,1
2291.0,0
2291.5,1
2291.75,0
2292.0,1
2292.5,0
2292.75,1
2294.5,0
2294.75,1
2295.75,0
2296.0,1
2297.5,0
2300.25,1
2300.5,0
2312.5,1
2314.0,0
2314.25,1
2315.25,0
2315.5,1
2315.75,0
2316.0,1
2316.5,0
2316.75,1
2317.0,0
2317.25,1
2317.5,0
2317.75,1
2318.25,0
2319.0,1
2319.25,0
2319.5,1
2321.25,0
2384.0,1
2384.25,0
2384.75,1
2385.25,0
2385.5,1
2386.0,0
2386.25,1
2387.25,0
2387.75,1
2388.25,0
2388.5,1
2392.0,0
2392.25,1
2392.75,0
2393.25,1
2393.5,0
2398.5,1
2398.75,0
2407.5,1
2407.75,0
2409.0,1
2410.5,0
2411.0,1
2411.25,0
2411.5,1
2413.0,0
2413.25,1
2413.75,0
2414.25,1
2414.5,0
2414.75,1
2415.5,0
2415.75,1
2417.0,0
2417.25,1
2417.5,0
2420.75,1
2421.0,0
2430.25,1
2430.5,0
2431.0,1
2431.25,0
2432.0,1
2432.25,0
2432.5,1
2433.0,0
2433.5,1
2433.75,0
2434.0,1
2434.25,0
2434.5,1
2435.25,0
2435.5,1
2436.5,0
2437.0,1
2437.25,0
2437.75,1
2438.25,0
2438.75,1
2439.25,0
2439.5,1
2440.25,0
2440.5,1
2440.75,0
2441.0,1
2441.5,0
2454.5,1
2454.75,0
2455.0,1
2455.25,0
2455.75,1
2456.0,0
2456.75,1
2457.0,0
2457.25,1
2457.5,0
2457.75,1
2459.5,0
2459.75,1
2463.25,0
2463.75,1
2464.0,0
2464.25,1
2465.0,0
2465.5,1
2466.0,0
2479.75,1
2480.25,0
2481.0,1
2481.25,0
2481.5,1
2484.0,0
2484.25,1
2486.5,0
2486.75,1
2489.25,0
2492.5,1
2492.75,0
2550.25,1
2550.5,0
2551.5,1
2551.75,0
2552.25,1
2552.5,0
2553.25,1
2554.0,0
2554.25,1
2557.25,0
2557.5,1
2558.5,0
2559.0,1
2559.75,0
2560.0,1
2560.5,0
2560.75,1
2561.0,0
2561.75,1
2562.0,0
2574.0,1
2574.25,0
2575.5,1
2576.0,0
2576.75,1
2577.0,0
2577.5,1
2578.25,0
2578.5,1
2578.75,0
2579.0,1
2581.25,0
2581.5,1
2583.0,0
2583.25,1
2583.5,0
2584.0,1
2585.25,0
2599.75,1
2600.0,0
2601.0,1
2602.0,0
2602.25,1
2602.5,0
2602.75,1
2605.25,0
2605.75,1
2606.25,0
2606.75,1
2607.0,0
2607.75,1
2608.5,0
2609.0,1
2609.25,0
2622.5,1
2622.75,0
2623.0,1
2623.25,0
2624.25,1
2624.5,0
2625.5,1
2626.25,0
2626.5,1
2627.5,0
2627.75,1
2628.0,0
2628.25,1
2629.5,0
2630.0,1
2632.25,0
2632.75,1
2634.0,0
2637.25,1
2637.5,0
2647.25,1
2647.5,0
2647.75,1
2648.0,0
2648.5,1
2651.75,0
2652.0,1
2652.25,0
2652.75,1
2653.25,0
2653.5,1
2654.25,0
2654.5,1
2655.25,0
2655.75,1
2656.5,0
2656.75,1
2657.5,0
2718.75,1
2719.0,0
2720.0,1
2720.75,0
2721.0,1
2721.25,0
2721.75,1
2722.75,0
2723.25,1
2723.75,0
2724.0,1
2724.5,0
2725.0,1
2725.25,0
2725.5,1
2726.5,0
2726.75,1
2729.5,0
2732.5,1
2732.75,0
2733.75,1
2734.0,0
2742.25,1
2743.0,0
2745.25,1
2749.75,0
2750.0,1
2751.0,0
2751.25,1
2751.75,0
2752.25,1
2753.0,0
2753.25,1
2753.5,0
2767.0,1
2767.25,0
2769.25,1
2771.5,0
2772.0,1
2774.0,0
2774.5,1
2775.0,0
2775.25,1
2776.75,0
2777.5,1
2777.75,0
2791.5,1
2791.75,0
2793.0,1
2793.25,0
2793.5,1
2794.5,0
2795.0,1
2796.75,0
2797.0,1
2799.75,0
2800.0,1
2800.25,0
2800.5,1
2801.25,0
2801.5,1
2801.75,0
2814.25,1
2814.5,0
2815.0,1
2815.25,0
2816.25,1
2816.5,0
2817.0,1
2820.75,0
2821.25,1
2824.25,0
2824.5,1
2825.0,0
2886.5,1
2886.75,0
2889.5,1
2890.0,0
2890.25,1
2891.75,0
2892.0,1
2892.75,0
2893.25,1
2893.5,0
2893.75,1
2895.25,0
2895.5,1
2896.0,0
2896.25,1
2896.5,0
2896.75,1
2897.0,0
2897.25,1
2897.5,0
2910.5,1
2910.75,0
2912.0,1
2912.5,0
2913.5,1
2914.0,0
2914.25,1
2914.5,0
2915.0,1
2916.0,0
2916.25,1
2918.0,0
2918.25,1
2919.75,0
2920.0,1
2920.5,0
2920.75,1
2921.0,0
2936.75,1
2937.25,0
2937.75,1
2939.75,0
2940.25,1
2940.5,0
2940.75,1
2942.25,0
2942.5,1
2943.5,0
2943.75,1
2944.0,0
2944.25,1
2944.5,0
2945.0,1
2945.25,0
2958.0,1
2958.25,0
2958.5,1
2959.0,0
2959.25,1
2959.5,0
2960.0,1
2960.5,0
2961.0,1
2961.25,0
2961.5,1
2962.5,0
2963.0,1
2963.25,0
2963.5,1
2965.0,0
2965.5,1
2966.0,0
2966.75,1
2967.5,0
2967.75,1
2968.75,0
2969.25,1
2969.75,0
2981.25,1
2981.5,0
2984.5,1
2984.75,0
2985.5,1
2985.75,0
2986.25,1
2988.0,0
2988.25,1
2989.0,0
2989.25,1
2990.0,0
2990.5,1
2992.25,0
2996.5,1
2996.75,0
3054.5,1
3054.75,0
3055.0,1
3055.25,0
3056.5,1
3057.0,0
3057.5,1
3060.5,0
3060.75,1
3061.0,0
3061.25,1
3061.75,0
3062.0,1
3063.25,0
3063.5,1
3064.25,0
3064.75,1
3065.0,0
3069.25,1
3069.5,0
3072.25,1
3072.5,0
3081.0,1
3081.25,0
3081.5,1
3085.75,0
3086.0,1
3088.0,0
3088.5,1
3089.0,0
3089.75,1
3090.0,0
3092.75,1
3093.0,0
3103.0,1
3103.5,0
3103.75,1
3104.25,0
3104.5,1
3104.75,0
3105.25,1
3107.25,0
3107.5,1
3108.0,0
3108.25,1
3108.5,0
3109.0,1
3109.75,0
3110.25,1
3110.75,0
3111.0,1
3112.75,0
3113.0,1
3113.25,0
3127.25,1
3127.75,0
3128.25,1
3128.75,0
3129.5,1
3130.5,0
3130.75,1
3131.75,0
3132.0,1
3134.25,0
3134.5,1
3134.75,0
3135.0,1
3135.5,0
3136.0,1
3137.0,0
3137.25,1
3137.5,0
3149.75,1
3150.0,0
3150.25,1
3150.5,0
3152.25,1
3152.75,0
3154.0,1
3157.25,0
3157.5,1
3158.0,0
3158.25,1
3161.25,0
3224.75,1
3225.25,0
3225.5,1
3225.75,0
3226.0,1
3226.75,0
3227.0,1
3229.25,0
3229.5,1
3230.75,0
3231.25,1
3232.0,0
3232.5,1
3233.0,0
3236.75,1
3237.0,0
3245.75,1
3246.0,0
3246.25,1
3246.5,0
3248.25,1
3248.5,0
3249.0,1
3251.0,0
3251.5,1
3252.75,0
3253.0,1
3253.25,0
3253.5,1
3254.25,0
3254.5,1
3255.0,0
3255.25,1
3255.75,0
3256.25,1
3256.5,0
3262.75,1
3263.0,0
3272.75,1
3273.25,0
3273.5,1
3273.75,0
3274.0,1
3274.25,0
3274.5,1
3277.25,0
3277.5,1
3278.25,0
3278.5,1
3278.75,0
3279.0,1
3279.25,0
3279.5,1
3280.0,0
3280.25,1
3280.75,0
3281.0,1
3281.5,0
3295.5,1
3295.75,0
3296.75,1
3300.0,0
3300.75,1
3302.5,0
3302.75,1
3303.75,0
3304.0,1
3304.75,0
3305.5,1
3305.75,0
3319.25,1
3319.5,0
3320.5,1
3321.0,0
3321.25,1
3321.5,0
3321.75,1
3322.5,0
3322.75,1
3325.0,0
3325.25,1
3327.25,0
3327.75,1
3329.25,0
3393.25,1
3394.0,0
3394.25,1
3395.75,0
3396.0,1
3396.5,0
3396.75,1
3397.5,0
3397.75,1
3399.75,0
3400.0,1
3400.75,0
3405.5,1
3405.75,0
3416.25,1
3416.75,0
3417.0,1
3419.5,0
3419.75,1
3420.25,0
3420.5,1
3420.75,0
3421.0,1
3422.5,0
3422.75,1
3424.0,0
3424.5,1
3425.25,0
3429.0,1
3429.25,0
3440.0,1
3440.25,0
3440.75,1
3441.0,0
3441.25,1
3442.75,0
3443.0,1
3445.0,0
3445.5,1
3446.75,0
3447.0,1
3448.75,0
3449.25,1
3449.5,0
3450.25,1
3450.5,0
3462.25,1
3462.5,0
3462.75,1
3463.5,0
3464.0,1
3464.5,0
3464.75,1
3465.0,0
3466.0,1
3467.0,0
3467.5,1
3467.75,0
3468.0,1
3468.75,0
3469.0,1
3470.75,0
3471.25,1
3471.5,0
3471.75,1
3472.25,0
3472.5,1
3472.75,0
3473.0,1
3473.25,0
3477.25,1
3477.5,0
3489.0,1
3492.5,0
3492.75,1
3493.5,0
3493.75,1
3495.5,0
3495.75,1
3496.0,0
3496.25,1
3497.0,0
3559.0,1
3559.25,0
3561.5,1
3563.0,0
3563.25,1
3564.25,0
3564.5,1
3565.0,0
3565.25,1
3565.5,0
3565.75,1
3566.0,0
3566.25,1
3568.75,0
3569.0,1
3569.25,0
3608.5,1
3610.25,0
3610.5,1
3612.75,0
3613.0,1
3613.25,0
3613.75,1
3614.75,0
3615.0,1
3616.25,0
3616.75,1
3617.25,0
3620.0,1
3620.25,0
3630.0,1
3630.25,0
3631.75,1
3632.0,0
3633.0,1
3633.75,0
3634.5,1
3636.75,0
3637.0,1
3638.5,0
3639.0,1
3640.25,0
3640.5,1
3640.75,0
3641.0,1
3641.25,0
3645.0,1
3645.25,0
3653.0,1
3653.25,0
3654.25,1
3654.5,0
3657.75,1
3658.75,0
3659.0,1
3659.75,0
3660.0,1
3661.5,0
3661.75,1
3662.75,0
3663.0,1
3663.75,0
3664.0,1
3664.25,0
3664.75,1
3665.25,0
3665.5,1
3665.75,0
3726.0,1
3726.25,0
3726.75,1
3727.0,0
3727.75,1
3728.0,0
3728.25,1
3731.75,0
3732.0,1
3733.0,0
3733.25,1
3735.0,0
3735.25,1
3736.25,0
3736.5,1
3737.0,0
3741.0,1
3741.25,0
3741.5,1
3741.75,0
3752.75,1
3755.25,0
3755.5,1
3755.75,0
3756.0,1
3756.75,0
3757.0,1
3757.5,0
3757.75,1
3758.25,0
3758.5,1
3758.75,0
3759.0,1
3760.5,0
3761.0,1
3761.25,0
3764.25,1
3764.5,0
3765.0,1
3765.25,0
3775.0,1
3775.25,0
3776.75,1
3777.5,0
3778.25,1
3778.5,0
3778.75,1
3781.75,0
3782.25,1
3783.5,0
3783.75,1
3785.25,0
3789.5,1
3789.75,0
3799.0,1
3799.25,0
3801.25,1
3801.5,0
3801.75,1
3802.25,0
3802.5,1
3803.25,0
3803.75,1
3805.25,0
3805.75,1
3806.0,0
3806.25,1
3807.5,0
3808.0,1
3808.25,0
3808.5,1
3808.75,0
3809.25,1
3809.5,0
3821.75,1
3822.0,0
3824.75,1
3825.0,0
3825.25,1
3825.5,0
3825.75,1
3829.0,0
3829.25,1
3831.0,0
3831.25,1
3832.0,0
3832.25,1
3832.75,0
3833.25,1
3833.5,0
3896.0,1
3896.5,0
3897.25,1
3897.5,0
3897.75,1
3899.5,0
3899.75,1
3900.5,0
3900.75,1
3903.75,0
3904.25,1
3905.0,0
3905.5,1
3905.75,0
3908.25,1
3908.5,0
3918.75,1
3919.0,0
3920.25,1
3922.5,0
3922.75,1
3923.0,0
3923.25,1
3923.5,0
3923.75,1
3925.25,0
3926.25,1
3927.0,0
3927.25,1
3928.0,0
3928.25,1
3929.25,0
3943.25,1
3943.75,0
3945.0,1
3945.75,0
3946.0,1
3947.75,0
3948.5,1
3949.5,0
3949.75,1
3951.25,0
3951.5,1
3952.0,0
3952.25,1
3952.75,0
3953.0,1
3953.5,0
3969.25,1
3973.75,0
3974.0,1
3976.0,0
3976.25,1
3976.5,0
3976.75,1
3977.25,0
3993.25,1
3993.5,0
3994.0,1
3994.5,0
3995.25,1
3997.25,0
3997.5,1
4000.0,0
4000.25,1
4001.0,0
4001.25,1
4001.5,0
4063.0,1
4063.25,0
4064.0,1
4064.5,0
4065.5,1
4066.75,0
4067.0,1
4067.5,0
4067.75,1
4068.0,0
4068.25,1
4068.5,0
4068.75,1
4069.25,0
4069.5,1
4070.5,0
4070.75,1
4071.75,0
4072.0,1
4072.5,0
4072.75,1
4073.25,0
4073.5,1
4073.75,0
4087.5,1
4087.75,0
4088.5,1
4089.0,0
4089.5,1
4090.25,0
4090.5,1
4091.25,0
4091.75,1
4092.25,0
4092.5,1
4092.75,0
4093.25,1
4093.75,0
4094.0,1
4094.25,0
4094.5,1
4095.0,0
4095.25,1
4095.75,0
4096.0,1
4096.25,0
4096.5,1
4097.5,0
4109.5,1
4109.75,0
4112.75,1
4113.0,0
4113.25,1
4113.75,0
4114.0,1
4114.75,0
4115.0,1
4115.25,0
4115.75,1
4117.0,0
4117.25,1
4117.75,0
4118.25,1
4118.5,0
4118.75,1
4119.25,0
4119.75,1
4120.25,0
4120.5,1
4121.25,0
4134.5,1
4134.75,0
4135.25,1
4135.5,0
4136.75,1
4137.0,0
4137.75,1
4139.25,0
4139.5,1
4140.75,0
4141.0,1
4141.25,0
4141.5,1
4143.0,0
4143.25,1
4144.0,0
4144.25,1
4145.25,0
4147.5,1
4147.75,0
4160.75,1
4161.0,0
4161.5,1
4163.5,0
4163.75,1
4164.0,0
4164.25,1
4165.0,0
4165.25,1
4167.5,0
4168.0,1
4169.0,0
4230.0,1
4230.25,0
4232.75,1
4233.5,0
4234.0,1
4235.0,0
4235.25,1
4237.0,0
4237.25,1
4238.0,0
4238.25,1
4238.75,0
4239.0,1
4241.0,0
4257.0,1
4257.25,0
4258.0,1
4261.25,0
4261.5,1
4262.0,0
4262.5,1
4264.5,0
4265.0,1
4265.75,0
4278.25,1
4278.5,0
4279.5,1
4279.75,0
4280.25,1
4280.5,0
4281.0,1
4284.0,0
4284.25,1
4286.25,0
4286.5,1
4287.0,0
4287.25,1
4289.0,0
4303.25,1
4303.5,0
4304.75,1
4305.0,0
4305.25,1
4305.75,0
4306.25,1
4306.5,0
4306.75,1
4313.75,0
4329.25,1
4329.5,0
4329.75,1
4331.0,0
4331.25,1
4331.5,0
4331.75,1
4332.0,0
4332.25,1
4333.25,0
4333.75,1
4334.75,0
4335.0,1
4335.25,0
4335.75,1
4336.0,0
4336.5,1
4337.0,0
4337.5,1
4337.75,0
4341.25,1
4341.5,0
4401.0,1
4401.25,0
4401.75,1
4402.0,0
4402.25,1
4404.5,0
4405.0,1
4405.25,0
4405.75,1
4407.25,0
4407.5,1
4407.75,0
4408.0,1
4408.25,0
4408.5,1
4409.5,0
4413.25,1
4413.5,0
4449.0,1
4449.5,0
4449.75,1
4450.75,0
4451.25,1
4452.0,0
4452.5,1
4453.0,0
4453.25,1
4454.0,0
4454.25,1
4456.5,0
4456.75,1
4457.5,0
4457.75,1
4458.0,0
4459.5,1
4459.75,0
4473.0,1
4473.25,0
4473.5,1
4475.0,0
4475.25,1
4476.25,0
4476.5,1
4477.75,0
4478.0,1
4478.75,0
4479.0,1
4479.25,0
4479.5,1
4479.75,0
4480.0,1
4481.0,0
4494.25,1
4494.5,0
4496.25,1
4496.5,0
4497.0,1
4498.0,0
4498.5,1
4498.75,0
4499.0,1
4499.25,0
4499.5,1
4500.25,0
4500.5,1
4501.75,0
4502.0,1
4503.5,0
4503.75,1
4505.25,0
4566.5,1
4566.75,0
4569.0,1
4570.0,0
4571.25,1
4576.75,0
4577.0,1
4577.25,0
4580.0,1
4580.25,0
4591.5,1
4591.75,0
4593.0,1
4594.0,0
4594.5,1
4595.75,0
4596.0,1
4596.5,0
4596.75,1
4597.0,0
4597.25,1
4597.75,0
4598.0,1
4598.25,0
4598.5,1
4599.5,0
4599.75,1
4600.5,0
4606.0,1
4606.25,0
4613.75,1
4614.0,0
4615.75,1
4616.0,0
4617.0,1
4618.25,0
4618.5,1
4619.0,0
4619.25,1
4622.0,0
4622.5,1
4622.75,0
4623.0,1
4624.75,0
4625.0,1
4625.25,0
4627.5,1
4627.75,0
4628.0,1
4628.25,0
4629.5,1
4629.75,0
4637.5,1
4637.75,0
4639.75,1
4640.0,0
4640.75,1
4641.0,0
4641.5,1
4642.0,0
4642.25,1
4643.5,0
4643.75,1
4645.0,0
4645.25,1
4645.75,0
4646.0,1
4646.75,0
4647.0,1
4648.25,0
4648.75,1
4649.0,0
4652.5,1
4652.75,0
4663.25,1
4663.5,0
4664.0,1
4664.25,0
4664.75,1
4665.25,0
4666.0,1
4668.5,0
4668.75,1
4669.5,0
4669.75,1
4670.25,0
4670.5,1
4671.0,0
4671.25,1
4673.25,0
4673.5,1
4673.75,0
4677.5,1
4677.75,0
4734.5,1
4734.75,0
4736.5,1
4736.75,0
4737.25,1
4737.5,0
4737.75,1
4738.0,0
4738.25,1
4738.5,0
4738.75,1
4740.5,0
4741.0,1
4744.5,0
4744.75,1
4745.0,0
4759.75,1
4760.0,0
4761.25,1
4761.75,0
4762.25,1
4762.5,0
4762.75,1
4764.25,0
4764.5,1
4766.25,0
4767.0,1
4768.5,0
4768.75,1
4769.5,0
4785.25,1
4785.75,0
4786.0,1
4786.5,0
4786.75,1
4787.0,0
4787.25,1
4789.25,0
4789.5,1
4790.75,0
4791.0,1
4792.0,0
4792.25,1
4793.25,0
4797.0,1
4797.25,0
4798.0,1
4798.25,0
4806.25,1
4806.5,0
4808.5,1
4808.75,0
4809.5,1
4809.75,0
4810.0,1
4810.5,0
4811.0,1
4812.25,0
4812.5,1
4812.75,0
4813.0,1
4813.5,0
4813.75,1
4817.0,0
4820.25,1
4820.5,0
4830.25,1
4830.5,0
4831.75,1
4832.0,0
4833.25,1
4833.75,0
4834.0,1
4836.0,0
4836.75,1
4837.25,0
4837.75,1
4838.25,0
4838.75,1
4840.75,0
4902.25,1
4902.5,0
4904.5,1
4904.75,0
4905.0,1
4906.25,0
4906.5,1
4907.0,0
4907.25,1
4908.0,0
4908.5,1
4909.0,0
4909.25,1
4910.5,0
4910.75,1
4911.25,0
4911.75,1
4913.0,0
4926.75,1
4927.25,0
4928.5,1
4928.75,0
4929.0,1
4929.25,0
4929.5,1
4932.5,0
4932.75,1
4933.25,0
4934.0,1
4936.5,0
4941.5,1
4941.75,0
4950.75,1
4951.0,0
4951.25,1
4951.5,0
4952.0,1
4952.25,0
4953.75,1
4955.0,0
4955.25,1
4955.5,0
4955.75,1
4956.5,0
4956.75,1
4958.25,0
4958.5,1
4958.75,0
4959.0,1
4960.0,0
4961.0,1
4961.5,0
4975.75,1
4976.25,0
4976.75,1
4977.0,0
4977.75,1
4978.0,0
4978.25,1
4979.0,0
4979.25,1
4981.0,0
4981.25,1
4981.5,0
4981.75,1
4983.0,0
4983.25,1
4983.5,0
4984.0,1
4984.25,0
4984.5,1
4985.0,0
4985.25,1
4985.5,0
4990.0,1
4990.25,0
5000.25,1
5000.5,0
5001.0,1
5002.0,0
5002.25,1
5004.5,0
5004.75,1
5005.0,0
5005.5,1
5006.0,0
5006.25,1
5007.25,0
5007.75,1
5009.25,0
5070.5,1
5070.75,0
5071.25,1
5071.5,0
5072.25,1
5072.5,0
5073.25,1
5073.75,0
5074.0,1
5078.25,0
5078.5,1
5079.5,0
5079.75,1
5081.0,0
5095.0,1
5095.25,0
5095.5,1
5096.0,0
5096.25,1
5096.5,0
5097.0,1
5097.25,0
5097.5,1
5098.25,0
5098.75,1
5100.5,0
5100.75,1
5101.5,0
5101.75,1
5102.0,0
5102.5,1
5105.5,0
5108.75,1
5109.0,0
5110.75,1
5111.0,0
5117.25,1
5117.5,0
5119.0,1
5119.25,0
5121.25,1
5122.5,0
5122.75,1
5123.5,0
5123.75,1
5124.25,0
5124.5,1
5125.75,0
5126.25,1
5126.5,0
5127.0,1
5127.75,0
5128.0,1
5129.0,0
5144.5,1
5145.25,0
5145.5,1
5146.0,0
5146.25,1
5147.0,0
5147.25,1
5149.75,0
5150.0,1
5151.5,0
5151.75,1
5152.5,0
5152.75,1
5153.0,0
5157.0,1
5157.25,0
5165.75,1
5166.0,0
5167.75,1
5168.25,0
5169.25,1
5169.75,0
5170.25,1
5172.5,0
5172.75,1
5173.75,0
5174.0,1
5174.25,0
5174.75,1
5176.75,0
5180.75,1
5181.0,0
5240.75,1
5242.5,0
5242.75,1
5243.5,0
5243.75,1
5244.25,0
5244.5,1
5245.5,0
5245.75,1
5247.5,0
5247.75,1
5249.0,0
5252.0,1
5252.25,0
5265.25,1
5268.5,0
5268.75,1
5269.0,0
5269.5,1
5269.75,0
5270.0,1
5272.5,0
5273.0,1
5273.25,0
5289.0,1
5292.0,0
5292.25,1
5292.75,0
5293.0,1
5295.0,0
5295.25,1
5295.75,0
5296.25,1
5296.5,0
5296.75,1
5297.25,0
5311.25,1
5311.5,0
5312.75,1
5313.0,0
5313.5,1
5314.75,0
5315.0,1
5317.25,0
5318.25,1
5319.25,0
5319.5,1
5319.75,0
5320.0,1
5321.0,0
5321.25,1
5321.5,0
5334.5,1
5334.75,0
5336.25,1
5336.5,0
5336.75,1
5337.5,0
5337.75,1
5339.25,0
5339.5,1
5340.75,0
5341.0,1
5342.75,0
5343.25,1
5344.75,0
5345.0,1
5345.25,0
5408.0,1
5408.25,0
5408.5,1
5408.75,0
5409.0,1
5409.25,0
5409.75,1
5411.0,0
5411.25,1
5412.25,0
5413.0,1
5413.25,0
5413.5,1
5413.75,0
5414.0,1
5415.25,0
5415.5,1
5415.75,0
5416.0,1
5417.0,0
5417.25,1
5417.5,0
5430.25,1
5430.75,0
5431.0,1
5431.25,0
5433.0,1
5433.5,0
5433.75,1
5435.5,0
5435.75,1
5436.5,0
5436.75,1
5437.0,0
5437.25,1
5438.0,0
5438.25,1
5440.75,0
5441.25,1
5441.75,0
5446.25,1
5446.5,0
5454.75,1
5455.0,0
5456.75,1
5457.0,0
5457.5,1
5458.5,0
5458.75,1
5460.5,0
5460.75,1
5461.25,0
5461.5,1
5462.75,0
5463.0,1
5464.25,0
5464.75,1
5465.25,0
5469.5,1
5469.75,0
5478.75,1
5479.0,0
5481.0,1
5481.25,0
5481.5,1
5482.0,0
5482.25,1
5483.0,0
5483.25,1
5484.0,0
5484.25,1
5486.0,0
5486.25,1
5488.5,0
5502.25,1
5502.5,0
5503.25,1
5503.5,0
5503.75,1
5504.0,0
5504.5,1
5504.75,0
5505.5,1
5507.5,0
5508.0,1
5508.75,0
5509.0,1
5510.25,0
5510.5,1
5511.0,0
5511.25,1
5511.5,0
5511.75,1
5512.25,0
5512.5,1
5513.0,0
5576.0,1
5576.25,0
5576.5,1
5577.25,0
5577.5,1
5581.25,0
5581.5,1
5581.75,0
5582.0,1
5583.5,0
5583.75,1
5584.5,0
5584.75,1
5585.0,0
5599.5,1
5599.75,0
5600.75,1
5601.25,0
5601.5,1
5603.25,0
5603.5,1
5604.0,0
5604.25,1
5605.5,0
5605.75,1
5606.0,0
5606.5,1
5607.0,0
5607.25,1
5607.75,0
5608.0,1
5608.25,0
5608.5,1
5608.75,0
5609.0,1
5609.25,0
5613.75,1
5614.0,0
5623.75,1
5624.25,0
5624.5,1
5624.75,0
5625.0,1
5627.5,0
5627.75,1
5629.0,0
5629.25,1
5629.75,0
5630.0,1
5630.25,0
5630.5,1
5630.75,0
5631.0,1
5631.5,0
5631.75,1
5632.5,0
5632.75,1
5633.5,0
5646.5,1
5647.0,0
5648.5,1
5648.75,0
5649.0,1
5649.25,0
5649.5,1
5653.25,0
5653.5,1
5654.0,0
5654.25,1
5655.75,0
5656.0,1
5656.25,0
5656.75,1
5657.25,0
5670.0,1
5670.75,0
5673.25,1
5674.75,0
5675.0,1
5675.25,0
5675.5,1
5675.75,0
5676.0,1
5677.0,0
5677.25,1
5677.75,0
5678.0,1
5680.0,0
5680.5,1
5681.0,0
5681.25,1
5681.5,0
5685.0,1
5685.25,0
5741.75,1
5742.0,0
5744.75,1
5745.0,0
5745.5,1
5749.25,0
5749.5,1
5751.75,0
5752.0,1
5752.25,0
5752.5,1
5753.5,0
5766.5,1
5766.75,0
5767.5,1
5767.75,0
5769.0,1
5769.25,0
5769.5,1
5769.75,0
5770.0,1
5771.0,0
5771.25,1
5771.75,0
5772.0,1
5772.25,0
5773.0,1
5773.5,0
5774.0,1
5775.5,0
5776.0,1
5776.75,0
5777.25,1
5777.5,0
5790.75,1
5791.0,0
5791.25,1
5791.5,0
5792.5,1
5792.75,0
5793.25,1
5795.0,0
5795.25,1
5795.75,0
5796.0,1
5796.75,0
5797.0,1
5797.75,0
5798.25,1
5799.5,0
5799.75,1
5800.5,0
5816.5,1
5816.75,0
5817.25,1
5819.75,0
5820.0,1
5820.25,0
5820.5,1
5821.0,0
5821.25,1
5822.5,0
5822.75,1
5824.75,0
5830.25,1
5830.75,0
5838.5,1
5839.0,0
5840.75,1
5841.0,0
5841.5,1
5842.5,0
5842.75,1
5848.25,0
5848.5,1
5848.75,0
5849.5,1
5849.75,0
5912.75,1
5913.25,0
5913.75,1
5915.5,0
5915.75,1
5916.0,0
5916.25,1
5916.75,0
5917.0,1
5917.5,0
5917.75,1
5918.25,0
5918.5,1
5921.0,0
5925.75,1
5926.0,0
5960.0,1
5960.25,0
5961.0,1
5962.25,0
5962.5,1
5964.25,0
5964.5,1
5964.75,0
5965.0,1
5966.5,0
5966.75,1
5967.25,0
5967.75,1
5969.0,0
5983.25,1
5983.5,0
5985.0,1
5986.5,0
5986.75,1
5987.0,0
5987.25,1
5987.75,0
5988.0,1
5988.75,0
5989.0,1
5989.5,0
5990.25,1
5991.5,0
5991.75,1
5992.5,0
5992.75,1
5993.25,0
6007.25,1
6007.75,0
6009.0,1
6010.5,0
6010.75,1
6012.25,0
6012.5,1
6016.25,0
6016.5,1
6017.25,0
6018.25,1
6018.5,0
6078.25,1
6078.5,0
6079.0,1
6079.5,0
6080.25,1
6080.75,0
6081.0,1
6081.5,0
6081.75,1
6082.0,0
6082.5,1
6082.75,0
6083.0,1
6085.75,0
6086.0,1
6088.75,0
6089.0,1
6089.25,0
6103.75,1
6104.0,0
6104.75,1
6105.25,0
6105.5,1
6106.25,0
6106.5,1
6107.5,0
6107.75,1
6108.0,0
6108.25,1
6108.75,0
6109.25,1
6109.5,0
6109.75,1
6112.0,0
6112.25,1
6112.5,0
6113.0,1
6113.25,0
6126.5,1
6126.75,0
6127.0,1
6127.5,0
6130.0,1
6130.25,0
6130.75,1
6131.0,0
6131.25,1
6132.0,0
6132.75,1
6133.75,0
6134.25,1
6134.75,0
6135.0,1
6135.75,0
6136.5,1
6137.0,0
6141.75,1
6142.0,0
6153.0,1
6153.25,0
6153.5,1
6153.75,0
6154.0,1
6154.25,0
6154.5,1
6154.75,0
6155.0,1
6155.25,0
6155.5,1
6155.75,0
6156.25,1
6157.25,0
6157.75,1
6158.0,0
6158.25,1
6158.5,0
6158.75,1
6159.25,0
6160.0,1
6160.25,0
6160.5,1
6161.0,0
6175.0,1
6175.25,0
6175.75,1
6176.0,0
6177.0,1
6177.25,0
6177.5,1
6178.5,0
6179.0,1
6180.0,0
6180.25,1
6181.25,0
6181.5,1
6181.75,0
6182.25,1
6183.5,0
6184.0,1
6184.5,0
6246.75,1
6247.0,0
6247.75,1
6248.0,0
6248.25,1
6248.75,0
6249.0,1
6249.75,0
6250.0,1
6251.5,0
6252.25,1
6253.75,0
6254.0,1
6254.5,0
6254.75,1
6255.0,0
6255.25,1
6257.25,0
6273.25,1
6276.75,0
6277.0,1
6278.0,0
6278.25,1
6278.75,0
6279.0,1
6280.0,0
6280.25,1
6280.5,0
6281.0,1
6281.25,0
6281.75,1
6282.0,0
6294.25,1
6294.5,0
6295.25,1
6295.5,0
6296.25,1
6296.5,0
6296.75,1
6297.0,0
6297.25,1
6297.5,0
6297.75,1
6300.75,0
6301.0,1
6302.0,0
6302.25,1
6302.75,0
6303.0,1
6305.0,0
6308.25,1
6308.5,0
6319.25,1
6319.5,0
6320.75,1
6321.0,0
6321.5,1
6323.75,0
6324.0,1
6324.75,0
6326.0,1
6326.25,0
6326.5,1
6326.75,0
6327.25,1
6328.75,0
6329.5,1
6329.75,0
6343.5,1
6344.0,0
6345.0,1
6346.0,0
6346.5,1
6348.5,0
6348.75,1
6349.25,0
6349.5,1
6349.75,0
6350.25,1
6351.5,0
6351.75,1
6352.5,0
6352.75,1
6353.25,0
6417.5,1
6421.25,0
6421.5,1
6425.25,0
6438.25,1
6438.5,0
6439.5,1
6439.75,0
6441.0,1
6441.5,0
6441.75,1
6442.5,0
6442.75,1
6443.5,0
6443.75,1
6444.0,0
6444.25,1
6446.5,0
6446.75,1
6448.25,0
6448.5,1
6449.25,0
6452.75,1
6453.0,0
6454.0,1
6454.25,0
6464.25,1
6464.5,0
6465.25,1
6465.75,0
6466.25,1
6468.25,0
6468.5,1
6469.25,0
6469.75,1
6471.0,0
6471.75,1
6473.0,0
6473.5,1
6473.75,0
6477.25,1
6477.5,0
6486.0,1
6486.25,0
6486.5,1
6486.75,0
6488.25,1
6488.75,0
6489.0,1
6489.75,0
6490.0,1
6490.75,0
6491.0,1
6492.0,0
6492.25,1
6493.25,0
6493.5,1
6494.0,0
6494.25,1
6494.5,0
6494.75,1
6495.25,0
6495.5,1
6496.25,0
6496.5,1
6496.75,0
6497.5,1
6497.75,0
6513.0,1
6514.5,0
6514.75,1
6515.0,0
6515.25,1
6517.25,0
6517.5,1
6517.75,0
6518.0,1
6519.25,0
6519.5,1
6521.0,0
6525.75,1
6526.0,0
6584.75,1
6585.0,0
6585.5,1
6591.25,0
6591.75,1
6592.25,0
6592.5,1
6593.0,0
6593.5,1
6593.75,0
6597.25,1
6597.5,0
6606.25,1
6606.5,0
6609.0,1
6609.25,0
6609.5,1
6610.5,0
6610.75,1
6611.5,0
6611.75,1
6612.25,0
6612.5,1
6612.75,0
6613.0,1
6614.25,0
6614.5,1
6614.75,0
6615.0,1
6616.75,0
6632.5,1
6633.25,0
6633.5,1
6633.75,0
6634.25,1
6634.5,0
6634.75,1
6635.5,0
6635.75,1
6636.0,0
6636.25,1
6637.5,0
6637.75,1
6638.5,0
6639.0,1
6639.75,0
6640.0,1
6641.0,0
6641.25,1
6641.5,0
6655.75,1
6656.0,0
6656.75,1
6657.25,0
6657.75,1
6659.75,0
6660.0,1
6660.5,0
6661.25,1
6661.5,0
6662.0,1
6662.5,0
6662.75,1
6663.5,0
6663.75,1
6665.0,0
6671.0,1
6671.25,0
6677.75,1
6678.0,0
6678.75,1
6679.25,0
6680.25,1
6681.5,0
6681.75,1
6683.75,0
6684.25,1
6685.5,0
6685.75,1
6686.25,0
6686.5,1
6686.75,0
6687.0,1
6687.25,0
6687.75,1
6688.25,0
6689.0,1
6689.25,0
6689.5,1
6689.75,0
6750.5,1
6750.75,0
6751.0,1
6751.25,0
6751.5,1
6751.75,0
6752.25,1
6752.5,0
6753.25,1
6753.75,0
6754.0,1
6754.25,0
6754.5,1
6754.75,0
6755.0,1
6755.75,0
6756.0,1
6757.25,0
6757.5,1
6757.75,0
6758.0,1
6758.5,0
6759.0,1
6759.5,0
6759.75,1
6761.0,0
6764.25,1
6764.5,0
6798.5,1
6798.75,0
6799.25,1
6799.5,0
6801.25,1
6802.5,0
6803.0,1
6803.75,0
6804.0,1
6807.75,0
6808.0,1
6809.5,0
6812.25,1
6812.5,0
6813.25,1
6813.5,0
6823.25,1
6823.5,0
6824.25,1
6824.5,0
6825.0,1
6825.25,0
6825.5,1
6826.5,0
6827.0,1
6827.5,0
6827.75,1
6828.5,0
6828.75,1
6830.0,0
6830.25,1
6832.0,0
6832.25,1
6832.75,0
6849.25,1
6850.5,0
6850.75,1
6851.0,0
6851.25,1
6851.75,0
6852.0,1
6853.0,0
6853.25,1
6853.75,0
6854.0,1
6854.5,0
6855.0,1
6855.5,0
6855.75,1
6856.5,0
6856.75,1
6857.0,0
6918.75,1
6919.0,0
6921.0,1
6923.5,0
6924.0,1
6924.5,0
6925.25,1
6925.5,0
6925.75,1
6926.75,0
6927.0,1
6927.25,0
6927.5,1
6928.0,0
6928.25,1
6929.0,0
6942.5,1
6942.75,0
6943.0,1
6943.25,0
6944.5,1
6944.75,0
6945.25,1
6947.25,0
6947.5,1
6948.25,0
6948.5,1
6950.0,0
6950.25,1
6952.5,0
6952.75,1
6953.25,0
6953.5,1
6954.0,0
6966.5,1
6966.75,0
6968.0,1
6968.25,0
6969.0,1
6969.5,0
6969.75,1
6970.0,0
6970.25,1
6972.25,0
6972.5,1
6975.25,0
6975.5,1
6977.0,0
6982.25,1
6982.5,0
6990.5,1
6990.75,0
6991.0,1
6991.25,0
6991.5,1
6991.75,0
6993.25,1
6993.5,0
6994.25,1
6996.75,0
6997.0,1
6998.25,0
6998.5,1
7000.0,0
7000.25,1
7000.75,0
7015.0,1
7015.25,0
7015.5,1
7015.75,0
7017.0,1
7017.25,0
7017.75,1
7020.25,0
7020.5,1
7021.0,0
7021.25,1
7021.75,0
7022.5,1
7022.75,0
7023.0,1
7023.5,0
7023.75,1
7025.0,0
7029.5,1
7029.75,0
7089.0,1
7089.5,0
7089.75,1
7090.25,0
7090.5,1
7090.75,0
7091.5,1
7093.25,0
7093.75,1
7095.0,0
7095.25,1
7096.25,0
7096.5,1
7097.0,0
7097.25,1
7097.5,0
7109.5,1
7110.0,0
7113.0,1
7113.5,0
7113.75,1
7114.5,0
7114.75,1
7115.0,0
7115.25,1
7116.75,0
7117.25,1
7120.5,0
7120.75,1
7121.0,0
7135.75,1
7136.0,0
7136.5,1
7136.75,0
7137.0,1
7138.0,0
7138.25,1
7140.75,0
7141.0,1
7143.0,0
7143.25,1
7143.5,0
7143.75,1
7144.0,0
7144.25,1
7145.0,0
7145.25,1
7145.5,0
7146.0,1
7146.25,0
7158.25,1
7158.5,0
7158.75,1
7159.0,0
7159.25,1
7159.5,0
7161.0,1
7165.5,0
7165.75,1
7166.25,0
7166.5,1
7166.75,0
7167.0,1
7167.75,0
7168.25,1
7168.5,0
7168.75,1
7169.0,0
7172.75,1
7173.0,0
7173.25,1
7173.5,0
7182.75,1
7183.25,0
7185.25,1
7186.5,0
7186.75,1
7188.25,0
7189.0,1
7190.5,0
7190.75,1
7191.25,0
7191.5,1
7191.75,0
7192.0,1
7193.5,0
7257.0,1
7257.25,0
7257.5,1
7261.25,0
7261.5,1
7262.5,0
7262.75,1
7264.5,0
7265.5,1
7265.75,0
7278.25,1
7278.5,0
7279.5,1
7279.75,0
7280.75,1
7281.0,0
7281.5,1
7283.25,0
7284.25,1
7284.75,0
7285.5,1
7285.75,0
7286.0,1
7287.0,0
7287.5,1
7287.75,0
7288.0,1
7289.0,0
7304.5,1
7308.25,0
7308.5,1
7310.25,0
7311.0,1
7311.25,0
7311.75,1
7313.0,0
7326.0,1
7326.25,0
7328.25,1
7329.0,0
7329.25,1
7329.75,0
7330.0,1
7332.0,0
7332.25,1
7332.75,0
7333.25,1
7334.75,0
7335.0,1
7335.5,0
7335.75,1
7337.25,0
7337.5,1
7337.75,0
7340.5,1
7340.75,0
7351.0,1
7351.25,0
7353.0,1
7353.25,0
7353.75,1
7355.5,0
7356.0,1
7356.25,0
7356.5,1
7357.25,0
7358.0,1
7359.75,0
7360.0,1
7360.5,0
7360.75,1
7361.0,0
7364.25,1
7364.5,0
7423.75,1
7424.0,0
7425.0,1
7426.25,0
7426.75,1
7427.5,0
7428.0,1
7428.25,0
7428.5,1
7429.0,0
7429.5,1
7430.5,0
7430.75,1
7431.0,0
7431.25,1
7431.75,0
7432.25,1
7432.75,0
7449.0,1
7449.5,0
7449.75,1
7450.25,0
7450.5,1
7451.75,0
7452.0,1
7452.75,0
7453.0,1
7453.5,0
7453.75,1
7454.75,0
7455.25,1
7456.25,0
7456.5,1
7456.75,0
7457.5,1
7457.75,0
7470.5,1
7470.75,0
7471.0,1
7471.5,0
7473.25,1
7475.75,0
7476.0,1
7476.5,0
7477.25,1
7477.5,0
7477.75,1
7481.25,0
7494.5,1
7494.75,0
7497.25,1
7497.5,0
7497.75,1
7499.0,0
7499.25,1
7500.0,0
7500.5,1
7501.0,0
7501.25,1
7503.5,0
7503.75,1
7504.25,0
7504.75,1
7505.25,0
7521.0,1
7521.25,0
7521.75,1
7522.0,0
7522.5,1
7523.0,0
7523.25,1
7524.0,0
7524.5,1
7524.75,0
7525.25,1
7525.5,0
7526.0,1
7526.25,0
7526.75,1
7529.25,0
7531.25,1
7531.5,0
7592.75,1
7596.75,0
7597.5,1
7597.75,0
7598.25,1
7599.25,0
7599.75,1
7600.75,0
7601.0,1
7601.25,0
7601.5,1
7601.75,0
7615.25,1
7615.5,0
7616.25,1
7616.75,0
7617.0,1
7618.0,0
7618.25,1
7620.5,0
7620.75,1
7621.5,0
7622.0,1
7622.75,0
7623.0,1
7624.5,0
7629.0,1
7629.25,0
7638.0,1
7638.25,0
7638.5,1
7638.75,0
7641.5,1
7641.75,0
7642.25,1
7642.5,0
7642.75,1
7644.0,0
7644.5,1
7644.75,0
7645.25,1
7646.5,0
7646.75,1
7647.5,0
7647.75,1
7648.0,0
7648.25,1
7648.75,0
7664.75,1
7665.75,0
7666.25,1
7666.75,0
7667.0,1
7667.25,0
7667.5,1
7670.25,0
7670.5,1
7671.25,0
7671.5,1
7673.25,0
7678.25,1
7678.5,0
7686.0,1
7686.25,0
7688.5,1
7691.0,0
7691.25,1
7691.75,0
7692.0,1
7693.5,0
7694.5,1
7696.75,0
7697.0,1
7697.25,0
7697.5,1
7697.75,0
7760.75,1
7762.25,0
7762.5,1
7763.0,0
7763.25,1
7763.75,0
7764.0,1
7764.25,0
7764.5,1
7766.0,0
7766.25,1
7767.75,0
7768.0,1
7768.25,0
7768.5,1
7768.75,0
7769.25,1
7769.5,0
7773.25,1
7773.5,0
7782.75,1
7783.0,0
7783.25,1
7783.5,0
7784.25,1
7784.5,0
7785.25,1
7787.25,0
7787.5,1
7788.0,0
7788.25,1
7789.0,0
7789.25,1
7791.25,0
7791.5,1
7793.0,0
7793.25,1
7793.5,0
7795.5,1
7795.75,0
7806.75,1
7807.0,0
7808.5,1
7808.75,0
7809.25,1
7809.5,0
7809.75,1
7810.75,0
7811.0,1
7811.75,0
7812.25,1
7813.0,0
7813.5,1
7813.75,0
7814.25,1
7814.5,0
7814.75,1
7817.0,0
7821.25,1
7821.5,0
7830.25,1
7830.5,0
7831.5,1
7831.75,0
7833.0,1
7833.25,0
7833.75,1
7834.5,0
7835.0,1
7835.75,0
7836.0,1
7836.25,0
7836.75,1
7838.25,0
7838.5,1
7839.0,0
7839.25,1
7839.5,0
7839.75,1
7841.25,0
7845.25,1
7845.5,0
7846.25,1
7846.5,0
7926.25,1
7926.75,0
7927.25,1
7927.5,0
7927.75,1
7928.0,0
7928.5,1
7929.0,0
7929.25,1
7930.0,0
7930.25,1
7932.0,0
7932.25,1
7932.5,0
7932.75,1
7933.25,0
7933.5,1
7934.0,0
7934.25,1
7935.0,0
7935.25,1
7937.0,0
7937.25,1
7937.5,0
7937.75,1
7938.0,0
7950.75,1
7951.0,0
7952.0,1
7954.75,0
7955.25,1
7956.5,0
7956.75,1
7957.0,0
7957.25,1
7957.75,0
7958.0,1
7959.0,0
7959.25,1
7959.75,0
7960.0,1
7960.25,0
7960.5,1
7961.0,0
7961.25,1
7961.5,0
7977.0,1
7978.5,0
7979.0,1
7981.25,0
7981.5,1
7982.5,0
7982.75,1
7983.75,0
7984.0,1
7984.25,0
7984.5,1
7985.0,0
7988.75,1
7989.0,0
7997.25,1
7997.5,0
8000.75,1
8001.0,0
8001.25,1
8001.5,0
8002.0,1
8003.5,0
8003.75,1
8004.5,0
8004.75,1
8005.5,0
8005.75,1
8007.25,0
8007.5,1
8008.0,0
8008.25,1
8009.0,0
8009.5,1
8009.75,0
8025.5,1
8028.5,0
8028.75,1
8029.75,0
8030.25,1
8031.0,0
8031.25,1
8031.5,0
8032.0,1
8032.5,0
8032.75,1
8033.25,0
8038.75,1
8039.0,0
8094.75,1
8095.0,0
8096.5,1
8097.0,0
8097.25,1
8098.25,0
8098.5,1
8101.75,0
8102.0,1
8102.25,0
8102.75,1
8103.0,0
8103.5,1
8104.5,0
8104.75,1
8105.0,0
8117.75,1
8118.0,0
8118.75,1
8119.0,0
8119.5,1
8119.75,0
8120.75,1
8121.0,0
8121.25,1
8122.25,0
8122.75,1
8123.0,0
8123.25,1
8124.75,0
8125.0,1
8125.25,0
8125.5,1
8126.25,0
8126.5,1
8129.25,0
8129.5,1
8129.75,0
8143.0,1
8143.25,0
8144.25,1
8144.5,0
8145.25,1
8145.5,0
8145.75,1
8147.0,0
8147.25,1
8149.25,0
8149.5,1
8150.0,0
8150.75,1
8151.0,0
8151.25,1
8151.5,0
8151.75,1
8152.0,0
8152.25,1
8152.5,0
8152.75,1
8153.0,0
8153.25,1
8153.5,0
8166.75,1
8167.25,0
8168.75,1
8169.75,0
8170.0,1
8171.5,0
8172.0,1
8173.5,0
8173.75,1
8174.75,0
8175.0,1
8176.0,0
8176.5,1
8176.75,0
8192.25,1
8192.5,0
8193.0,1
8193.5,0
8193.75,1
8194.0,0
8194.25,1
8195.75,0
8196.0,1
8196.25,0
8196.5,1
8197.75,0
8198.0,1
8198.25,0
8198.5,1
8200.0,0
8200.25,1
8201.25,0
8257.0,1
8257.25,0
8264.25,1
8264.75,0
8265.0,1
8266.25,0
8266.5,1
8268.0,0
8268.25,1
8268.75,0
8269.0,1
8269.5,0
8269.75,1
8271.25,0
8271.5,1
8273.25,0
8273.5,1
8273.75,0
8274.25,1
8274.5,0
8288.75,1
8289.0,0
8289.25,1
8289.5,0
8289.75,1
8291.5,0
8292.0,1
8293.25,0
8293.5,1
8294.0,0
8294.5,1
8294.75,0
8295.0,1
8295.25,0
8296.0,1
8296.75,0
8297.0,1
8297.25,0
8311.0,1
8311.25,0
8313.0,1
8313.5,0
8313.75,1
8314.0,0
8314.25,1
8314.5,0
8315.5,1
8316.5,0
8316.75,1
8318.75,0
8319.0,1
8320.75,0
8321.0,1
8321.5,0
8334.5,1
8334.75,0
8335.0,1
8335.25,0
8336.0,1
8336.25,0
8336.5,1
8337.0,0
8337.25,1
8337.5,0
8337.75,1
8338.0,0
8338.25,1
8339.25,0
8339.5,1
8341.5,0
8341.75,1
8342.0,0
8342.25,1
8343.25,0
8343.5,1
8343.75,0
8344.25,1
8344.5,0
8344.75,1
8345.0,0
8345.25,1
8345.5,0
8359.0,1
8359.25,0
8359.5,1
8359.75,0
8361.0,1
8361.25,0
8361.5,1
8364.0,0
8364.25,1
8364.5,0
8364.75,1
8365.25,0
8365.75,1
8366.0,0
8366.25,1
8366.5,0
8366.75,1
8367.75,0
8368.0,1
8369.5,0
8432.0,1
8432.25,0
8432.5,1
8433.25,0
8433.5,1
8434.25,0
8434.75,1
8435.0,0
8435.25,1
8435.5,0
8435.75,1
8436.25,0
8437.0,1
8437.25,0
8437.5,1
8438.0,0
8438.25,1
8439.5,0
8439.75,1
8440.0,0
8440.25,1
8440.75,0
8444.75,1
8445.25,0
8446.0,1
8446.25,0
8457.0,1
8458.0,0
8458.25,1
8460.0,0
8460.25,1
8460.75,0
8461.0,1
8462.25,0
8462.5,1
8464.0,0
8464.25,1
8465.25,0
8469.0,1
8469.5,0
8470.25,1
8470.5,0
8478.75,1
8479.25,0
8481.25,1
8485.0,0
8485.25,1
8487.25,0
8487.5,1
8487.75,0
8488.25,1
8489.25,0
8492.5,1
8492.75,0
8502.0,1
8502.25,0
8505.0,1
8505.25,0
8505.75,1
8506.0,0
8506.25,1
8507.0,0
8507.25,1
8508.0,0
8508.25,1
8508.5,0
8508.75,1
8509.75,0
8510.0,1
8510.75,0
8511.25,1
8512.25,0
8513.5,1
8513.75,0
8526.0,1
8526.25,0
8526.75,1
8527.0,0
8528.25,1
8528.5,0
8529.25,1
8530.75,0
8531.0,1
8532.0,0
8533.25,1
8533.5,0
8533.75,1
8534.5,0
8534.75,1
8535.75,0
8536.25,1
8537.25,0
8623.0,1
8623.25,0
8624.5,1
8626.75,0
8627.0,1
8628.25,0
8628.5,1
8629.5,0
8630.0,1
8631.0,0
8631.25,1
8633.0,0
8633.25,1
8633.5,0
8636.75,1
8637.0,0
8646.75,1
8647.0,0
8647.25,1
8647.5,0
8648.25,1
8648.5,0
8648.75,1
8651.0,0
8652.0,1
8653.0,0
8653.25,1
8654.0,0
8654.25,1
8655.5,0
8655.75,1
8657.0,0
8662.25,1
8662.75,0
8672.5,1
8672.75,0
8673.0,1
8673.75,0
8674.25,1
8676.5,0
8677.25,1
8678.5,0
8678.75,1
8680.5,0
8696.5,1
8696.75,0
8697.0,1
8697.25,0
8697.5,1
8698.75,0
8699.0,1
8699.5,0
8699.75,1
8700.5,0
8701.0,1
8702.25,0
8702.5,1
8703.5,0
8703.75,1
8704.75,0
8706.0,1
8706.25,0
8708.75,1
8709.0,0
8710.0,1
8710.25,0
