#1


float Room-321 (4317,2)
0.0,0
33.25,1
33.5,0
33.75,1
36.25,0
36.5,1
38.0,0
38.25,1
39.5,0
39.75,1
41.25,0
44.25,1
44.5,0
44.75,1
45.0,0
46.0,1
46.25,0
55.25,1
55.75,0
56.0,1
56.5,0
56.75,1
57.0,0
57.25,1
57.5,0
57.75,1
59.25,0
59.5,1
60.25,0
60.5,1
61.25,0
61.75,1
62.5,0
62.75,1
63.0,0
63.25,1
64.5,0
64.75,1
65.25,0
78.25,1
78.5,0
79.25,1
79.5,0
80.5,1
80.75,0
81.25,1
84.25,0
84.5,1
86.5,0
86.75,1
87.25,0
87.5,1
88.5,0
88.75,1
89.0,0
89.25,1
89.5,0
92.75,1
93.0,0
104.75,1
105.25,0
105.5,1
106.5,0
106.75,1
107.25,0
107.5,1
107.75,0
108.0,1
109.25,0
109.5,1
110.5,0
110.75,1
112.5,0
113.0,1
113.5,0
128.75,1
129.5,0
130.0,1
131.25,0
131.5,1
132.75,0
133.0,1
134.0,0
134.5,1
135.0,0
135.25,1
135.75,0
136.0,1
136.75,0
137.0,1
137.25,0
199.5,1
199.75,0
200.5,1
200.75,0
201.75,1
204.25,0
204.5,1
205.0,0
205.75,1
206.0,0
206.25,1
207.0,0
207.25,1
208.5,0
208.75,1
209.25,0
210.75,1
211.0,0
225.0,1
225.25,0
226.0,1
226.75,0
227.0,1
227.75,0
228.0,1
229.25,0
229.75,1
230.0,0
230.5,1
231.0,0
231.25,1
233.25,0
249.0,1
249.75,0
250.25,1
250.5,0
250.75,1
252.25,0
252.5,1
253.75,0
254.0,1
254.5,0
254.75,1
256.0,0
256.25,1
257.0,0
260.25,1
260.5,0
261.0,1
261.25,0
270.25,1
270.5,0
271.75,1
272.0,0
272.5,1
272.75,0
273.25,1
273.75,0
274.25,1
275.75,0
276.0,1
276.25,0
276.5,1
278.0,0
278.25,1
279.25,0
279.5,1
280.75,0
281.0,1
281.25,0
297.25,1
300.5,0
301.0,1
302.25,0
302.5,1
304.0,0
304.25,1
305.0,0
306.0,1
306.25,0
369.0,1
369.25,0
369.5,1
370.5,0
371.0,1
371.25,0
371.5,1
372.5,0
372.75,1
373.0,0
373.5,1
376.75,0
380.5,1
380.75,0
381.75,1
382.0,0
392.75,1
395.75,0
396.0,1
396.5,0
397.0,1
398.25,0
398.5,1
399.5,0
399.75,1
400.0,0
400.25,1
401.0,0
405.25,1
405.5,0
406.25,1
406.5,0
438.5,1
438.75,0
440.0,1
440.25,0
441.0,1
441.25,0
441.75,1
444.5,0
444.75,1
445.0,0
445.25,1
445.75,0
446.0,1
447.25,0
447.5,1
449.25,0
464.75,1
465.0,0
465.25,1
466.75,0
467.0,1
468.5,0
468.75,1
469.25,0
470.0,1
470.5,0
470.75,1
473.0,0
473.25,1
473.5,0
534.0,1
534.75,0
535.0,1
535.5,0
536.25,1
536.5,0
536.75,1
537.0,0
537.5,1
537.75,0
538.0,1
539.25,0
539.75,1
540.5,0
540.75,1
541.5,0
542.25,1
542.5,0
543.0,1
543.25,0
543.75,1
544.75,0
545.25,1
545.5,0
558.0,1
558.25,0
560.75,1
561.0,0
561.25,1
561.75,0
562.0,1
563.25,0
563.5,1
564.0,0
564.25,1
564.5,0
565.0,1
565.75,0
566.0,1
567.75,0
568.0,1
568.75,0
569.0,1
569.25,0
573.0,1
573.25,0
582.75,1
583.0,0
584.25,1
584.5,0
584.75,1
585.0,0
585.25,1
585.5,0
585.75,1
587.0,0
587.25,1
588.25,0
588.5,1
589.25,0
589.5,1
590.5,0
590.75,1
591.25,0
591.5,1
592.5,0
592.75,1
593.0,0
606.25,1
606.75,0
607.0,1
607.25,0
608.5,1
608.75,0
609.0,1
611.0,0
611.25,1
611.5,0
612.0,1
612.25,0
612.5,1
613.0,0
613.25,1
614.0,0
614.25,1
615.5,0
616.0,1
617.0,0
617.25,1
617.5,0
619.75,1
620.0,0
630.25,1
630.5,0
631.0,1
631.25,0
632.75,1
633.0,0
634.25,1
635.0,0
635.25,1
636.0,0
636.25,1
637.5,0
637.75,1
638.5,0
638.75,1
639.75,0
640.25,1
640.75,0
641.25,1
641.5,0
701.75,1
702.0,0
704.5,1
704.75,0
705.0,1
705.5,0
706.0,1
706.25,0
706.5,1
708.75,0
709.0,1
710.0,0
710.25,1
711.25,0
711.5,1
712.25,0
712.5,1
713.5,0
728.25,1
728.5,0
728.75,1
729.0,0
729.5,1
730.5,0
730.75,1
731.75,0
732.0,1
733.0,0
733.25,1
733.5,0
733.75,1
734.25,0
734.5,1
735.25,0
735.5,1
736.0,0
736.25,1
737.25,0
741.0,1
741.25,0
753.5,1
755.25,0
755.75,1
756.0,0
756.5,1
757.75,0
758.0,1
758.75,0
759.0,1
760.0,0
760.25,1
761.25,0
761.5,1
761.75,0
774.5,1
774.75,0
775.25,1
775.5,0
775.75,1
776.25,0
777.0,1
777.5,0
777.75,1
783.25,0
783.5,1
784.0,0
784.25,1
785.0,0
785.25,1
785.5,0
789.0,1
789.25,0
789.5,1
789.75,0
799.25,1
799.5,0
800.25,1
800.5,0
801.0,1
801.5,0
801.75,1
805.0,0
805.25,1
805.75,0
806.0,1
806.25,0
806.75,1
808.25,0
808.5,1
809.25,0
809.5,1
809.75,0
869.75,1
870.0,0
870.75,1
871.0,0
873.0,1
873.25,0
874.0,1
874.25,0
874.75,1
877.5,0
877.75,1
879.0,0
879.25,1
881.25,0
894.75,1
895.0,0
897.0,1
898.0,0
898.25,1
899.25,0
899.5,1
901.25,0
901.5,1
902.0,0
902.25,1
902.5,0
902.75,1
904.0,0
904.25,1
904.75,0
905.0,1
905.25,0
919.25,1
919.5,0
921.0,1
921.25,0
921.5,1
922.75,0
923.0,1
923.25,0
923.5,1
924.25,0
925.0,1
925.75,0
926.0,1
927.25,0
927.5,1
928.0,0
928.25,1
928.75,0
929.5,1
929.75,0
932.5,1
932.75,0
933.25,1
933.5,0
945.25,1
945.5,0
946.0,1
946.25,0
946.5,1
947.75,0
948.0,1
948.25,0
948.5,1
951.75,0
952.0,1
953.0,0
957.5,1
957.75,0
967.0,1
967.25,0
968.75,1
969.5,0
969.75,1
970.25,0
970.5,1
973.25,0
973.5,1
973.75,0
974.0,1
975.0,0
975.25,1
975.75,0
976.0,1
976.5,0
976.75,1
977.0,0
1038.75,1
1039.0,0
1039.25,1
1039.75,0
1040.0,1
1040.25,0
1040.5,1
1040.75,0
1041.0,1
1042.5,0
1043.0,1
1043.25,0
1043.5,1
1046.0,0
1046.25,1
1047.0,0
1047.25,1
1048.25,0
1048.5,1
1048.75,0
1049.0,1
1049.75,0
1052.75,1
1053.0,0
1063.75,1
1064.0,0
1065.0,1
1065.25,0
1065.5,1
1066.25,0
1066.75,1
1067.0,0
1067.25,1
1067.5,0
1067.75,1
1069.25,0
1069.5,1
1070.5,0
1070.75,1
1072.25,0
1072.5,1
1073.0,0
1110.75,1
1111.0,0
1112.0,1
1112.25,0
1112.75,1
1113.25,0
1113.5,1
1114.0,0
1114.25,1
1114.5,0
1114.75,1
1115.0,0
1115.25,1
1116.5,0
1116.75,1
1117.0,0
1117.25,1
1117.5,0
1117.75,1
1118.5,0
1118.75,1
1119.0,0
1119.5,1
1119.75,0
1120.25,1
1120.5,0
1120.75,1
1121.0,0
1134.25,1
1134.5,0
1136.75,1
1137.5,0
1137.75,1
1138.0,0
1138.25,1
1139.5,0
1139.75,1
1142.5,0
1142.75,1
1143.0,0
1143.5,1
1145.5,0
1209.5,1
1209.75,0
1210.0,1
1212.75,0
1213.0,1
1213.5,0
1213.75,1
1214.0,0
1214.25,1
1214.75,0
1215.0,1
1217.0,0
1220.75,1
1221.0,0
1230.5,1
1230.75,0
1232.75,1
1233.5,0
1233.75,1
1234.0,0
1234.25,1
1234.5,0
1234.75,1
1235.0,0
1235.5,1
1236.75,0
1237.0,1
1241.25,0
1256.25,1
1256.5,0
1257.0,1
1257.25,0
1257.5,1
1258.5,0
1259.0,1
1259.75,0
1260.25,1
1262.0,0
1262.25,1
1262.5,0
1262.75,1
1264.0,0
1264.25,1
1264.5,0
1264.75,1
1265.0,0
1277.25,1
1277.5,0
1278.25,1
1278.75,0
1279.5,1
1279.75,0
1281.0,1
1283.5,0
1283.75,1
1285.25,0
1285.5,1
1286.0,0
1286.25,1
1286.5,0
1286.75,1
1288.0,0
1288.25,1
1289.0,0
1290.5,1
1290.75,0
1301.5,1
1301.75,0
1304.5,1
1304.75,0
1305.0,1
1305.25,0
1305.5,1
1306.5,0
1306.75,1
1307.75,0
1308.0,1
1308.25,0
1308.5,1
1309.0,0
1309.25,1
1309.75,0
1310.0,1
1310.75,0
1311.0,1
1313.25,0
1377.0,1
1378.25,0
1378.5,1
1378.75,0
1379.0,1
1380.75,0
1381.0,1
1382.25,0
1383.0,1
1383.75,0
1384.0,1
1385.0,0
1401.5,1
1401.75,0
1402.0,1
1402.25,0
1402.5,1
1402.75,0
1403.25,1
1403.5,0
1403.75,1
1404.25,0
1404.5,1
1404.75,0
1405.0,1
1407.0,0
1407.25,1
1408.75,0
1412.5,1
1412.75,0
1422.25,1
1422.5,0
1425.5,1
1425.75,0
1426.0,1
1428.25,0
1428.5,1
1429.25,0
1430.25,1
1432.0,0
1432.25,1
1433.25,0
1448.75,1
1449.5,0
1449.75,1
1450.0,0
1450.25,1
1453.0,0
1453.25,1
1453.75,0
1454.0,1
1454.25,0
1454.5,1
1455.0,0
1455.5,1
1456.5,0
1456.75,1
1457.0,0
1461.75,1
1462.0,0
1469.5,1
1469.75,0
1470.0,1
1470.25,0
1471.5,1
1472.25,0
1473.0,1
1475.5,0
1476.0,1
1476.25,0
1476.75,1
1478.5,0
1479.0,1
1480.5,0
1544.5,1
1545.0,0
1545.25,1
1545.5,0
1545.75,1
1546.0,0
1546.25,1
1546.75,0
1547.0,1
1548.0,0
1548.75,1
1549.0,0
1549.5,1
1549.75,0
1550.0,1
1550.25,0
1550.5,1
1551.25,0
1551.75,1
1552.0,0
1552.25,1
1552.75,0
1553.25,1
1553.5,0
1557.25,1
1557.5,0
1566.25,1
1566.5,0
1566.75,1
1567.0,0
1568.5,1
1568.75,0
1569.25,1
1570.5,0
1570.75,1
1571.25,0
1571.5,1
1572.25,0
1572.5,1
1573.5,0
1574.0,1
1575.5,0
1575.75,1
1577.5,0
1592.25,1
1592.5,0
1592.75,1
1593.5,0
1593.75,1
1597.0,0
1597.25,1
1597.5,0
1597.75,1
1598.0,0
1598.25,1
1598.5,0
1598.75,1
1599.0,0
1599.25,1
1600.25,0
1600.75,1
1601.5,0
1606.75,1
1607.0,0
1614.5,1
1615.0,0
1616.25,1
1616.5,0
1617.0,1
1617.25,0
1617.5,1
1620.75,0
1621.0,1
1622.75,0
1623.75,1
1624.25,0
1624.5,1
1625.25,0
1629.5,1
1629.75,0
1637.75,1
1638.0,0
1639.25,1
1639.5,0
1641.0,1
1641.75,0
1642.0,1
1644.25,0
1644.5,1
1645.5,0
1646.0,1
1647.0,0
1647.25,1
1648.0,0
1648.25,1
1648.5,0
1648.75,1
1649.0,0
1649.25,1
1649.5,0
1652.0,1
1652.5,0
1653.0,1
1653.25,0
1713.5,1
1713.75,0
1714.0,1
1715.0,0
1715.25,1
1716.0,0
1716.5,1
1717.0,0
1717.75,1
1718.25,0
1718.5,1
1720.0,0
1720.25,1
1721.0,0
1724.25,1
1724.5,0
1725.0,1
1725.25,0
1725.75,1
1726.0,0
1734.25,1
1734.75,0
1737.25,1
1739.0,0
1739.25,1
1739.75,0
1740.0,1
1741.25,0
1741.5,1
1745.25,0
1745.5,1
1745.75,0
1758.25,1
1758.5,0
1761.0,1
1763.5,0
1763.75,1
1764.5,0
1765.25,1
1765.75,0
1766.25,1
1766.5,0
1766.75,1
1767.75,0
1768.0,1
1768.75,0
1769.0,1
1769.25,0
1769.5,1
1770.0,0
1782.5,1
1782.75,0
1784.0,1
1784.75,0
1785.0,1
1785.75,0
1786.0,1
1787.0,0
1787.25,1
1787.5,0
1787.75,1
1788.0,0
1788.25,1
1789.25,0
1789.75,1
1790.0,0
1790.25,1
1791.25,0
1791.5,1
1792.0,0
1792.25,1
1792.75,0
1793.75,1
1794.0,0
1806.75,1
1807.0,0
1808.25,1
1808.75,0
1809.0,1
1809.25,0
1809.5,1
1811.25,0
1811.5,1
1813.25,0
1813.5,1
1814.0,0
1814.25,1
1814.75,0
1815.0,1
1817.0,0
1877.75,1
1878.0,0
1880.75,1
1881.0,0
1881.25,1
1882.25,0
1882.75,1
1885.0,0
1885.25,1
1885.75,0
1886.0,1
1886.25,0
1887.0,1
1889.0,0
1905.0,1
1905.75,0
1906.25,1
1907.0,0
1907.25,1
1907.75,0
1908.0,1
1908.5,0
1909.0,1
1910.25,0
1911.25,1
1911.5,0
1911.75,1
1912.25,0
1912.5,1
1912.75,0
1913.0,1
1913.25,0
1926.5,1
1927.0,0
1927.25,1
1927.5,0
1928.5,1
1929.25,0
1929.5,1
1931.25,0
1931.75,1
1932.0,0
1932.25,1
1935.75,0
1936.0,1
1937.25,0
1940.5,1
1940.75,0
1950.5,1
1951.0,0
1953.25,1
1953.5,0
1953.75,1
1954.75,0
1955.0,1
1955.5,0
1955.75,1
1956.25,0
1956.5,1
1960.5,0
1960.75,1
1961.25,0
1975.25,1
1975.5,0
1976.25,1
1976.5,0
1977.0,1
1977.25,0
1977.5,1
1979.75,0
1980.0,1
1980.75,0
1981.0,1
1981.5,0
1982.25,1
1984.75,0
2046.25,1
2046.5,0
2048.0,1
2048.25,0
2048.5,1
2048.75,0
2049.25,1
2052.75,0
2053.0,1
2053.75,0
2054.0,1
2054.75,0
2055.0,1
2056.0,0
2056.25,1
2056.75,0
2057.5,1
2057.75,0
2071.0,1
2071.25,0
2073.0,1
2074.0,0
2074.25,1
2074.5,0
2075.0,1
2075.5,0
2075.75,1
2077.5,0
2077.75,1
2079.5,0
2080.0,1
2081.0,0
2085.5,1
2085.75,0
2095.5,1
2095.75,0
2097.25,1
2098.0,0
2098.25,1
2098.5,0
2098.75,1
2100.5,0
2100.75,1
2101.5,0
2101.75,1
2102.5,0
2102.75,1
2103.75,0
2104.0,1
2104.25,0
2104.5,1
2105.0,0
2105.75,1
2106.0,0
2108.5,1
2108.75,0
2118.5,1
2118.75,0
2119.5,1
2119.75,0
2120.5,1
2120.75,0
2121.0,1
2121.25,0
2121.75,1
2122.0,0
2122.25,1
2122.5,0
2122.75,1
2123.0,0
2123.25,1
2123.75,0
2124.5,1
2125.5,0
2126.0,1
2129.0,0
2144.75,1
2145.0,0
2145.25,1
2145.75,0
2146.25,1
2146.5,0
2146.75,1
2148.5,0
2148.75,1
2149.5,0
2150.25,1
2151.75,0
2152.0,1
2153.25,0
2215.75,1
2216.0,0
2216.5,1
2217.0,0
2217.25,1
2220.25,0
2220.5,1
2221.25,0
2221.5,1
2222.0,0
2222.25,1
2223.25,0
2223.5,1
2225.5,0
2227.0,1
2227.25,0
2241.0,1
2241.5,0
2242.0,1
2242.25,0
2242.5,1
2243.0,0
2243.25,1
2245.0,0
2245.25,1
2248.75,0
2249.0,1
2249.25,0
2253.5,1
2253.75,0
2265.25,1
2267.0,0
2267.25,1
2268.5,0
2269.0,1
2269.25,0
2269.5,1
2270.25,0
2270.5,1
2272.5,0
2273.25,1
2273.5,0
2277.0,1
2277.25,0
2286.75,1
2287.0,0
2288.25,1
2288.5,0
2288.75,1
2289.0,0
2289.25,1
2289.5,0
2289.75,1
2291.75,0
2292.0,1
2292.25,0
2292.5,1
2293.5,0
2293.75,1
2295.5,0
2295.75,1
2296.0,0
2296.25,1
2297.0,0
2297.75,1
2298.0,0
2310.25,1
2310.5,0
2312.0,1
2312.25,0
2312.75,1
2314.0,0
2314.25,1
2316.5,0
2316.75,1
2317.0,0
2317.25,1
2317.5,0
2317.75,1
2318.0,0
2318.25,1
2320.5,0
2321.25,1
2321.5,0
2381.75,1
2382.0,0
2384.5,1
2384.75,0
2385.0,1
2385.25,0
2385.5,1
2386.75,0
2387.0,1
2387.5,0
2387.75,1
2388.5,0
2388.75,1
2389.75,0
2390.0,1
2393.0,0
2408.0,1
2408.25,0
2408.75,1
2410.0,0
2410.25,1
2411.0,0
2411.25,1
2414.25,0
2414.5,1
2414.75,0
2415.75,1
2416.0,0
2416.25,1
2416.75,0
2417.0,1
2417.25,0
2417.5,1
2417.75,0
2430.25,1
2430.75,0
2433.0,1
2433.25,0
2433.5,1
2433.75,0
2434.0,1
2437.75,0
2438.0,1
2438.25,0
2438.5,1
2441.25,0
2445.0,1
2445.25,0
2445.75,1
2446.0,0
2456.5,1
2456.75,0
2457.0,1
2457.75,0
2458.0,1
2458.25,0
2458.5,1
2460.25,0
2460.5,1
2461.25,0
2461.5,1
2462.25,0
2462.5,1
2464.75,0
2465.0,1
2465.25,0
2465.5,1
2465.75,0
2478.25,1
2478.5,0
2481.0,1
2481.25,0
2481.5,1
2482.25,0
2482.5,1
2483.25,0
2483.5,1
2484.0,0
2484.75,1
2487.0,0
2487.25,1
2489.25,0
2494.0,1
2494.25,0
2551.75,1
2552.0,0
2552.5,1
2552.75,0
2553.0,1
2556.5,0
2557.0,1
2557.25,0
2557.5,1
2558.5,0
2559.0,1
2560.0,0
2560.25,1
2561.0,0
2575.25,1
2575.5,0
2577.0,1
2577.5,0
2577.75,1
2578.5,0
2578.75,1
2579.25,0
2579.5,1
2580.75,0
2581.25,1
2581.75,0
2582.25,1
2582.5,0
2582.75,1
2583.25,0
2583.5,1
2583.75,0
2584.0,1
2584.25,0
2584.5,1
2584.75,0
2600.5,1
2601.0,0
2601.5,1
2602.75,0
2603.0,1
2603.25,0
2603.75,1
2605.0,0
2605.25,1
2605.5,0
2605.75,1
2606.5,0
2606.75,1
2607.25,0
2607.5,1
2609.0,0
2609.25,1
2609.5,0
2622.75,1
2623.0,0
2623.25,1
2623.5,0
2625.0,1
2625.25,0
2625.5,1
2627.5,0
2627.75,1
2628.0,0
2628.25,1
2628.75,0
2629.0,1
2629.75,0
2630.5,1
2630.75,0
2631.0,1
2632.25,0
2632.5,1
2632.75,0
2647.5,1
2647.75,0
2649.0,1
2649.25,0
2649.5,1
2649.75,0
2650.0,1
2651.25,0
2651.5,1
2652.25,0
2652.5,1
2653.0,0
2653.5,1
2654.5,0
2654.75,1
2656.25,0
2657.25,1
2657.5,0
2661.0,1
2661.25,0
2662.25,1
2662.5,0
2720.25,1
2721.5,0
2721.75,1
2723.25,0
2723.75,1
2725.25,0
2725.5,1
2725.75,0
2726.0,1
2728.5,0
2728.75,1
2729.0,0
2729.5,1
2730.0,0
2743.25,1
2743.5,0
2744.25,1
2744.5,0
2745.25,1
2745.5,0
2745.75,1
2746.25,0
2746.75,1
2747.75,0
2748.0,1
2748.25,0
2748.5,1
2748.75,0
2749.25,1
2751.25,0
2751.5,1
2753.0,0
2768.75,1
2769.0,0
2769.5,1
2769.75,0
2770.25,1
2770.5,0
2770.75,1
2772.0,0
2772.25,1
2774.5,0
2775.25,1
2777.25,0
2791.25,1
2791.5,0
2792.75,1
2793.0,0
2793.25,1
2794.25,0
2794.5,1
2794.75,0
2795.0,1
2796.25,0
2796.75,1
2797.0,0
2797.25,1
2798.5,0
2798.75,1
2801.0,0
2801.25,1
2801.5,0
2816.5,1
2818.5,0
2818.75,1
2819.0,0
2819.25,1
2821.25,0
2821.75,1
2822.75,0
2823.25,1
2824.75,0
2825.0,1
2825.25,0
2825.75,1
2826.0,0
2828.25,1
2828.5,0
2889.25,1
2891.0,0
2891.5,1
2892.25,0
2892.75,1
2893.25,0
2893.5,1
2893.75,0
2894.0,1
2895.0,0
2895.25,1
2896.0,0
2896.75,1
2897.25,0
2900.75,1
2901.0,0
2912.5,1
2912.75,0
2913.5,1
2913.75,0
2914.0,1
2914.75,0
2915.0,1
2916.5,0
2916.75,1
2917.25,0
2917.5,1
2918.0,0
2918.5,1
2918.75,0
2919.25,1
2921.25,0
2937.0,1
2939.75,0
2940.0,1
2940.5,0
2940.75,1
2941.25,0
2941.5,1
2942.0,0
2942.25,1
2944.25,0
2944.5,1
2945.25,0
2948.25,1
2948.5,0
2958.5,1
2958.75,0
2959.5,1
2959.75,0
2960.25,1
2961.0,0
2961.5,1
2963.0,0
2963.25,1
2963.5,0
2963.75,1
2964.0,0
2964.75,1
2966.25,0
2966.5,1
2966.75,0
2967.0,1
2968.5,0
2968.75,1
2969.0,0
2985.0,1
2985.5,0
2986.25,1
2990.25,0
2990.5,1
2990.75,0
2991.25,1
2992.25,0
2993.0,1
2993.5,0
2997.25,1
2997.5,0
3055.0,1
3055.25,0
3056.5,1
3056.75,0
3057.0,1
3060.5,0
3060.75,1
3062.0,0
3062.25,1
3063.5,0
3063.75,1
3064.25,0
3064.5,1
3065.0,0
3077.5,1
3078.0,0
3078.25,1
3078.5,0
3080.5,1
3080.75,0
3081.5,1
3085.75,0
3086.0,1
3088.0,0
3088.25,1
3088.75,0
3102.0,1
3102.25,0
3102.5,1
3102.75,0
3103.0,1
3103.25,0
3105.5,1
3106.75,0
3107.0,1
3108.75,0
3109.0,1
3109.75,0
3110.0,1
3111.75,0
3112.5,1
3113.0,0
3127.75,1
3128.0,0
3129.0,1
3130.5,0
3130.75,1
3131.5,0
3131.75,1
3132.25,0
3132.75,1
3133.25,0
3133.5,1
3133.75,0
3134.0,1
3134.25,0
3134.75,1
3135.5,0
3136.0,1
3136.75,0
3137.0,1
3137.5,0
3137.75,1
3138.0,0
3141.0,1
3141.25,0
3152.0,1
3152.25,0
3152.5,1
3153.25,0
3153.5,1
3155.25,0
3155.5,1
3156.0,0
3156.25,1
3157.0,0
3157.5,1
3158.5,0
3158.75,1
3159.0,0
3159.25,1
3159.5,0
3160.75,1
3161.0,0
3161.25,1
3161.5,0
3225.0,1
3227.5,0
3228.0,1
3228.5,0
3228.75,1
3230.0,0
3230.25,1
3230.5,0
3230.75,1
3231.75,0
3232.0,1
3232.75,0
3233.0,1
3233.25,0
3236.5,1
3236.75,0
3246.75,1
3247.0,0
3247.5,1
3248.0,0
3248.5,1
3249.5,0
3250.0,1
3251.0,0
3251.25,1
3252.5,0
3253.0,1
3253.75,0
3254.0,1
3254.25,0
3254.5,1
3254.75,0
3255.0,1
3256.75,0
3257.0,1
3257.25,0
3270.25,1
3270.5,0
3272.25,1
3272.5,0
3273.25,1
3274.5,0
3274.75,1
3276.0,0
3276.25,1
3277.75,0
3278.5,1
3279.25,0
3279.5,1
3280.75,0
3281.25,1
3281.75,0
3285.25,1
3285.5,0
3297.0,1
3297.25,0
3297.5,1
3302.0,0
3302.25,1
3303.5,0
3303.75,1
3304.75,0
3305.0,1
3305.25,0
3319.25,1
3319.5,0
3319.75,1
3320.75,0
3321.0,1
3321.25,0
3321.75,1
3322.0,0
3322.25,1
3324.0,0
3324.25,1
3325.0,0
3325.25,1
3327.75,0
3328.0,1
3329.0,0
3329.5,1
3329.75,0
3392.75,1
3393.0,0
3393.5,1
3394.75,0
3395.0,1
3395.25,0
3395.5,1
3396.5,0
3396.75,1
3397.0,0
3397.25,1
3397.75,0
3398.0,1
3398.25,0
3398.5,1
3399.5,0
3399.75,1
3401.0,0
3401.75,1
3402.0,0
3414.75,1
3415.0,0
3415.75,1
3416.0,0
3417.0,1
3417.25,0
3417.5,1
3419.0,0
3419.25,1
3419.75,0
3420.0,1
3420.75,0
3421.0,1
3421.25,0
3421.5,1
3422.5,0
3422.75,1
3423.5,0
3423.75,1
3424.5,0
3425.0,1
3425.5,0
3429.75,1
3430.0,0
3441.0,1
3441.5,0
3441.75,1
3443.5,0
3443.75,1
3446.25,0
3446.5,1
3446.75,0
3447.25,1
3449.0,0
3452.25,1
3452.5,0
3463.75,1
3464.0,0
3465.0,1
3465.25,0
3465.5,1
3466.0,0
3466.25,1
3467.25,0
3467.5,1
3468.5,0
3468.75,1
3469.75,0
3470.0,1
3470.5,0
3471.0,1
3471.25,0
3471.5,1
3472.75,0
3473.25,1
3473.5,0
3487.0,1
3487.25,0
3488.75,1
3489.0,0
3489.25,1
3490.75,0
3491.25,1
3491.75,0
3492.25,1
3493.5,0
3494.25,1
3494.5,0
3494.75,1
3495.5,0
3495.75,1
3497.0,0
3558.0,1
3558.25,0
3559.0,1
3559.25,0
3560.25,1
3560.5,0
3561.0,1
3561.75,0
3562.25,1
3563.5,0
3563.75,1
3564.25,0
3564.75,1
3566.0,0
3566.25,1
3567.0,0
3567.5,1
3567.75,0
3568.25,1
3568.75,0
3607.0,1
3607.25,0
3608.75,1
3610.0,0
3610.25,1
3611.25,0
3611.5,1
3612.25,0
3612.75,1
3614.25,0
3614.5,1
3615.5,0
3616.25,1
3617.0,0
3619.75,1
3620.0,0
3622.0,1
3622.25,0
3630.5,1
3630.75,0
3632.0,1
3632.25,0
3632.75,1
3633.25,0
3633.5,1
3634.25,0
3634.5,1
3636.0,0
3636.25,1
3636.5,0
3636.75,1
3637.5,0
3637.75,1
3638.25,0
3638.5,1
3639.75,0
3640.0,1
3641.0,0
3655.25,1
3655.5,0
3656.75,1
3657.25,0
3657.5,1
3658.25,0
3658.5,1
3660.0,0
3660.25,1
3660.75,0
3661.0,1
3661.5,0
3661.75,1
3663.25,0
3663.5,1
3663.75,0
3664.0,1
3664.75,0
3727.0,1
3727.25,0
3729.25,1
3729.75,0
3730.0,1
3730.75,0
3731.0,1
3731.5,0
3732.0,1
3732.5,0
3733.0,1
3733.25,0
3733.5,1
3733.75,0
3734.0,1
3734.25,0
3734.5,1
3737.25,0
3742.0,1
3742.25,0
3752.5,1
3752.75,0
3753.5,1
3754.75,0
3755.0,1
3755.75,0
3756.0,1
3761.0,0
3761.25,1
3762.0,0
3776.75,1
3777.0,0
3777.25,1
3778.5,0
3778.75,1
3780.25,0
3780.5,1
3781.0,0
3781.25,1
3781.75,0
3782.0,1
3782.5,0
3782.75,1
3785.0,0
3785.25,1
3785.75,0
3798.25,1
3798.75,0
3800.5,1
3801.0,0
3801.25,1
3801.5,0
3802.0,1
3803.5,0
3803.75,1
3809.0,0
3813.0,1
3813.25,0
3822.75,1
3823.0,0
3823.75,1
3824.0,0
3824.5,1
3824.75,0
3825.0,1
3825.25,0
3825.75,1
3826.5,0
3826.75,1
3828.75,0
3829.25,1
3829.75,0
3830.0,1
3830.5,0
3831.0,1
3831.75,0
3832.0,1
3832.5,0
3832.75,1
3833.0,0
3833.5,1
3833.75,0
3837.5,1
3837.75,0
3894.0,1
3894.25,0
3895.0,1
3895.25,0
3895.75,1
3896.0,0
3897.25,1
3897.5,0
3897.75,1
3900.25,0
3901.0,1
3902.25,0
3902.5,1
3903.0,0
3903.25,1
3903.75,0
3904.25,1
3904.75,0
3905.0,1
3905.25,0
3909.75,1
3910.0,0
3920.75,1
3921.75,0
3922.25,1
3924.0,0
3924.25,1
3925.0,0
3925.25,1
3926.75,0
3927.0,1
3929.25,0
3933.5,1
3933.75,0
3943.5,1
3943.75,0
3944.25,1
3944.5,0
3945.0,1
3945.25,0
3946.0,1
3946.25,0
3946.75,1
3948.0,0
3948.25,1
3949.0,0
3949.25,1
3949.75,0
3950.0,1
3950.5,0
3950.75,1
3951.75,0
3952.25,1
3952.5,0
3952.75,1
3953.25,0
3966.5,1
3966.75,0
3967.25,1
3967.5,0
3968.75,1
3969.0,0
3969.75,1
3971.0,0
3971.25,1
3972.0,0
3972.25,1
3972.5,0
3973.0,1
3973.25,0
3973.5,1
3974.5,0
3974.75,1
3976.75,0
3977.0,1
3977.75,0
3980.5,1
3980.75,0
3981.75,1
3982.0,0
3990.25,1
3990.5,0
3993.0,1
3993.5,0
3993.75,1
3994.75,0
3995.0,1
3996.25,0
3996.5,1
3997.0,0
3997.25,1
3998.75,0
3999.25,1
4000.0,0
4000.25,1
4000.5,0
4000.75,1
4001.0,0
4064.25,1
4064.75,0
4065.0,1
4067.0,0
4067.25,1
4067.75,0
4068.0,1
4068.75,0
4069.0,1
4071.25,0
4071.5,1
4071.75,0
4072.0,1
4072.75,0
4073.0,1
4073.25,0
4077.0,1
4077.25,0
4088.25,1
4088.5,0
4088.75,1
4089.0,0
4090.75,1
4091.5,0
4092.0,1
4092.25,0
4093.0,1
4094.0,0
4094.5,1
4096.5,0
4097.0,1
4097.5,0
4110.25,1
4110.5,0
4111.75,1
4112.0,0
4113.0,1
4115.0,0
4115.25,1
4116.0,0
4116.25,1
4117.25,0
4117.5,1
4117.75,0
4118.0,1
4119.0,0
4119.5,1
4120.0,0
4120.5,1
4121.0,0
4125.5,1
4125.75,0
4134.0,1
4134.25,0
4136.75,1
4137.0,0
4137.5,1
4138.25,0
4138.5,1
4141.25,0
4141.5,1
4141.75,0
4142.0,1
4143.25,0
4143.5,1
4145.0,0
4147.75,1
4148.0,0
4157.25,1
4157.5,0
4158.0,1
4158.25,0
4160.25,1
4160.5,0
4161.5,1
4162.25,0
4162.5,1
4165.0,0
4165.25,1
4165.5,0
4165.75,1
4166.75,0
4167.0,1
4167.75,0
4168.0,1
4168.75,0
4169.25,1
4169.5,0
4232.75,1
4233.5,0
4233.75,1
4238.75,0
4239.0,1
4241.0,0
4241.25,1
4241.75,0
4257.25,1
4259.0,0
4259.75,1
4260.25,0
4260.5,1
4261.25,0
4261.5,1
4261.75,0
4262.25,1
4262.75,0
4263.0,1
4265.5,0
4268.5,1
4268.75,0
4269.25,1
4269.5,0
4281.0,1
4282.0,0
4282.25,1
4284.5,0
4284.75,1
4285.0,0
4285.25,1
4289.0,0
4302.5,1
4302.75,0
4303.75,1
4304.0,0
4304.5,1
4304.75,0
4305.0,1
4307.0,0
4307.25,1
4308.25,0
4308.75,1
4309.5,0
4309.75,1
4310.0,0
4310.25,1
4310.5,0
4310.75,1
4311.0,0
4311.25,1
4311.75,0
4312.25,1
4313.5,0
4318.5,1
4318.75,0
4329.25,1
4335.75,0
4336.0,1
4336.25,0
4336.5,1
4336.75,0
4337.0,1
4337.25,0
4399.75,1
4400.0,0
4401.5,1
4402.0,0
4402.25,1
4403.0,0
4403.25,1
4404.5,0
4405.25,1
4406.25,0
4406.75,1
4407.25,0
4407.75,1
4408.5,0
4409.0,1
4409.25,0
4447.0,1
4447.25,0
4447.5,1
4447.75,0
4448.75,1
4449.0,0
4449.5,1
4450.0,0
4450.75,1
4451.0,0
4451.25,1
4451.75,0
4452.25,1
4454.0,0
4454.25,1
4455.25,0
4455.75,1
4457.0,0
4457.75,1
4458.0,0
4459.75,1
4460.0,0
4471.5,1
4471.75,0
4473.0,1
4476.75,0
4477.0,1
4478.25,0
4478.5,1
4480.5,0
4480.75,1
4481.25,0
4481.75,1
4482.0,0
4496.0,1
4496.5,0
4497.0,1
4497.5,0
4497.75,1
4499.5,0
4500.0,1
4500.25,0
4500.5,1
4503.0,0
4503.25,1
4505.0,0
4508.0,1
4508.25,0
4508.5,1
4508.75,0
4566.5,1
4566.75,0
4567.25,1
4567.75,0
4568.0,1
4568.25,0
4569.0,1
4570.25,0
4570.5,1
4570.75,0
4571.0,1
4572.25,0
4572.5,1
4572.75,0
4573.25,1
4575.25,0
4575.5,1
4575.75,0
4576.0,1
4577.0,0
4577.5,1
4577.75,0
4591.0,1
4591.25,0
4591.5,1
4592.0,0
4592.5,1
4592.75,0
4593.25,1
4594.75,0
4595.0,1
4596.25,0
4596.5,1
4597.0,0
4597.25,1
4597.75,0
4598.0,1
4598.25,0
4598.5,1
4601.0,0
4604.5,1
4604.75,0
4614.75,1
4615.25,0
4615.75,1
4616.0,0
4617.0,1
4617.5,0
4617.75,1
4620.0,0
4620.25,1
4620.5,0
4620.75,1
4622.25,0
4622.5,1
4622.75,0
4623.0,1
4623.5,0
4623.75,1
4624.25,0
4624.5,1
4625.0,0
4628.5,1
4628.75,0
4629.25,1
4629.5,0
4640.75,1
4641.0,0
4641.25,1
4644.5,0
4644.75,1
4647.25,0
4647.5,1
4648.25,0
4648.5,1
4649.5,0
4663.75,1
4664.0,0
4664.5,1
4664.75,0
4665.0,1
4666.75,0
4667.0,1
4667.5,0
4667.75,1
4668.25,0
4668.5,1
4668.75,0
4669.0,1
4669.5,0
4670.25,1
4670.75,0
4671.25,1
4672.25,0
4672.75,1
4673.5,0
4737.0,1
4738.75,0
4739.0,1
4739.25,0
4739.5,1
4741.0,0
4741.25,1
4741.75,0
4742.0,1
4742.25,0
4742.5,1
4745.25,0
4758.0,1
4758.25,0
4760.25,1
4760.5,0
4761.25,1
4761.75,0
4762.0,1
4762.25,0
4762.5,1
4764.0,0
4764.5,1
4766.0,0
4766.25,1
4766.75,0
4767.25,1
4768.5,0
4768.75,1
4769.25,0
4771.25,1
4771.5,0
4782.0,1
4782.25,0
4782.5,1
4782.75,0
4784.5,1
4784.75,0
4785.25,1
4786.0,0
4786.25,1
4786.5,0
4786.75,1
4787.0,0
4787.25,1
4788.0,0
4788.25,1
4788.5,0
4789.0,1
4789.5,0
4790.25,1
4790.75,0
4791.0,1
4792.25,0
4792.75,1
4793.0,0
4793.25,1
4793.5,0
4798.0,1
4798.25,0
4807.5,1
4807.75,0
4809.75,1
4812.0,0
4812.5,1
4813.25,0
4813.5,1
4814.0,0
4815.0,1
4816.0,0
4816.25,1
4817.0,0
4817.25,1
4817.5,0
4819.75,1
4820.0,0
4833.5,1
4833.75,0
4834.5,1
4835.5,0
4835.75,1
4836.75,0
4837.0,1
4839.75,0
4840.0,1
4840.75,0
4845.0,1
4845.25,0
4903.75,1
4904.0,0
4904.75,1
4905.0,0
4905.25,1
4908.5,0
4908.75,1
4909.75,0
4910.25,1
4911.5,0
4911.75,1
4912.0,0
4912.25,1
4912.5,0
4913.0,1
4913.25,0
4917.25,1
4917.5,0
4925.5,1
4925.75,0
4927.75,1
4928.0,0
4929.0,1
4929.5,0
4929.75,1
4930.5,0
4930.75,1
4931.75,0
4932.0,1
4934.25,0
4934.5,1
4935.75,0
4936.0,1
4936.5,0
4936.75,1
4937.0,0
4937.25,1
4937.5,0
4941.75,1
4942.0,0
4953.0,1
4953.5,0
4953.75,1
4954.5,0
4954.75,1
4956.0,0
4956.25,1
4957.0,0
4957.5,1
4957.75,0
4958.25,1
4959.0,0
4959.5,1
4960.75,0
4961.0,1
4961.25,0
4963.75,1
4964.0,0
4965.25,1
4965.5,0
4974.0,1
4974.25,0
4977.25,1
4977.5,0
4977.75,1
4978.0,0
4978.25,1
4981.25,0
4981.5,1
4982.75,0
4983.25,1
4984.5,0
4985.0,1
4985.25,0
4989.75,1
4990.0,0
4998.75,1
4999.0,0
5000.0,1
5000.75,0
5001.25,1
5001.75,0
5002.0,1
5002.75,0
5003.25,1
5004.25,0
5004.5,1
5005.5,0
5006.0,1
5006.5,0
5007.0,1
5008.75,0
5009.0,1
5009.5,0
5012.5,1
5012.75,0
5070.75,1
5071.0,0
5071.25,1
5072.25,0
5072.75,1
5073.0,0
5073.25,1
5074.25,0
5074.5,1
5074.75,0
5075.25,1
5076.25,0
5076.5,1
5077.75,0
5078.0,1
5079.5,0
5080.0,1
5081.0,0
5081.25,1
5081.75,0
5085.0,1
5085.25,0
5094.75,1
5095.0,0
5096.75,1
5097.0,0
5097.5,1
5098.75,0
5099.0,1
5099.75,0
5100.75,1
5101.25,0
5101.5,1
5102.0,0
5102.25,1
5102.5,0
5102.75,1
5104.75,0
5105.0,1
5105.25,0
5120.75,1
5121.25,0
5121.5,1
5123.0,0
5123.5,1
5126.75,0
5127.0,1
5128.75,0
5129.0,1
5129.25,0
5144.5,1
5144.75,0
5145.0,1
5145.25,0
5145.5,1
5146.0,0
5146.25,1
5147.25,0
5147.5,1
5149.0,0
5149.5,1
5150.75,0
5151.0,1
5151.25,0
5151.5,1
5153.0,0
5166.0,1
5166.25,0
5168.5,1
5168.75,0
5169.0,1
5169.5,0
5169.75,1
5171.5,0
5172.0,1
5172.25,0
5172.5,1
5172.75,0
5173.0,1
5173.25,0
5174.0,1
5177.25,0
5179.75,1
5180.0,0
5240.25,1
5240.5,0
5241.75,1
5242.5,0
5243.0,1
5243.5,0
5243.75,1
5245.25,0
5245.5,1
5246.5,0
5246.75,1
5247.5,0
5247.75,1
5249.25,0
5262.75,1
5263.25,0
5264.5,1
5264.75,0
5265.25,1
5265.5,0
5265.75,1
5266.25,0
5266.75,1
5268.75,0
5269.0,1
5269.75,0
5270.0,1
5270.25,0
5270.5,1
5271.0,0
5271.25,1
5272.5,0
5272.75,1
5273.25,0
5287.0,1
5287.25,0
5288.75,1
5289.25,0
5289.5,1
5293.75,0
5294.0,1
5295.25,0
5295.5,1
5295.75,0
5296.0,1
5297.0,0
5297.25,1
5297.5,0
5312.0,1
5312.25,0
5312.5,1
5312.75,0
5313.0,1
5313.25,0
5313.75,1
5314.25,0
5314.5,1
5315.5,0
5316.0,1
5316.5,0
5317.0,1
5317.75,0
5318.0,1
5321.0,0
5325.25,1
5325.5,0
5334.0,1
5334.25,0
5335.5,1
5335.75,0
5336.25,1
5336.5,0
5337.0,1
5337.25,0
5337.5,1
5340.5,0
5340.75,1
5341.75,0
5342.0,1
5342.5,0
5343.0,1
5343.25,0
5344.0,1
5344.75,0
5408.5,1
5409.0,0
5409.25,1
5411.25,0
5411.5,1
5414.0,0
5414.25,1
5415.25,0
5415.5,1
5417.25,0
5421.25,1
5421.5,0
5432.5,1
5432.75,0
5433.0,1
5433.25,0
5433.5,1
5435.75,0
5436.25,1
5436.5,0
5437.25,1
5437.5,0
5437.75,1
5439.5,0
5439.75,1
5441.0,0
5445.75,1
5446.0,0
5453.5,1
5453.75,0
5455.25,1
5455.5,0
5457.0,1
5458.25,0
5458.5,1
5459.0,0
5459.25,1
5459.75,0
5460.75,1
5463.25,0
5463.75,1
5464.0,0
5464.5,1
5465.25,0
5468.25,1
5468.5,0
5480.25,1
5480.5,0
5481.25,1
5482.0,0
5482.5,1
5483.5,0
5483.75,1
5484.0,0
5484.75,1
5485.5,0
5485.75,1
5488.0,0
5488.25,1
5488.5,0
5488.75,1
5489.0,0
5503.75,1
5504.0,0
5504.75,1
5505.0,0
5505.25,1
5505.5,0
5505.75,1
5508.25,0
5508.5,1
5510.0,0
5510.5,1
5513.25,0
5513.5,1
5513.75,0
5576.5,1
5576.75,0
5577.0,1
5577.5,0
5577.75,1
5581.0,0
5581.5,1
5582.25,0
5582.5,1
5585.5,0
5600.5,1
5600.75,0
5601.0,1
5604.0,0
5604.25,1
5605.0,0
5605.25,1
5606.0,0
5606.75,1
5609.25,0
5623.5,1
5623.75,0
5624.25,1
5624.5,0
5625.5,1
5627.75,0
5628.0,1
5630.75,0
5631.0,1
5632.25,0
5632.5,1
5633.0,0
5633.25,1
5633.5,0
5636.75,1
5637.0,0
5648.75,1
5649.75,0
5650.0,1
5657.25,0
5670.0,1
5670.25,0
5671.5,1
5671.75,0
5673.25,1
5673.5,0
5673.75,1
5675.5,0
5676.0,1
5680.0,0
5742.25,1
5742.5,0
5744.0,1
5744.25,0
5744.5,1
5745.0,0
5745.25,1
5746.0,0
5746.25,1
5747.0,0
5747.25,1
5750.75,0
5751.0,1
5751.5,0
5751.75,1
5753.25,0
5754.0,1
5754.5,0
5767.75,1
5768.0,0
5768.75,1
5769.0,0
5770.0,1
5770.5,0
5770.75,1
5771.75,0
5772.0,1
5774.25,0
5774.5,1
5775.5,0
5775.75,1
5777.0,0
5790.0,1
5790.25,0
5790.75,1
5791.0,0
5791.5,1
5792.0,0
5793.0,1
5793.5,0
5793.75,1
5794.5,0
5794.75,1
5795.25,0
5795.5,1
5796.0,0
5796.25,1
5798.75,0
5799.0,1
5799.25,0
5799.5,1
5801.0,0
5804.75,1
5805.0,0
5814.5,1
5814.75,0
5815.75,1
5817.5,0
5817.75,1
5818.5,0
5818.75,1
5820.0,0
5820.5,1
5821.0,0
5821.5,1
5822.0,0
5822.25,1
5822.75,0
5823.0,1
5824.25,0
5824.5,1
5825.25,0
5830.25,1
5830.75,0
5837.75,1
5838.0,0
5841.25,1
5842.5,0
5843.0,1
5843.5,0
5843.75,1
5844.5,0
5844.75,1
5845.0,0
5845.25,1
5845.75,0
5846.0,1
5847.75,0
5848.25,1
5849.25,0
5850.25,1
5850.5,0
5853.0,1
5853.25,0
5910.5,1
5910.75,0
5913.25,1
5913.5,0
5913.75,1
5915.25,0
5915.5,1
5916.0,0
5916.25,1
5916.75,0
5917.0,1
5918.5,0
5918.75,1
5919.25,0
5919.5,1
5921.0,0
5957.0,1
5957.25,0
5957.75,1
5958.25,0
5958.5,1
5958.75,0
5961.25,1
5961.75,0
5962.0,1
5962.25,0
5962.75,1
5963.0,0
5963.25,1
5965.0,0
5965.25,1
5966.0,0
5966.5,1
5967.5,0
5968.0,1
5968.75,0
5971.0,1
5971.25,0
5982.5,1
5982.75,0
5983.0,1
5983.25,0
5984.25,1
5985.0,0
5985.25,1
5985.5,0
5985.75,1
5987.75,0
5988.25,1
5989.25,0
5989.5,1
5990.0,0
5990.25,1
5992.0,0
5992.25,1
5993.0,0
5993.25,1
5993.75,0
5998.0,1
5998.25,0
6007.0,1
6007.5,0
6009.25,1
6009.5,0
6010.0,1
6012.25,0
6012.5,1
6013.5,0
6014.75,1
6015.25,0
6015.5,1
6016.25,0
6016.5,1
6017.25,0
6078.25,1
6078.5,0
6080.75,1
6081.25,0
6081.75,1
6082.25,0
6082.5,1
6082.75,0
6083.0,1
6083.75,0
6084.0,1
6086.5,0
6087.0,1
6087.5,0
6087.75,1
6089.0,0
6089.25,1
6089.75,0
6092.25,1
6092.5,0
6093.5,1
6093.75,0
6102.75,1
6103.0,0
6105.5,1
6105.75,0
6106.0,1
6107.25,0
6107.5,1
6107.75,0
6108.25,1
6109.5,0
6109.75,1
6110.25,0
6110.5,1
6111.0,0
6111.25,1
6112.0,0
6112.25,1
6112.5,0
6126.75,1
6127.0,0
6128.75,1
6129.25,0
6129.75,1
6130.25,0
6130.5,1
6131.0,0
6131.25,1
6132.0,0
6132.25,1
6136.0,0
6136.25,1
6136.75,0
6137.0,1
6137.75,0
6151.0,1
6151.25,0
6151.5,1
6152.0,0
6153.25,1
6153.5,0
6153.75,1
6155.0,0
6155.25,1
6156.0,0
6156.5,1
6157.75,0
6158.0,1
6158.5,0
6158.75,1
6159.25,0
6159.5,1
6160.25,0
6160.5,1
6160.75,0
6164.0,1
6164.25,0
6174.25,1
6174.5,0
6174.75,1
6175.0,0
6175.75,1
6176.0,0
6176.5,1
6176.75,0
6177.0,1
6178.0,0
6178.25,1
6180.0,0
6180.75,1
6181.5,0
6182.0,1
6182.5,0
6183.0,1
6185.0,0
6185.5,1
6185.75,0
6246.5,1
6246.75,0
6248.75,1
6249.0,0
6249.25,1
6253.25,0
6253.75,1
6254.75,0
6255.0,1
6255.25,0
6255.5,1
6256.75,0
6257.0,1
6257.5,0
6272.25,1
6272.5,0
6272.75,1
6274.0,0
6274.25,1
6275.5,0
6275.75,1
6278.25,0
6278.75,1
6279.0,0
6279.25,1
6281.0,0
6295.75,1
6296.0,0
6297.5,1
6298.0,0
6298.25,1
6301.5,0
6302.0,1
6302.25,0
6302.5,1
6304.25,0
6304.5,1
6305.0,0
6319.25,1
6319.75,0
6320.75,1
6321.25,0
6321.5,1
6322.0,0
6322.25,1
6323.5,0
6324.25,1
6326.0,0
6326.5,1
6327.5,0
6327.75,1
6328.75,0
6329.5,1
6329.75,0
6343.5,1
6343.75,0
6344.25,1
6345.75,0
6346.25,1
6348.5,0
6348.75,1
6349.75,0
6350.25,1
6352.75,0
6415.0,1
6415.25,0
6416.75,1
6417.0,0
6417.25,1
6418.5,0
6418.75,1
6421.0,0
6421.25,1
6421.75,0
6422.0,1
6422.5,0
6422.75,1
6425.0,0
6439.0,1
6439.25,0
6440.25,1
6440.5,0
6441.25,1
6441.75,0
6442.0,1
6442.25,0
6442.75,1
6444.25,0
6444.5,1
6446.5,0
6446.75,1
6448.0,0
6448.25,1
6449.0,0
6449.25,1
6449.5,0
6465.0,1
6465.5,0
6466.0,1
6468.0,0
6468.25,1
6469.25,0
6469.5,1
6469.75,0
6470.0,1
6470.25,0
6470.5,1
6473.0,0
6477.25,1
6477.5,0
6486.0,1
6486.25,0
6486.5,1
6486.75,0
6487.5,1
6487.75,0
6488.25,1
6488.5,0
6488.75,1
6489.0,0
6489.25,1
6489.5,0
6489.75,1
6490.0,0
6490.25,1
6491.5,0
6491.75,1
6492.75,0
6493.0,1
6493.5,0
6493.75,1
6494.25,0
6494.5,1
6497.25,0
6513.0,1
6514.25,0
6514.5,1
6515.25,0
6515.5,1
6518.75,0
6519.0,1
6519.5,0
6519.75,1
6521.0,0
6524.25,1
6524.5,0
6582.75,1
6583.0,0
6584.5,1
6584.75,0
6585.0,1
6585.75,0
6586.0,1
6586.75,0
6587.0,1
6587.25,0
6587.5,1
6588.75,0
6589.25,1
6590.25,0
6590.5,1
6591.5,0
6591.75,1
6592.25,0
6592.5,1
6593.25,0
6609.25,1
6609.75,0
6610.0,1
6610.25,0
6610.5,1
6611.0,0
6611.25,1
6611.75,0
6612.0,1
6612.5,0
6612.75,1
6613.0,0
6613.25,1
6613.75,0
6614.0,1
6615.0,0
6615.25,1
6616.75,0
6630.25,1
6630.75,0
6631.75,1
6632.0,0
6632.5,1
6632.75,0
6633.25,1
6634.0,0
6634.25,1
6636.5,0
6636.75,1
6637.25,0
6637.5,1
6638.5,0
6638.75,1
6639.0,0
6639.25,1
6639.5,0
6640.0,1
6640.25,0
6640.5,1
6640.75,0
6641.75,1
6642.0,0
6654.25,1
6654.5,0
6657.25,1
6658.5,0
6658.75,1
6663.5,0
6664.0,1
6664.25,0
6664.5,1
6664.75,0
6680.75,1
6681.0,0
6681.5,1
6682.0,0
6682.25,1
6683.75,0
6684.0,1
6685.0,0
6685.25,1
6687.0,0
6687.25,1
6688.25,0
6688.5,1
6689.0,0
6693.25,1
6693.5,0
6751.5,1
6751.75,0
6753.75,1
6756.75,0
6757.0,1
6757.5,0
6757.75,1
6758.0,0
6758.25,1
6759.0,0
6759.25,1
6761.25,0
6800.75,1
6801.0,0
6801.25,1
6803.75,0
6804.0,1
6804.25,0
6804.5,1
6806.0,0
6806.25,1
6806.75,0
6807.25,1
6808.75,0
6822.0,1
6822.25,0
6824.0,1
6824.25,0
6825.25,1
6825.75,0
6826.0,1
6827.25,0
6828.25,1
6829.0,0
6829.25,1
6829.75,0
6830.0,1
6830.5,0
6831.0,1
6831.5,0
6831.75,1
6833.0,0
6833.25,1
6833.5,0
6836.5,1
6836.75,0
6845.75,1
6846.0,0
6848.5,1
6848.75,0
6849.0,1
6849.25,0
6849.5,1
6849.75,0
6850.0,1
6853.5,0
6854.0,1
6854.25,0
6854.5,1
6857.25,0
6921.0,1
6921.5,0
6921.75,1
6924.0,0
6924.25,1
6926.75,0
6927.0,1
6927.25,0
6927.5,1
6928.25,0
6928.5,1
6929.0,0
6929.25,1
6929.5,0
6932.25,1
6932.5,0
6942.25,1
6942.5,0
6943.0,1
6943.25,0
6943.75,1
6944.0,0
6944.75,1
6945.25,0
6945.5,1
6948.75,0
6949.0,1
6949.25,0
6949.5,1
6950.5,0
6950.75,1
6951.0,0
6951.25,1
6951.75,0
6952.0,1
6953.25,0
6956.5,1
6956.75,0
6966.75,1
6967.0,0
6967.25,1
6967.5,0
6968.0,1
6968.25,0
6969.0,1
6969.25,0
6969.5,1
6969.75,0
6970.0,1
6972.75,0
6973.0,1
6973.25,0
6973.5,1
6976.5,0
6976.75,1
6977.0,0
6990.5,1
6990.75,0
6992.75,1
6993.25,0
6993.5,1
6994.25,0
6994.5,1
6995.75,0
6996.0,1
6996.25,0
6996.5,1
6998.0,0
6998.25,1
6999.75,0
7000.0,1
7001.0,0
7015.25,1
7015.5,0
7016.0,1
7016.25,0
7017.0,1
7017.25,0
7017.5,1
7019.5,0
7019.75,1
7020.25,0
7020.5,1
7021.0,0
7021.5,1
7022.5,0
7022.75,1
7025.25,0
7028.75,1
7029.0,0
7088.75,1
7089.0,0
7089.5,1
7089.75,0
7090.0,1
7091.25,0
7092.0,1
7093.25,0
7093.75,1
7094.0,0
7095.0,1
7097.75,0
7111.75,1
7112.0,0
7113.5,1
7115.0,0
7115.25,1
7117.0,0
7117.25,1
7119.5,0
7119.75,1
7120.75,0
7121.0,1
7121.25,0
7136.75,1
7137.0,0
7137.25,1
7137.5,0
7137.75,1
7138.0,0
7138.25,1
7138.75,0
7139.0,1
7140.25,0
7140.5,1
7142.25,0
7142.75,1
7143.0,0
7143.25,1
7143.75,0
7144.0,1
7144.75,0
7145.0,1
7145.25,0
7159.25,1
7159.5,0
7160.75,1
7161.5,0
7161.75,1
7162.0,0
7162.25,1
7163.25,0
7163.75,1
7164.5,0
7164.75,1
7165.0,0
7165.25,1
7165.5,0
7166.0,1
7167.0,0
7167.25,1
7167.5,0
7167.75,1
7169.0,0
7183.5,1
7184.0,0
7184.75,1
7185.5,0
7185.75,1
7186.25,0
7186.5,1
7188.5,0
7188.75,1
7189.0,0
7189.25,1
7190.0,0
7190.5,1
7191.75,0
7192.0,1
7192.25,0
7192.75,1
7193.5,0
7255.75,1
7256.0,0
7257.0,1
7257.25,0
7257.5,1
7258.5,0
7259.0,1
7260.0,0
7260.25,1
7261.25,0
7262.0,1
7262.75,0
7263.0,1
7265.25,0
7267.75,1
7268.0,0
7278.0,1
7278.5,0
7279.5,1
7280.0,0
7281.0,1
7281.5,0
7281.75,1
7285.75,0
7286.75,1
7287.0,0
7287.75,1
7288.0,0
7288.25,1
7289.0,0
7302.75,1
7303.0,0
7303.5,1
7303.75,0
7304.75,1
7305.0,0
7305.25,1
7306.0,0
7306.25,1
7308.0,0
7308.25,1
7309.5,0
7309.75,1
7311.0,0
7311.25,1
7311.5,0
7311.75,1
7313.0,0
7327.5,1
7327.75,0
7328.0,1
7328.25,0
7328.75,1
7329.0,0
7329.25,1
7330.0,0
7330.5,1
7331.75,0
7332.25,1
7332.75,0
7333.25,1
7333.5,0
7333.75,1
7334.5,0
7334.75,1
7335.0,0
7335.5,1
7336.0,0
7336.5,1
7336.75,0
7337.0,1
7337.5,0
7340.25,1
7340.5,0
7351.5,1
7351.75,0
7353.25,1
7353.5,0
7353.75,1
7354.75,0
7355.0,1
7355.25,0
7355.75,1
7356.0,0
7356.25,1
7357.25,0
7357.5,1
7357.75,0
7358.0,1
7358.75,0
7359.0,1
7361.25,0
7423.75,1
7424.25,0
7425.0,1
7425.75,0
7426.0,1
7427.5,0
7427.75,1
7428.0,0
7428.5,1
7429.0,0
7429.25,1
7430.25,0
7430.5,1
7430.75,0
7431.0,1
7431.75,0
7432.0,1
7432.75,0
7433.0,1
7433.25,0
7437.0,1
7437.25,0
7448.5,1
7448.75,0
7449.0,1
7449.25,0
7449.5,1
7450.5,0
7450.75,1
7452.25,0
7452.5,1
7453.25,0
7453.5,1
7453.75,0
7454.25,1
7454.5,0
7454.75,1
7456.5,0
7470.5,1
7470.75,0
7471.75,1
7472.0,0
7473.25,1
7473.75,0
7474.0,1
7475.5,0
7475.75,1
7477.5,0
7477.75,1
7478.5,0
7479.0,1
7481.0,0
7481.25,1
7481.5,0
7497.0,1
7498.25,0
7498.5,1
7499.5,0
7499.75,1
7502.0,0
7502.25,1
7502.75,0
7503.0,1
7503.25,0
7503.5,1
7504.5,0
7504.75,1
7505.25,0
7518.5,1
7518.75,0
7520.75,1
7521.0,0
7521.25,1
7522.75,0
7523.0,1
7524.0,0
7525.0,1
7525.25,0
7525.5,1
7527.0,0
7527.5,1
7528.75,0
7529.25,1
7529.5,0
7591.5,1
7591.75,0
7592.25,1
7593.25,0
7593.75,1
7594.0,0
7594.5,1
7595.0,0
7595.5,1
7595.75,0
7596.0,1
7597.5,0
7598.0,1
7598.25,0
7598.5,1
7598.75,0
7599.25,1
7599.5,0
7599.75,1
7601.25,0
7614.0,1
7614.25,0
7614.5,1
7614.75,0
7615.25,1
7615.5,0
7616.75,1
7617.0,0
7617.25,1
7618.0,0
7618.25,1
7618.75,0
7619.0,1
7620.0,0
7620.25,1
7620.75,0
7621.0,1
7621.75,0
7622.25,1
7623.0,0
7623.25,1
7624.0,0
7624.25,1
7625.25,0
7628.5,1
7628.75,0
7632.75,1
7633.0,0
7641.5,1
7642.0,0
7642.25,1
7643.0,0
7643.25,1
7645.0,0
7645.5,1
7646.25,0
7646.5,1
7647.0,0
7647.25,1
7647.75,0
7648.0,1
7649.0,0
7651.25,1
7651.5,0
7665.5,1
7667.25,0
7667.5,1
7670.0,0
7670.25,1
7671.5,0
7671.75,1
7673.0,0
7676.75,1
7677.0,0
7688.5,1
7689.5,0
7690.0,1
7693.5,0
7693.75,1
7695.5,0
7695.75,1
7697.25,0
7697.5,1
7697.75,0
7757.75,1
7758.0,0
7760.75,1
7764.0,0
7764.5,1
7765.0,0
7765.25,1
7767.25,0
7767.5,1
7768.0,0
7768.5,1
7768.75,0
7769.0,1
7769.25,0
7769.5,1
7769.75,0
7782.25,1
7782.5,0
7783.25,1
7783.75,0
7785.25,1
7785.75,0
7786.0,1
7786.75,0
7787.0,1
7787.5,0
7788.0,1
7788.25,0
7788.5,1
7789.75,0
7790.25,1
7791.25,0
7791.5,1
7792.5,0
7792.75,1
7793.0,0
7793.75,1
7794.0,0
7807.0,1
7807.25,0
7809.0,1
7809.25,0
7809.5,1
7812.25,0
7812.5,1
7813.25,0
7813.5,1
7813.75,0
7814.0,1
7815.25,0
7815.5,1
7815.75,0
7816.25,1
7817.25,0
7831.25,1
7831.5,0
7831.75,1
7832.0,0
7833.0,1
7834.0,0
7834.25,1
7835.75,0
7836.0,1
7836.5,0
7836.75,1
7837.0,0
7837.25,1
7839.25,0
7839.5,1
7840.75,0
7926.75,1
7927.0,0
7929.0,1
7930.75,0
7931.0,1
7931.5,0
7931.75,1
7932.25,0
7932.5,1
7933.75,0
7934.0,1
7934.75,0
7935.0,1
7935.5,0
7935.75,1
7936.5,0
7936.75,1
7937.0,0
7951.25,1
7951.5,0
7952.75,1
7953.0,0
7953.25,1
7954.0,0
7954.25,1
7956.75,0
7957.5,1
7957.75,0
7958.0,1
7959.5,0
7959.75,1
7961.5,0
7961.75,1
7962.0,0
7976.75,1
7979.25,0
7979.5,1
7980.0,0
7980.25,1
7981.25,0
7981.5,1
7982.75,0
7983.0,1
7984.5,0
7984.75,1
7985.5,0
7990.0,1
7990.25,0
8000.5,1
8001.0,0
8001.5,1
8002.0,0
8002.25,1
8002.75,0
8003.0,1
8004.0,0
8004.25,1
8004.5,0
8005.5,1
8005.75,0
8006.0,1
8006.75,0
8007.25,1
8007.5,0
8007.75,1
8009.5,0
8022.0,1
8022.25,0
8024.75,1
8025.0,0
8025.5,1
8025.75,0
8026.0,1
8026.75,0
8027.0,1
8028.75,0
8029.0,1
8030.0,0
8030.25,1
8030.75,0
8031.0,1
8031.25,0
8031.5,1
8032.25,0
8032.5,1
8032.75,0
8033.0,1
8033.25,0
8036.5,1
8036.75,0
8094.0,1
8094.25,0
8097.0,1
8100.25,0
8100.5,1
8101.75,0
8102.5,1
8104.5,0
8104.75,1
8105.0,0
8121.25,1
8123.5,0
8123.75,1
8125.0,0
8125.25,1
8125.5,0
8125.75,1
8127.0,0
8127.5,1
8128.0,0
8128.25,1
8129.0,0
8132.75,1
8133.0,0
8144.5,1
8145.0,0
8145.5,1
8145.75,0
8146.25,1
8146.5,0
8146.75,1
8147.75,0
8148.0,1
8150.0,0
8150.25,1
8151.0,0
8151.25,1
8153.0,0
8166.5,1
8167.0,0
8168.25,1
8168.5,0
8169.0,1
8169.25,0
8169.75,1
8170.0,0
8170.25,1
8170.5,0
8170.75,1
8172.25,0
8172.5,1
8173.5,0
8174.0,1
8175.75,0
8176.0,1
8177.0,0
8177.75,1
8178.0,0
8181.0,1
8181.25,0
8192.75,1
8193.0,0
8193.25,1
8194.0,0
8194.25,1
8197.25,0
8198.25,1
8198.5,0
8198.75,1
8200.0,0
8200.25,1
8201.75,0
8256.75,1
8257.0,0
8264.25,1
8265.0,0
8265.25,1
8265.5,0
8265.75,1
8266.0,0
8266.25,1
8266.5,0
8266.75,1
8267.75,0
8268.0,1
8268.25,0
8268.5,1
8268.75,0
8269.25,1
8269.75,0
8270.0,1
8270.25,0
8270.75,1
8271.5,0
8271.75,1
8273.0,0
8273.25,1
8273.5,0
8287.0,1
8287.25,0
8288.25,1
8288.5,0
8288.75,1
8289.5,0
8290.0,1
8292.75,0
8293.25,1
8294.75,0
8295.0,1
8295.25,0
8295.75,1
8296.5,0
8309.5,1
8309.75,0
8311.25,1
8311.5,0
8312.75,1
8313.75,0
8314.0,1
8316.5,0
8316.75,1
8317.5,0
8318.0,1
8318.25,0
8318.5,1
8319.75,0
8320.0,1
8321.25,0
8335.0,1
8335.25,0
8337.0,1
8337.5,0
8337.75,1
8339.25,0
8339.75,1
8341.25,0
8341.5,1
8342.75,0
8343.0,1
8345.5,0
8359.5,1
8359.75,0
8361.0,1
8361.75,0
8362.0,1
8364.25,0
8364.5,1
8365.25,0
8365.5,1
8366.5,0
8366.75,1
8369.5,0
8430.5,1
8430.75,0
8432.25,1
8433.0,0
8433.25,1
8433.5,0
8433.75,1
8434.25,0
8434.5,1
8435.75,0
8436.0,1
8437.5,0
8437.75,1
8438.0,0
8438.25,1
8439.25,0
8439.5,1
8440.5,0
8440.75,1
8441.0,0
8455.5,1
8456.0,0
8456.5,1
8458.25,0
8458.5,1
8459.25,0
8459.5,1
8460.0,0
8460.25,1
8460.75,0
8461.0,1
8461.25,0
8462.25,1
8462.5,0
8462.75,1
8463.0,0
8463.25,1
8465.0,0
8470.0,1
8470.25,0
8480.5,1
8480.75,0
8481.0,1
8482.0,0
8482.5,1
8483.25,0
8483.75,1
8484.5,0
8484.75,1
8485.0,0
8485.25,1
8485.5,0
8485.75,1
8487.0,0
8487.25,1
8487.75,0
8488.0,1
8488.5,0
8489.0,1
8489.25,0
8491.5,1
8491.75,0
8501.75,1
8502.0,0
8505.0,1
8505.5,0
8505.75,1
8506.75,0
8507.0,1
8507.5,0
8507.75,1
8509.0,0
8509.25,1
8509.5,0
8509.75,1
8510.25,0
8511.0,1
8511.25,0
8511.5,1
8513.25,0
8526.0,1
8526.25,0
8528.0,1
8528.5,0
8529.0,1
8529.25,0
8529.5,1
8531.25,0
8531.5,1
8532.0,0
8532.25,1
8533.0,0
8533.25,1
8533.5,0
8534.0,1
8537.0,0
8537.25,1
8537.5,0
8622.5,1
8622.75,0
8623.0,1
8623.25,0
8625.25,1
8625.5,0
8626.25,1
8628.0,0
8628.25,1
8628.5,0
8628.75,1
8630.0,0
8630.25,1
8632.5,0
8633.0,1
8633.25,0
8647.5,1
8647.75,0
8648.25,1
8648.5,0
8649.0,1
8649.25,0
8649.5,1
8652.75,0
8653.0,1
8653.5,0
8653.75,1
8656.0,0
8656.25,1
8657.25,0
8669.5,1
8669.75,0
8670.25,1
8670.5,0
8671.75,1
8672.0,0
8672.25,1
8672.5,0
8673.25,1
8679.75,0
8680.0,1
8681.25,0
8681.5,1
8681.75,0
8696.75,1
8697.25,0
8697.5,1
8698.75,0
8699.0,1
8701.5,0
8701.75,1
8702.25,0
8702.5,1
8704.0,0
8708.75,1
8709.0,0
