#1


float Room-119 (2273,2)
0.0,0
29.5,1
29.75,0
32.75,1
36.5,0
36.75,1
39.0,0
39.25,1
41.0,0
45.0,1
45.25,0
56.25,1
56.5,0
57.5,1
61.0,0
61.25,1
63.25,0
63.5,1
65.0,0
69.75,1
70.0,0
77.75,1
78.0,0
80.25,1
81.0,0
81.25,1
89.25,0
92.0,1
92.25,0
94.0,1
94.25,0
104.25,1
104.5,0
105.0,1
109.25,0
109.5,1
112.25,0
112.5,1
112.75,0
113.0,1
113.5,0
129.5,1
130.25,0
130.5,1
133.5,0
133.75,1
135.25,0
135.5,1
137.75,0
140.5,1
140.75,0
141.25,1
141.5,0
201.0,1
202.5,0
203.25,1
205.25,0
205.5,1
209.0,0
209.25,1
209.75,0
221.5,1
221.75,0
224.75,1
232.0,0
232.25,1
233.0,0
236.5,1
236.75,0
249.0,1
251.5,0
251.75,1
252.0,0
252.5,1
257.25,0
257.5,1
257.75,0
272.0,1
272.25,0
273.25,1
280.5,0
280.75,1
281.25,0
294.75,1
295.0,0
296.0,1
296.25,0
296.75,1
300.5,0
300.75,1
303.75,0
304.0,1
305.75,0
306.25,1
306.5,0
310.0,1
310.25,0
366.75,1
367.0,0
368.5,1
371.75,0
372.0,1
377.5,0
389.5,1
389.75,0
390.0,1
390.25,0
393.25,1
393.5,0
393.75,1
396.75,0
397.0,1
401.5,0
404.75,1
405.0,0
438.5,1
438.75,0
441.0,1
447.5,0
447.75,1
449.25,0
449.5,1
449.75,0
465.25,1
468.5,0
468.75,1
470.25,0
470.5,1
473.5,0
476.75,1
477.0,0
537.0,1
541.25,0
541.5,1
541.75,0
542.0,1
544.75,0
545.0,1
545.25,0
561.25,1
564.5,0
564.75,1
569.0,0
584.75,1
588.0,0
588.25,1
591.0,0
591.25,1
593.25,0
593.75,1
594.0,0
597.75,1
598.0,0
607.0,1
607.25,0
608.25,1
608.75,0
609.25,1
611.5,0
611.75,1
617.25,0
632.75,1
635.25,0
635.5,1
639.25,0
639.5,1
641.0,0
645.75,1
646.0,0
704.5,1
704.75,0
705.0,1
707.5,0
707.75,1
709.0,0
709.25,1
709.5,0
709.75,1
712.0,0
712.25,1
713.75,0
729.0,1
729.75,0
730.25,1
731.75,0
732.0,1
734.25,0
734.5,1
737.25,0
737.5,1
737.75,0
741.0,1
741.25,0
753.0,1
759.25,0
759.5,1
761.0,0
761.25,1
761.5,0
776.75,1
779.75,0
780.0,1
782.0,0
782.25,1
785.25,0
789.5,1
789.75,0
799.0,1
799.25,0
800.0,1
800.25,0
800.75,1
809.25,0
809.5,1
809.75,0
812.75,1
813.0,0
813.25,1
813.5,0
870.75,1
871.25,0
873.25,1
875.25,0
875.5,1
877.25,0
877.5,1
881.25,0
896.5,1
896.75,0
897.0,1
905.0,0
905.25,1
905.5,0
908.75,1
909.0,0
910.0,1
910.25,0
918.5,1
918.75,0
920.5,1
924.5,0
924.75,1
929.5,0
944.5,1
948.25,0
948.5,1
953.0,0
953.25,1
953.5,0
955.75,1
956.0,0
968.5,1
977.25,0
1040.75,1
1047.5,0
1047.75,1
1049.25,0
1049.5,1
1049.75,0
1064.0,1
1064.25,0
1064.75,1
1066.75,0
1067.0,1
1067.5,0
1067.75,1
1071.25,0
1071.5,1
1073.25,0
1110.0,1
1110.25,0
1111.0,1
1111.25,0
1112.75,1
1116.75,0
1117.25,1
1119.5,0
1119.75,1
1121.5,0
1124.5,1
1124.75,0
1136.75,1
1140.75,0
1141.0,1
1145.0,0
1145.75,1
1146.0,0
1208.75,1
1217.5,0
1221.25,1
1221.5,0
1232.75,1
1236.0,0
1236.25,1
1241.25,0
1241.5,1
1241.75,0
1244.5,1
1245.0,0
1255.25,1
1255.5,0
1257.0,1
1261.0,0
1261.25,1
1265.5,0
1270.25,1
1270.75,0
1271.0,1
1271.25,0
1279.25,1
1279.5,0
1279.75,1
1280.0,0
1280.75,1
1281.75,0
1282.0,1
1282.25,0
1282.5,1
1283.75,0
1284.0,1
1284.25,0
1284.5,1
1289.5,0
1293.25,1
1293.5,0
1302.25,1
1302.5,0
1304.0,1
1304.25,0
1304.75,1
1313.5,0
1316.0,1
1316.25,0
1373.75,1
1374.0,0
1376.75,1
1380.0,0
1380.25,1
1381.0,0
1381.75,1
1385.0,0
1387.75,1
1388.0,0
1400.25,1
1400.5,0
1401.0,1
1404.25,0
1404.5,1
1405.25,0
1405.5,1
1408.5,0
1409.0,1
1409.25,0
1424.75,1
1425.0,0
1425.25,1
1428.0,0
1428.25,1
1432.0,0
1432.25,1
1433.0,0
1433.5,1
1434.0,0
1436.75,1
1437.0,0
1449.0,1
1450.0,0
1450.25,1
1452.75,0
1453.25,1
1457.0,0
1471.75,1
1472.0,0
1472.25,1
1472.5,0
1472.75,1
1477.25,0
1477.5,1
1481.25,0
1485.0,1
1485.25,0
1544.75,1
1545.0,0
1545.5,1
1546.5,0
1546.75,1
1548.0,0
1548.25,1
1553.0,0
1553.25,1
1553.5,0
1569.0,1
1572.25,0
1572.5,1
1573.0,0
1573.5,1
1573.75,0
1574.0,1
1577.25,0
1593.0,1
1596.0,0
1596.25,1
1598.5,0
1598.75,1
1599.5,0
1599.75,1
1600.0,0
1600.25,1
1601.25,0
1616.5,1
1616.75,0
1617.25,1
1620.75,0
1621.0,1
1625.25,0
1629.75,1
1630.0,0
1639.5,1
1639.75,0
1641.0,1
1647.0,0
1647.25,1
1649.0,0
1652.5,1
1652.75,0
1653.25,1
1653.5,0
1712.75,1
1715.5,0
1716.0,1
1719.25,0
1719.5,1
1720.25,0
1720.5,1
1721.25,0
1725.5,1
1725.75,0
1736.75,1
1740.0,0
1740.25,1
1745.5,0
1760.5,1
1768.5,0
1768.75,1
1769.0,0
1773.0,1
1773.25,0
1784.75,1
1790.25,0
1790.75,1
1792.5,0
1792.75,1
1793.5,0
1796.25,1
1796.5,0
1808.25,1
1808.5,0
1809.0,1
1814.5,0
1814.75,1
1815.25,0
1815.5,1
1816.75,0
1817.0,1
1817.5,0
1821.75,1
1822.0,0
1881.0,1
1883.25,0
1883.5,1
1889.0,0
1903.0,1
1903.5,0
1903.75,1
1904.0,0
1904.75,1
1907.5,0
1907.75,1
1910.25,0
1910.5,1
1911.75,0
1912.0,1
1913.5,0
1928.75,1
1929.0,0
1929.25,1
1932.25,0
1932.5,1
1937.25,0
1937.5,1
1937.75,0
1949.25,1
1949.5,0
1949.75,1
1950.0,0
1953.0,1
1953.25,0
1953.5,1
1957.25,0
1957.5,1
1961.25,0
1961.5,1
1961.75,0
1976.75,1
1985.25,0
1985.5,1
1985.75,0
2048.25,1
2050.25,0
2050.5,1
2053.5,0
2053.75,1
2057.25,0
2072.75,1
2073.0,0
2073.25,1
2081.25,0
2081.5,1
2081.75,0
2084.25,1
2084.5,0
2096.0,1
2096.25,0
2096.75,1
2097.0,0
2097.25,1
2101.0,0
2101.25,1
2104.0,0
2104.25,1
2105.0,0
2105.5,1
2105.75,0
2118.75,1
2119.0,0
2120.25,1
2120.5,0
2121.25,1
2129.75,0
2144.5,1
2148.0,0
2148.5,1
2153.0,0
2214.75,1
2215.0,0
2215.75,1
2216.0,0
2216.75,1
2220.0,0
2220.25,1
2220.5,0
2221.0,1
2223.0,0
2223.25,1
2225.0,0
2225.25,1
2225.5,0
2241.0,1
2249.0,0
2249.25,1
2249.5,0
2253.5,1
2253.75,0
2262.25,1
2262.5,0
2265.0,1
2272.75,0
2273.0,1
2273.25,0
2273.5,1
2273.75,0
2287.25,1
2287.5,0
2288.75,1
2289.5,0
2289.75,1
2297.25,0
2312.0,1
2312.25,0
2313.0,1
2317.0,0
2317.25,1
2317.75,0
2318.0,1
2321.25,0
2384.75,1
2386.0,0
2386.25,1
2387.5,0
2387.75,1
2393.25,0
2396.75,1
2397.0,0
2398.0,1
2398.25,0
2406.5,1
2406.75,0
2408.25,1
2408.5,0
2408.75,1
2410.0,0
2410.25,1
2417.0,0
2419.5,1
2420.0,0
2421.5,1
2421.75,0
2432.5,1
2434.75,0
2435.0,1
2437.0,0
2437.25,1
2438.25,0
2438.75,1
2439.0,0
2439.25,1
2441.5,0
2444.75,1
2445.0,0
2445.25,1
2445.5,0
2454.5,1
2454.75,0
2456.75,1
2465.25,0
2468.25,1
2468.5,0
2469.0,1
2469.25,0
2480.5,1
2482.75,0
2483.0,1
2483.5,0
2484.0,1
2485.5,0
2485.75,1
2488.75,0
2489.0,1
2489.75,0
2493.0,1
2493.25,0
2549.5,1
2549.75,0
2553.0,1
2557.0,0
2557.75,1
2560.0,0
2560.25,1
2561.0,0
2565.0,1
2565.25,0
2566.75,1
2567.0,0
2576.75,1
2577.0,0
2577.25,1
2584.0,0
2584.25,1
2585.5,0
2589.25,1
2589.5,0
2590.0,1
2590.25,0
2600.75,1
2603.5,0
2603.75,1
2604.5,0
2604.75,1
2609.25,0
2612.5,1
2612.75,0
2621.75,1
2622.0,0
2624.75,1
2628.25,0
2628.5,1
2628.75,0
2629.25,1
2632.0,0
2632.25,1
2632.75,0
2633.0,1
2633.25,0
2634.25,1
2634.5,0
2648.75,1
2649.0,0
2649.25,1
2650.75,0
2651.0,1
2651.5,0
2651.75,1
2656.5,0
2656.75,1
2657.5,0
2661.75,1
2662.0,0
2718.5,1
2718.75,0
2720.75,1
2729.25,0
2744.0,1
2744.25,0
2744.75,1
2752.25,0
2752.5,1
2753.5,0
2769.25,1
2777.25,0
2792.5,1
2795.0,0
2795.25,1
2801.5,0
2815.5,1
2815.75,0
2816.0,1
2816.25,0
2816.5,1
2820.25,0
2820.5,1
2820.75,0
2821.0,1
2821.25,0
2821.5,1
2823.5,0
2823.75,1
2824.25,0
2825.0,1
2825.5,0
2889.0,1
2892.25,0
2892.5,1
2893.5,0
2893.75,1
2897.0,0
2897.25,1
2897.5,0
2912.5,1
2913.0,0
2913.25,1
2917.75,0
2918.0,1
2921.25,0
2923.75,1
2924.0,0
2925.0,1
2925.25,0
2935.75,1
2936.0,0
2936.5,1
2938.0,0
2938.25,1
2943.25,0
2943.5,1
2945.25,0
2960.0,1
2960.25,0
2960.75,1
2961.0,0
2961.25,1
2969.25,0
2972.5,1
2972.75,0
2982.0,1
2982.25,0
2984.25,1
2984.5,0
2984.75,1
2987.5,0
2987.75,1
2989.5,0
2989.75,1
2993.25,0
2996.5,1
2996.75,0
3054.25,1
3054.5,0
3056.25,1
3056.5,0
3056.75,1
3057.5,0
3057.75,1
3060.75,0
3061.0,1
3061.75,0
3062.0,1
3065.25,0
3073.5,1
3073.75,0
3080.75,1
3081.0,0
3081.75,1
3087.5,0
3087.75,1
3089.5,0
3091.25,1
3091.5,0
3104.75,1
3108.0,0
3108.25,1
3108.75,0
3109.0,1
3113.25,0
3117.5,1
3117.75,0
3127.75,1
3128.0,0
3128.5,1
3129.5,0
3129.75,1
3130.0,0
3130.25,1
3130.5,0
3130.75,1
3132.25,0
3132.5,1
3137.0,0
3141.25,1
3141.5,0
3152.75,1
3153.0,0
3153.25,1
3156.75,0
3157.0,1
3157.75,0
3158.0,1
3161.25,0
3165.0,1
3165.25,0
3223.5,1
3223.75,0
3224.75,1
3229.75,0
3230.0,1
3233.75,0
3236.75,1
3237.0,0
3246.75,1
3247.0,0
3249.0,1
3249.25,0
3249.75,1
3252.75,0
3253.5,1
3257.75,0
3273.0,1
3279.25,0
3279.5,1
3280.25,0
3280.5,1
3281.25,0
3281.5,1
3281.75,0
3285.0,1
3285.25,0
3294.5,1
3294.75,0
3295.75,1
3296.0,0
3296.25,1
3296.5,0
3297.0,1
3298.25,0
3298.5,1
3302.0,0
3302.25,1
3304.75,0
3305.0,1
3305.25,0
3308.75,1
3309.0,0
3320.75,1
3321.0,0
3321.25,1
3321.5,0
3321.75,1
3322.0,0
3322.25,1
3323.25,0
3323.5,1
3324.0,0
3324.5,1
3324.75,0
3325.25,1
3329.75,0
3391.75,1
3392.0,0
3393.25,1
3401.25,0
3416.5,1
3420.0,0
3420.5,1
3425.0,0
3425.5,1
3426.0,0
3440.75,1
3441.0,0
3441.25,1
3441.5,0
3441.75,1
3443.75,0
3444.0,1
3444.25,0
3444.5,1
3449.0,0
3449.25,1
3449.75,0
3453.25,1
3453.5,0
3464.75,1
3465.0,0
3465.25,1
3469.0,0
3469.25,1
3473.75,0
3477.25,1
3477.5,0
3487.75,1
3488.0,0
3489.0,1
3492.75,0
3493.25,1
3495.75,0
3496.0,1
3497.5,0
3499.25,1
3499.5,0
3558.75,1
3559.0,0
3559.25,1
3559.5,0
3560.75,1
3565.25,0
3565.5,1
3569.25,0
3573.5,1
3573.75,0
3608.75,1
3612.5,0
3612.75,1
3617.5,0
3620.75,1
3621.0,0
3631.75,1
3632.0,0
3632.25,1
3636.75,0
3637.0,1
3641.25,0
3645.75,1
3646.0,0
3653.75,1
3654.0,0
3656.75,1
3660.0,0
3660.25,1
3661.25,0
3661.5,1
3663.0,0
3663.25,1
3665.0,0
3665.5,1
3665.75,0
3728.5,1
3732.75,0
3733.0,1
3736.25,0
3736.5,1
3737.0,0
3752.5,1
3752.75,0
3753.25,1
3761.5,0
3776.75,1
3780.0,0
3780.5,1
3784.75,0
3785.0,1
3785.25,0
3785.5,1
3785.75,0
3789.0,1
3789.5,0
3799.25,1
3799.5,0
3801.0,1
3808.25,0
3808.5,1
3809.25,0
3813.5,1
3813.75,0
3824.25,1
3828.25,0
3828.5,1
3830.5,0
3830.75,1
3833.25,0
3836.0,1
3836.25,0
3893.75,1
3894.0,0
3896.5,1
3901.5,0
3901.75,1
3904.25,0
3904.5,1
3905.25,0
3905.5,1
3905.75,0
3908.25,1
3908.5,0
3908.75,1
3909.0,0
3909.25,1
3909.5,0
3920.5,1
3921.25,0
3921.5,1
3929.25,0
3944.75,1
3946.0,0
3946.75,1
3950.0,0
3950.25,1
3952.75,0
3953.0,1
3953.5,0
3966.25,1
3966.5,0
3968.5,1
3972.25,0
3972.5,1
3976.25,0
3993.0,1
3996.75,0
3997.0,1
3998.0,0
3998.25,1
4001.5,0
4065.0,1
4067.5,0
4067.75,1
4068.25,0
4068.75,1
4073.25,0
4088.25,1
4088.5,0
4088.75,1
4089.0,0
4089.25,1
4097.5,0
4100.25,1
4100.75,0
4102.25,1
4102.5,0
4113.25,1
4114.25,0
4114.5,1
4121.5,0
4133.5,1
4133.75,0
4136.75,1
4141.25,0
4141.5,1
4145.0,0
4145.5,1
4145.75,0
4160.5,1
4164.25,0
4164.5,1
4165.25,0
4165.5,1
4166.0,0
4166.25,1
4168.25,0
4168.75,1
4169.0,0
4173.25,1
4173.5,0
4174.25,1
4174.5,0
4233.0,1
4236.75,0
4237.0,1
4238.5,0
4239.25,1
4241.25,0
4241.5,1
4241.75,0
4245.25,1
4245.5,0
4256.75,1
4265.0,0
4265.5,1
4265.75,0
4281.25,1
4285.25,0
4285.5,1
4289.25,0
4303.0,1
4303.5,0
4304.75,1
4307.5,0
4307.75,1
4310.75,0
4311.0,1
4312.75,0
4313.0,1
4313.5,0
4318.0,1
4318.25,0
4328.75,1
4329.0,0
4329.25,1
4332.75,0
4333.0,1
4336.75,0
4337.0,1
4337.5,0
4401.5,1
4403.5,0
4403.75,1
4404.25,0
4404.5,1
4405.25,0
4405.5,1
4409.25,0
4409.5,1
4409.75,0
4448.75,1
4456.75,0
4457.0,1
4457.25,0
4462.25,1
4462.5,0
4473.0,1
4480.0,0
4480.25,1
4480.5,0
4480.75,1
4482.0,0
4483.75,1
4484.0,0
4497.0,1
4501.5,0
4501.75,1
4505.75,0
4568.75,1
4574.75,0
4575.0,1
4577.5,0
4579.75,1
4580.0,0
4582.25,1
4582.5,0
4592.0,1
4592.25,0
4592.5,1
4592.75,0
4593.0,1
4595.25,0
4595.5,1
4601.5,0
4616.25,1
4616.5,0
4617.0,1
4620.25,0
4620.5,1
4620.75,0
4621.0,1
4625.0,0
4625.25,1
4625.5,0
4628.0,1
4628.25,0
4639.25,1
4639.5,0
4641.25,1
4649.0,0
4663.25,1
4663.5,0
4663.75,1
4664.0,0
4665.25,1
4668.5,0
4668.75,1
4669.0,0
4669.5,1
4673.5,0
4677.0,1
4677.25,0
4736.25,1
4742.0,0
4742.75,1
4745.25,0
4750.5,1
4750.75,0
4760.75,1
4768.0,0
4768.25,1
4768.75,0
4769.25,1
4769.5,0
4772.25,1
4772.5,0
4784.75,1
4788.0,0
4788.25,1
4788.5,0
4788.75,1
4793.5,0
4793.75,1
4794.0,0
4797.25,1
4797.5,0
4807.0,1
4807.25,0
4808.5,1
4810.75,0
4811.25,1
4811.5,0
4811.75,1
4812.5,0
4812.75,1
4813.75,0
4814.0,1
4816.25,0
4816.5,1
4817.5,0
4820.0,1
4820.25,0
4831.75,1
4832.0,0
4832.5,1
4836.0,0
4836.25,1
4840.0,0
4840.25,1
4841.25,0
4844.25,1
4844.5,0
4905.0,1
4907.75,0
4908.0,1
4909.5,0
4909.75,1
4912.75,0
4913.0,1
4913.25,0
4926.5,1
4926.75,0
4928.75,1
4929.0,0
4929.5,1
4932.5,0
4933.0,1
4937.25,0
4937.5,1
4937.75,0
4952.25,1
4955.75,0
4956.0,1
4961.0,0
4961.25,1
4961.5,0
4977.0,1
4980.0,0
4980.5,1
4982.0,0
4982.25,1
4983.25,0
4983.5,1
4983.75,0
4984.0,1
4985.25,0
4989.75,1
4990.0,0
5000.25,1
5008.0,0
5008.5,1
5009.0,0
5013.0,1
5013.25,0
5072.75,1
5081.0,0
5081.25,1
5081.5,0
5084.75,1
5085.0,0
5094.0,1
5094.25,0
5096.5,1
5097.5,0
5098.0,1
5105.25,0
5105.5,1
5105.75,0
5120.75,1
5129.25,0
5129.5,1
5129.75,0
5131.75,1
5132.0,0
5144.75,1
5148.0,0
5148.25,1
5153.0,0
5153.5,1
5153.75,0
5166.75,1
5167.0,0
5169.0,1
5169.75,0
5170.0,1
5177.25,0
5180.0,1
5180.25,0
5240.75,1
5244.5,0
5244.75,1
5249.0,0
5249.25,1
5249.5,0
5251.25,1
5251.5,0
5262.5,1
5262.75,0
5264.75,1
5266.5,0
5266.75,1
5267.0,0
5267.25,1
5268.75,0
5269.0,1
5269.25,0
5269.5,1
5273.0,0
5273.25,1
5273.5,0
5285.75,1
5286.0,0
5287.5,1
5287.75,0
5288.75,1
5292.5,0
5292.75,1
5297.25,0
5311.5,1
5311.75,0
5312.25,1
5312.5,0
5312.75,1
5321.25,0
5321.5,1
5321.75,0
5336.75,1
5337.0,0
5337.25,1
5342.0,0
5342.25,1
5344.0,0
5344.25,1
5345.5,0
5346.0,1
5346.25,0
5349.5,1
5349.75,0
5409.0,1
5412.25,0
5412.5,1
5413.25,0
5413.5,1
5416.75,0
5417.0,1
5417.25,0
5432.5,1
5435.75,0
5436.0,1
5437.25,0
5437.5,1
5438.25,0
5438.5,1
5441.5,0
5445.25,1
5445.5,0
5455.5,1
5455.75,0
5457.0,1
5459.5,0
5459.75,1
5460.0,0
5460.5,1
5465.25,0
5465.75,1
5466.0,0
5467.0,1
5467.25,0
5469.5,1
5469.75,0
5481.0,1
5483.5,0
5483.75,1
5484.0,0
5484.25,1
5485.25,0
5485.5,1
5489.5,0
5505.0,1
5513.25,0
5514.0,1
5514.25,0
5576.5,1
5582.25,0
5582.5,1
5585.0,0
5585.25,1
5585.5,0
5599.25,1
5599.75,0
5600.75,1
5609.25,0
5612.25,1
5612.5,0
5625.0,1
5633.5,0
5633.75,1
5634.0,0
5636.5,1
5636.75,0
5637.0,1
5637.25,0
5649.0,1
5652.5,0
5653.0,1
5656.5,0
5656.75,1
5657.25,0
5661.75,1
5662.0,0
5673.0,1
5675.25,0
5675.5,1
5676.0,0
5676.75,1
5680.75,0
5681.5,1
5681.75,0
5745.0,1
5748.25,0
5748.75,1
5749.25,0
5749.5,1
5753.5,0
5757.25,1
5757.5,0
5766.25,1
5766.5,0
5767.75,1
5768.0,0
5768.5,1
5768.75,0
5769.0,1
5769.75,0
5770.0,1
5773.25,0
5773.5,1
5777.25,0
5782.0,1
5782.25,0
5793.0,1
5795.75,0
5796.0,1
5796.5,0
5796.75,1
5798.5,0
5798.75,1
5799.0,0
5799.25,1
5801.0,0
5817.25,1
5821.75,0
5822.0,1
5825.25,0
5825.5,1
5825.75,0
5827.75,1
5828.0,0
5830.0,1
5830.25,0
5837.5,1
5837.75,0
5840.25,1
5840.5,0
5841.0,1
5844.0,0
5844.25,1
5846.5,0
5846.75,1
5848.75,0
5849.25,1
5849.5,0
5853.5,1
5853.75,0
5911.75,1
5912.0,0
5912.75,1
5917.0,0
5917.25,1
5918.25,0
5918.75,1
5921.25,0
5959.5,1
5960.0,0
5960.75,1
5965.5,0
5965.75,1
5969.25,0
5982.0,1
5982.25,0
5984.25,1
5984.5,0
5985.0,1
5993.25,0
5996.5,1
5996.75,0
5997.5,1
5997.75,0
6007.0,1
6007.25,0
6007.5,1
6007.75,0
6009.25,1
6017.25,0
6078.75,1
6079.0,0
6081.0,1
6081.25,0
6081.5,1
6084.75,0
6085.0,1
6086.25,0
6086.5,1
6088.5,0
6088.75,1
6089.25,0
6091.5,1
6091.75,0
6093.5,1
6093.75,0
6103.0,1
6103.25,0
6103.75,1
6104.0,0
6105.0,1
6109.0,0
6109.5,1
6110.25,0
6110.5,1
6112.75,0
6113.0,1
6113.25,0
6129.0,1
6132.25,0
6132.5,1
6133.0,0
6133.25,1
6137.25,0
6140.5,1
6140.75,0
6152.75,1
6159.25,0
6159.75,1
6161.0,0
6177.25,1
6184.5,0
6185.0,1
6185.25,0
6249.0,1
6251.5,0
6251.75,1
6253.25,0
6253.5,1
6256.25,0
6256.5,1
6257.25,0
6259.75,1
6260.0,0
6270.25,1
6270.5,0
6273.0,1
6276.25,0
6276.75,1
6281.0,0
6294.75,1
6295.0,0
6296.0,1
6299.5,0
6299.75,1
6304.25,0
6304.5,1
6305.5,0
6307.0,1
6307.25,0
6309.25,1
6309.5,0
6319.25,1
6319.5,0
6320.75,1
6325.25,0
6325.5,1
6330.0,0
6344.75,1
6348.5,0
6349.0,1
6352.25,0
6352.5,1
6353.0,0
6353.25,1
6353.5,0
6415.5,1
6416.0,0
6417.25,1
6425.25,0
6428.75,1
6429.0,0
6437.75,1
6438.0,0
6441.5,1
6449.5,0
6464.75,1
6467.5,0
6467.75,1
6468.25,0
6468.5,1
6468.75,0
6469.0,1
6473.75,0
6476.75,1
6477.0,0
6487.0,1
6487.25,0
6488.5,1
6489.5,0
6489.75,1
6495.75,0
6496.0,1
6497.5,0
6512.75,1
6514.75,0
6515.0,1
6515.25,0
6515.5,1
6515.75,0
6516.0,1
6516.75,0
6517.0,1
6518.5,0
6518.75,1
6519.0,0
6519.25,1
6521.0,0
6584.0,1
6584.25,0
6584.75,1
6585.0,0
6585.25,1
6588.25,0
6588.5,1
6592.75,0
6593.0,1
6593.25,0
6596.0,1
6596.25,0
6597.25,1
6597.5,0
6608.25,1
6608.5,0
6609.5,1
6610.0,0
6610.25,1
6617.0,0
6617.25,1
6617.5,0
6619.5,1
6619.75,0
6630.5,1
6630.75,0
6631.25,1
6631.5,0
6632.5,1
6634.0,0
6634.25,1
6636.5,0
6636.75,1
6638.25,0
6638.5,1
6640.25,0
6640.5,1
6641.25,0
6656.75,1
6659.0,0
6659.5,1
6665.0,0
6665.25,1
6665.5,0
6672.25,1
6672.75,0
6680.75,1
6689.25,0
6693.0,1
6693.25,0
6752.5,1
6752.75,0
6753.25,1
6753.5,0
6753.75,1
6755.5,0
6755.75,1
6761.5,0
6801.0,1
6805.75,0
6806.0,1
6809.25,0
6812.75,1
6813.0,0
6823.25,1
6823.5,0
6824.5,1
6824.75,0
6825.0,1
6828.5,0
6828.75,1
6829.75,0
6830.0,1
6832.0,0
6832.25,1
6833.0,0
6836.75,1
6837.0,0
6849.0,1
6853.25,0
6853.5,1
6853.75,0
6854.0,1
6856.75,0
6919.5,1
6919.75,0
6920.5,1
6920.75,0
6921.0,1
6921.25,0
6921.5,1
6929.0,0
6944.5,1
6944.75,0
6945.25,1
6945.5,0
6945.75,1
6949.25,0
6949.5,1
6951.25,0
6951.75,1
6953.25,0
6956.0,1
6956.25,0
6957.5,1
6957.75,0
6966.75,1
6967.0,0
6967.25,1
6967.5,0
6967.75,1
6968.0,0
6968.75,1
6969.0,0
6969.5,1
6970.25,0
6970.5,1
6977.25,0
6977.75,1
6978.0,0
6980.75,1
6981.0,0
6993.0,1
6993.25,0
6993.5,1
6998.25,0
6998.5,1
7001.5,0
7004.25,1
7004.5,0
7014.25,1
7014.5,0
7016.75,1
7017.5,0
7017.75,1
7021.0,0
7021.25,1
7025.25,0
7025.5,1
7025.75,0
7088.25,1
7088.75,0
7089.0,1
7090.25,0
7090.5,1
7091.75,0
7092.25,1
7093.75,0
7094.0,1
7097.5,0
7100.75,1
7101.0,0
7109.5,1
7109.75,0
7113.0,1
7116.0,0
7116.25,1
7121.25,0
7137.0,1
7139.75,0
7140.25,1
7140.5,0
7140.75,1
7145.25,0
7147.5,1
7147.75,0
7158.75,1
7159.0,0
7160.5,1
7164.5,0
7164.75,1
7165.0,0
7165.25,1
7169.25,0
7169.5,1
7169.75,0
7172.0,1
7172.25,0
7172.75,1
7173.0,0
7173.75,1
7174.0,0
7184.75,1
7189.25,0
7189.5,1
7190.0,0
7190.25,1
7190.75,0
7191.25,1
7193.0,0
7193.25,1
7193.5,0
7194.5,1
7194.75,0
7253.75,1
7254.0,0
7254.25,1
7254.5,0
7256.75,1
7260.25,0
7260.5,1
7261.75,0
7262.0,1
7265.25,0
7265.5,1
7265.75,0
7269.0,1
7269.25,0
7278.25,1
7278.5,0
7281.0,1
7283.75,0
7284.0,1
7285.25,0
7285.5,1
7288.5,0
7288.75,1
7289.25,0
7292.25,1
7292.5,0
7303.25,1
7303.5,0
7304.75,1
7308.0,0
7308.25,1
7313.0,0
7313.5,1
7314.0,0
7327.5,1
7327.75,0
7328.0,1
7337.5,0
7352.5,1
7360.25,0
7360.5,1
7360.75,0
7361.0,1
7361.25,0
7366.25,1
7366.5,0
7425.25,1
7431.5,0
7431.75,1
7432.25,0
7432.5,1
7433.0,0
7446.25,1
7446.5,0
7447.0,1
7447.25,0
7449.0,1
7457.25,0
7470.25,1
7470.5,0
7471.75,1
7472.0,0
7473.0,1
7475.25,0
7475.75,1
7476.25,0
7476.5,1
7476.75,0
7477.0,1
7481.5,0
7485.0,1
7485.25,0
7494.5,1
7494.75,0
7497.25,1
7503.25,0
7503.5,1
7505.25,0
7505.5,1
7505.75,0
7518.75,1
7519.0,0
7520.25,1
7520.75,0
7521.0,1
7526.25,0
7526.5,1
7528.0,0
7528.25,1
7529.5,0
7532.0,1
7532.25,0
7592.25,1
7597.25,0
7597.5,1
7601.0,0
7601.5,1
7602.0,0
7604.25,1
7604.5,0
7614.75,1
7615.0,0
7617.0,1
7619.5,0
7619.75,1
7622.25,0
7622.5,1
7624.25,0
7624.5,1
7625.0,0
7627.75,1
7628.0,0
7628.25,1
7628.5,0
7631.0,1
7631.25,0
7637.0,1
7637.25,0
7640.75,1
7642.75,0
7643.0,1
7644.75,0
7645.0,1
7649.0,0
7652.0,1
7652.25,0
7663.25,1
7663.5,0
7664.75,1
7665.25,0
7665.75,1
7669.25,0
7669.5,1
7670.25,0
7670.5,1
7673.25,0
7677.25,1
7677.5,0
7688.0,1
7688.25,0
7688.75,1
7689.25,0
7689.5,1
7697.5,0
7758.75,1
7759.0,0
7759.5,1
7759.75,0
7760.75,1
7763.0,0
7763.5,1
7765.5,0
7765.75,1
7766.0,0
7766.25,1
7768.5,0
7768.75,1
7769.25,0
7785.0,1
7785.5,0
7785.75,1
7786.75,0
7787.25,1
7787.5,0
7787.75,1
7788.0,0
7788.25,1
7793.25,0
7793.75,1
7794.0,0
7808.75,1
7809.75,0
7810.0,1
7811.0,0
7811.25,1
7812.5,0
7812.75,1
7813.5,0
7813.75,1
7817.25,0
7821.5,1
7821.75,0
7822.5,1
7822.75,0
7832.75,1
7834.5,0
7834.75,1
7835.75,0
7836.25,1
7836.75,0
7837.0,1
7841.25,0
7926.75,1
7927.0,0
7927.75,1
7928.0,0
7929.0,1
7931.25,0
7931.5,1
7936.25,0
7936.5,1
7936.75,0
7937.0,1
7937.25,0
7952.0,1
7952.25,0
7952.75,1
7953.0,0
7953.5,1
7961.25,0
7961.5,1
7961.75,0
7964.5,1
7964.75,0
7965.75,1
7966.0,0
7976.75,1
7977.0,0
7977.25,1
7981.75,0
7982.0,1
7985.5,0
8000.25,1
8001.0,0
8001.25,1
8005.25,0
8005.5,1
8006.25,0
8006.5,1
8007.5,0
8007.75,1
8009.0,0
8010.0,1
8010.25,0
8011.25,1
8011.5,0
8023.0,1
8023.25,0
8025.0,1
8027.25,0
8027.5,1
8029.0,0
8029.25,1
8030.5,0
8031.0,1
8032.75,0
8033.25,1
8033.5,0
8037.75,1
8038.0,0
8094.25,1
8094.5,0
8097.0,1
8101.75,0
8102.0,1
8105.25,0
8105.5,1
8105.75,0
8109.25,1
8109.5,0
8120.25,1
8120.75,0
8121.5,1
8122.5,0
8122.75,1
8124.0,0
8124.25,1
8129.25,0
8133.25,1
8133.5,0
8134.5,1
8135.25,0
8141.75,1
8142.0,0
8145.25,1
8145.75,0
8146.0,1
8153.0,0
8153.25,1
8153.5,0
8157.5,1
8157.75,0
8168.75,1
8176.75,0
8177.0,1
8177.25,0
8181.75,1
8182.0,0
8192.75,1
8197.0,0
8197.25,1
8201.25,0
8207.25,1
8207.5,0
8262.5,1
8262.75,0
8264.75,1
8273.25,0
8289.0,1
8297.75,0
8310.5,1
8311.0,0
8311.5,1
8311.75,0
8312.75,1
8315.5,0
8315.75,1
8318.0,0
8318.25,1
8320.0,0
8320.25,1
8320.75,0
8321.0,1
8321.25,0
8336.75,1
8337.0,0
8337.25,1
8340.0,0
8340.25,1
8340.75,0
8341.0,1
8343.25,0
8343.75,1
8345.5,0
8360.75,1
8361.0,0
8361.25,1
8365.25,0
8365.5,1
8365.75,0
8366.0,1
8369.25,0
8369.75,1
8370.0,0
8433.0,1
8433.5,0
8433.75,1
8440.75,0
8441.25,1
8441.5,0
8456.75,1
8460.25,0
8460.5,1
8461.0,0
8461.25,1
8465.75,0
8481.0,1
8484.25,0
8484.5,1
8489.0,0
8489.75,1
8490.0,0
8503.25,1
8503.75,0
8504.75,1
8511.25,0
8511.5,1
8513.5,0
8527.5,1
8527.75,0
8528.25,1
8528.5,0
8528.75,1
8533.0,0
8533.25,1
8534.75,0
8535.0,1
8535.75,0
8536.0,1
8536.5,0
8536.75,1
8537.25,0
8537.5,1
8537.75,0
8624.5,1
8624.75,0
8625.0,1
8628.75,0
8629.0,1
8633.5,0
8638.0,1
8638.25,0
8648.75,1
8654.0,0
8654.25,1
8657.25,0
8657.5,1
8657.75,0
8660.75,1
8661.0,0
8662.25,1
8662.75,0
8672.0,1
8672.25,0
8672.75,1
8673.0,0
8673.5,1
8678.5,0
8678.75,1
8679.5,0
8679.75,1
8681.0,0
8686.75,1
8687.0,0
8696.75,1
8697.25,0
8697.5,1
8698.5,0
8698.75,1
8700.5,0
8700.75,1
8701.0,0
8701.25,1
8705.0,0
8705.25,1
8706.0,0
8708.75,1
8709.0,0
