#1


float Room-339 (4291,2)
0.0,0
30.75,1
31.0,0
32.75,1
33.5,0
33.75,1
35.25,0
35.75,1
36.25,0
36.5,1
37.25,0
37.5,1
38.25,0
38.5,1
39.25,0
39.5,1
40.75,0
56.0,1
56.25,0
56.5,1
56.75,0
57.5,1
57.75,0
58.0,1
58.5,0
58.75,1
59.5,0
60.25,1
60.5,0
61.0,1
61.75,0
62.0,1
64.75,0
65.0,1
65.5,0
68.0,1
68.25,0
78.5,1
78.75,0
81.0,1
81.25,0
81.75,1
83.25,0
83.5,1
85.0,0
85.5,1
86.25,0
86.5,1
89.0,0
93.25,1
93.5,0
102.25,1
102.5,0
105.0,1
108.0,0
108.25,1
109.25,0
109.5,1
111.25,0
111.75,1
112.25,0
128.5,1
130.0,0
130.25,1
133.0,0
133.25,1
133.75,0
134.0,1
136.25,0
136.5,1
136.75,0
199.0,1
199.25,0
200.0,1
200.25,0
200.5,1
200.75,0
201.25,1
201.75,0
202.0,1
202.25,0
202.5,1
203.75,0
204.0,1
205.75,0
206.25,1
206.75,0
207.25,1
209.5,0
210.25,1
210.5,0
211.5,1
211.75,0
212.75,1
213.0,0
225.25,1
226.25,0
226.5,1
228.0,0
228.25,1
229.0,0
229.25,1
231.0,0
231.25,1
231.5,0
231.75,1
232.25,0
232.75,1
233.25,0
248.5,1
249.5,0
249.75,1
250.0,0
250.25,1
251.25,0
251.5,1
252.25,0
252.75,1
254.0,0
254.25,1
255.5,0
255.75,1
256.5,0
257.25,1
257.5,0
271.25,1
271.5,0
271.75,1
272.0,0
273.0,1
275.0,0
275.25,1
277.0,0
277.25,1
277.5,0
277.75,1
278.25,0
278.5,1
279.25,0
279.5,1
280.5,0
280.75,1
281.0,0
288.5,1
288.75,0
296.25,1
296.5,0
297.25,1
301.5,0
301.75,1
302.25,0
302.5,1
304.25,0
304.5,1
305.5,0
366.5,1
366.75,0
368.0,1
368.25,0
368.75,1
370.0,0
370.5,1
371.0,0
371.5,1
372.5,0
372.75,1
375.5,0
375.75,1
377.5,0
381.0,1
381.25,0
393.0,1
393.25,0
393.5,1
395.0,0
395.25,1
395.5,0
396.25,1
396.75,0
397.0,1
397.25,0
397.75,1
399.75,0
400.0,1
400.75,0
401.25,1
401.5,0
404.75,1
405.25,0
439.0,1
439.25,0
439.75,1
440.0,0
440.25,1
440.5,0
441.75,1
445.0,0
445.25,1
446.0,0
446.5,1
447.25,0
447.75,1
449.0,0
462.75,1
463.0,0
465.0,1
467.25,0
467.5,1
467.75,0
468.5,1
469.25,0
469.5,1
472.75,0
473.0,1
473.25,0
477.75,1
478.0,0
535.0,1
535.25,0
536.0,1
536.25,0
536.75,1
537.25,0
537.5,1
538.5,0
538.75,1
539.0,0
539.25,1
540.5,0
540.75,1
542.0,0
542.25,1
542.75,0
543.0,1
544.0,0
544.25,1
545.0,0
548.5,1
548.75,0
550.0,1
550.25,0
560.25,1
560.5,0
560.75,1
561.75,0
562.75,1
563.75,0
564.0,1
565.25,0
565.5,1
565.75,0
566.0,1
566.75,0
567.0,1
568.0,0
568.5,1
569.25,0
572.5,1
572.75,0
585.25,1
587.0,0
587.25,1
587.5,0
588.0,1
589.0,0
589.25,1
590.25,0
590.5,1
590.75,0
591.0,1
591.5,0
591.75,1
592.25,0
592.5,1
593.5,0
593.75,1
594.0,0
596.5,1
596.75,0
606.5,1
606.75,0
608.25,1
608.5,0
609.0,1
609.75,0
610.0,1
611.5,0
611.75,1
612.75,0
613.0,1
613.25,0
613.5,1
614.75,0
615.25,1
615.5,0
615.75,1
617.0,0
620.5,1
620.75,0
630.25,1
630.5,0
631.5,1
632.0,0
633.5,1
634.25,0
634.5,1
635.0,0
635.25,1
635.75,0
636.0,1
636.5,0
636.75,1
639.25,0
639.5,1
641.25,0
704.75,1
705.25,0
705.5,1
706.75,0
707.0,1
709.75,0
710.0,1
710.5,0
710.75,1
711.0,0
711.25,1
712.0,0
712.25,1
713.5,0
726.5,1
727.0,0
727.75,1
728.0,0
728.25,1
728.5,0
728.75,1
729.5,0
729.75,1
730.25,0
730.5,1
730.75,0
731.0,1
733.75,0
734.0,1
737.0,0
737.25,1
737.5,0
740.25,1
740.5,0
742.25,1
742.5,0
750.25,1
750.5,0
753.0,1
753.25,0
753.5,1
756.25,0
756.5,1
756.75,0
757.25,1
758.25,0
758.5,1
759.0,0
759.25,1
759.5,0
760.0,1
761.0,0
761.25,1
761.5,0
775.75,1
776.75,0
777.0,1
777.5,0
777.75,1
779.0,0
779.25,1
779.75,0
780.0,1
781.0,0
781.5,1
782.75,0
783.0,1
784.25,0
784.5,1
784.75,0
785.0,1
785.5,0
798.0,1
798.25,0
799.25,1
799.5,0
800.5,1
800.75,0
801.0,1
802.75,0
803.25,1
805.0,0
805.25,1
805.5,0
805.75,1
806.25,0
806.5,1
807.25,0
807.5,1
807.75,0
808.0,1
809.25,0
812.25,1
812.5,0
870.25,1
870.75,0
871.25,1
871.5,0
873.25,1
876.0,0
876.25,1
876.5,0
876.75,1
878.25,0
878.5,1
879.0,0
879.25,1
881.25,0
895.0,1
895.25,0
895.75,1
896.0,0
897.5,1
899.5,0
899.75,1
900.0,0
900.25,1
900.5,0
901.0,1
901.5,0
901.75,1
902.25,0
902.5,1
903.75,0
904.0,1
904.5,0
904.75,1
905.75,0
917.0,1
917.25,0
919.25,1
919.5,0
921.0,1
921.75,0
922.0,1
922.5,0
922.75,1
923.75,0
924.25,1
925.0,0
925.25,1
925.5,0
925.75,1
928.5,0
932.75,1
933.0,0
942.0,1
942.25,0
943.5,1
943.75,0
945.0,1
946.5,0
947.0,1
949.0,0
949.25,1
949.5,0
950.0,1
950.25,0
950.5,1
952.25,0
953.0,1
953.25,0
958.75,1
959.0,0
967.0,1
967.25,0
969.5,1
969.75,0
970.5,1
971.75,0
972.0,1
972.25,0
972.75,1
973.0,0
973.25,1
973.5,0
974.5,1
975.25,0
975.5,1
976.5,0
976.75,1
977.25,0
1037.75,1
1038.0,0
1038.25,1
1038.75,0
1039.5,1
1039.75,0
1040.0,1
1040.25,0
1041.0,1
1041.25,0
1041.5,1
1042.5,0
1043.0,1
1043.75,0
1044.0,1
1045.0,0
1045.25,1
1046.0,0
1046.25,1
1047.25,0
1047.5,1
1048.5,0
1048.75,1
1049.25,0
1054.25,1
1054.5,0
1062.5,1
1063.25,0
1064.75,1
1065.0,0
1065.25,1
1066.75,0
1067.0,1
1068.25,0
1068.75,1
1070.75,0
1071.0,1
1071.25,0
1071.5,1
1072.0,0
1072.25,1
1072.5,0
1072.75,1
1073.25,0
1110.5,1
1110.75,0
1112.25,1
1112.5,0
1112.75,1
1113.5,0
1113.75,1
1115.25,0
1115.5,1
1117.0,0
1117.5,1
1118.0,0
1119.0,1
1120.75,0
1134.25,1
1134.75,0
1135.5,1
1135.75,0
1137.0,1
1137.25,0
1137.5,1
1138.5,0
1138.75,1
1140.75,0
1141.25,1
1143.0,0
1143.25,1
1144.5,0
1144.75,1
1145.5,0
1206.25,1
1206.5,0
1207.0,1
1207.25,0
1208.5,1
1209.0,0
1209.25,1
1209.5,0
1209.75,1
1210.25,0
1210.5,1
1211.75,0
1212.0,1
1212.75,0
1213.5,1
1214.5,0
1214.75,1
1215.0,0
1215.25,1
1216.5,0
1216.75,1
1217.25,0
1230.25,1
1230.5,0
1231.75,1
1232.0,0
1232.75,1
1234.0,0
1234.25,1
1234.5,0
1234.75,1
1235.25,0
1235.5,1
1236.75,0
1237.25,1
1238.5,0
1238.75,1
1239.25,0
1239.5,1
1241.25,0
1246.0,1
1246.25,0
1256.5,1
1257.0,0
1257.25,1
1257.5,0
1257.75,1
1259.75,0
1260.0,1
1261.5,0
1261.75,1
1262.25,0
1262.5,1
1264.0,0
1264.25,1
1264.5,0
1265.0,1
1265.5,0
1266.0,1
1266.25,0
1269.75,1
1270.0,0
1273.5,1
1273.75,0
1277.75,1
1278.0,0
1280.75,1
1281.0,0
1281.25,1
1285.5,0
1286.0,1
1286.5,0
1286.75,1
1287.0,0
1287.25,1
1287.75,0
1288.0,1
1288.5,0
1288.75,1
1289.25,0
1304.0,1
1304.25,0
1305.0,1
1305.25,0
1305.5,1
1308.25,0
1308.5,1
1309.5,0
1309.75,1
1310.25,0
1310.75,1
1312.75,0
1377.0,1
1377.5,0
1378.0,1
1381.25,0
1381.5,1
1381.75,0
1382.0,1
1385.0,0
1385.25,1
1385.5,0
1388.25,1
1388.5,0
1398.5,1
1398.75,0
1399.25,1
1399.5,0
1400.75,1
1401.25,0
1401.5,1
1402.0,0
1402.25,1
1403.25,0
1404.0,1
1404.5,0
1404.75,1
1406.5,0
1406.75,1
1407.25,0
1407.5,1
1408.25,0
1408.5,1
1409.25,0
1412.0,1
1412.25,0
1412.5,1
1412.75,0
1422.25,1
1422.5,0
1425.0,1
1425.25,0
1425.5,1
1426.0,0
1426.25,1
1428.25,0
1428.75,1
1430.25,0
1430.5,1
1432.75,0
1433.0,1
1433.25,0
1447.25,1
1447.5,0
1449.0,1
1449.25,0
1450.0,1
1454.75,0
1455.0,1
1455.5,0
1456.5,1
1457.0,0
1461.0,1
1461.25,0
1470.25,1
1470.5,0
1471.5,1
1471.75,0
1473.75,1
1474.0,0
1474.5,1
1475.0,0
1475.25,1
1476.5,0
1476.75,1
1477.5,0
1477.75,1
1478.75,0
1479.25,1
1479.75,0
1480.0,1
1480.25,0
1480.5,1
1481.0,0
1481.25,1
1481.5,0
1484.75,1
1485.0,0
1485.25,1
1485.5,0
1544.0,1
1544.75,0
1545.5,1
1546.75,0
1547.0,1
1547.5,0
1547.75,1
1549.0,0
1549.25,1
1551.0,0
1551.25,1
1552.0,0
1552.25,1
1553.25,0
1567.75,1
1568.25,0
1568.75,1
1569.5,0
1569.75,1
1572.75,0
1573.0,1
1574.0,0
1574.25,1
1576.5,0
1580.0,1
1580.25,0
1580.5,1
1580.75,0
1592.75,1
1593.0,0
1593.5,1
1593.75,0
1594.0,1
1595.5,0
1595.75,1
1597.0,0
1597.25,1
1597.5,0
1597.75,1
1598.0,0
1598.25,1
1599.25,0
1599.5,1
1600.0,0
1600.25,1
1601.0,0
1605.25,1
1605.75,0
1615.25,1
1615.5,0
1616.0,1
1616.25,0
1616.5,1
1616.75,0
1617.25,1
1618.5,0
1618.75,1
1619.5,0
1620.75,1
1622.75,0
1623.0,1
1623.5,0
1623.75,1
1624.0,0
1624.25,1
1624.75,0
1625.25,1
1625.5,0
1638.75,1
1639.0,0
1639.75,1
1640.0,0
1640.25,1
1640.75,0
1641.25,1
1641.5,0
1642.0,1
1643.0,0
1643.25,1
1644.0,0
1644.25,1
1645.25,0
1645.5,1
1646.0,0
1646.25,1
1648.0,0
1648.5,1
1649.0,0
1649.5,1
1649.75,0
1652.0,1
1652.25,0
1710.25,1
1710.5,0
1712.75,1
1714.5,0
1714.75,1
1715.5,0
1715.75,1
1716.0,0
1716.25,1
1717.0,0
1717.25,1
1718.25,0
1718.5,1
1718.75,0
1719.0,1
1720.75,0
1721.0,1
1721.5,0
1736.75,1
1737.5,0
1737.75,1
1738.5,0
1738.75,1
1739.75,0
1740.5,1
1740.75,0
1741.0,1
1741.5,0
1741.75,1
1742.5,0
1742.75,1
1743.0,0
1743.25,1
1744.75,0
1745.0,1
1745.5,0
1745.75,1
1746.0,0
1761.0,1
1761.5,0
1761.75,1
1762.0,0
1762.25,1
1763.0,0
1763.25,1
1765.75,0
1766.25,1
1768.75,0
1769.25,1
1769.5,0
1773.25,1
1773.5,0
1782.25,1
1782.5,0
1783.25,1
1783.5,0
1785.25,1
1785.5,0
1785.75,1
1790.5,0
1790.75,1
1793.25,0
1806.25,1
1806.5,0
1807.0,1
1807.25,0
1809.0,1
1810.75,0
1811.5,1
1812.0,0
1812.25,1
1817.0,0
1817.25,1
1817.5,0
1821.0,1
1821.25,0
1880.25,1
1880.75,0
1881.5,1
1883.0,0
1883.25,1
1884.0,0
1884.25,1
1884.5,0
1885.25,1
1885.75,0
1886.0,1
1886.75,0
1887.0,1
1888.5,0
1905.5,1
1905.75,0
1906.25,1
1906.75,0
1907.0,1
1908.0,0
1908.5,1
1908.75,0
1909.0,1
1910.0,0
1910.25,1
1911.25,0
1911.5,1
1912.75,0
1913.5,1
1913.75,0
1929.0,1
1931.5,0
1931.75,1
1932.0,0
1932.5,1
1933.5,0
1933.75,1
1934.25,0
1934.75,1
1937.25,0
1952.75,1
1953.0,0
1953.25,1
1954.5,0
1954.75,1
1957.0,0
1957.25,1
1957.5,0
1958.0,1
1960.25,0
1960.5,1
1961.25,0
1961.5,1
1961.75,0
1975.5,1
1975.75,0
1977.5,1
1978.25,0
1978.5,1
1980.25,0
1980.5,1
1980.75,0
1981.0,1
1982.25,0
1982.5,1
1982.75,0
1983.0,1
1985.0,0
1989.0,1
1989.25,0
1989.5,1
1989.75,0
2048.5,1
2049.75,0
2050.0,1
2052.5,0
2052.75,1
2053.25,0
2054.0,1
2054.75,0
2055.0,1
2055.25,0
2055.5,1
2057.0,0
2057.25,1
2057.5,0
2072.0,1
2072.25,0
2072.75,1
2073.0,0
2073.25,1
2074.5,0
2075.25,1
2075.5,0
2075.75,1
2076.0,0
2076.25,1
2077.5,0
2077.75,1
2079.25,0
2079.75,1
2081.5,0
2083.75,1
2084.0,0
2085.0,1
2085.25,0
2095.75,1
2096.0,0
2097.25,1
2097.75,0
2098.0,1
2099.0,0
2099.5,1
2100.25,0
2100.5,1
2101.75,0
2102.5,1
2103.5,0
2103.75,1
2104.5,0
2104.75,1
2105.0,0
2105.5,1
2105.75,0
2120.75,1
2121.0,0
2121.75,1
2122.0,0
2122.25,1
2123.25,0
2123.75,1
2126.75,0
2127.0,1
2128.75,0
2144.5,1
2144.75,0
2145.0,1
2146.0,0
2146.5,1
2147.75,0
2148.0,1
2148.25,0
2148.75,1
2149.0,0
2149.25,1
2150.0,0
2150.75,1
2151.25,0
2151.5,1
2152.5,0
2152.75,1
2153.25,0
2157.0,1
2157.25,0
2213.75,1
2214.25,0
2215.0,1
2215.25,0
2215.5,1
2215.75,0
2216.5,1
2216.75,0
2217.25,1
2217.75,0
2218.5,1
2219.0,0
2219.25,1
2220.5,0
2220.75,1
2221.0,0
2221.25,1
2221.75,0
2222.25,1
2222.75,0
2223.25,1
2224.75,0
2238.0,1
2238.5,0
2240.75,1
2241.0,0
2241.25,1
2241.75,0
2242.0,1
2242.5,0
2242.75,1
2244.5,0
2244.75,1
2245.0,0
2245.25,1
2246.0,0
2246.25,1
2248.5,0
2262.5,1
2262.75,0
2264.75,1
2265.0,0
2265.25,1
2265.75,0
2266.0,1
2269.75,0
2270.0,1
2270.25,0
2270.5,1
2271.0,0
2271.25,1
2272.25,0
2276.75,1
2277.0,0
2277.25,1
2277.5,0
2287.25,1
2287.75,0
2288.0,1
2288.25,0
2288.5,1
2290.25,0
2290.5,1
2291.0,0
2291.5,1
2292.25,0
2292.5,1
2292.75,0
2293.25,1
2296.25,0
2296.5,1
2296.75,0
2297.0,1
2297.25,0
2301.25,1
2301.5,0
2311.5,1
2311.75,0
2312.5,1
2313.0,0
2313.25,1
2314.5,0
2314.75,1
2315.25,0
2315.5,1
2315.75,0
2316.0,1
2318.25,0
2318.5,1
2319.5,0
2319.75,1
2320.5,0
2320.75,1
2321.25,0
2321.5,1
2321.75,0
2382.5,1
2383.0,0
2385.0,1
2385.25,0
2385.5,1
2386.0,0
2386.25,1
2386.75,0
2387.0,1
2388.5,0
2388.75,1
2390.0,0
2390.25,1
2390.5,0
2390.75,1
2391.75,0
2392.0,1
2392.75,0
2393.75,1
2394.0,0
2408.25,1
2408.5,0
2408.75,1
2409.25,0
2409.5,1
2410.0,0
2410.25,1
2412.5,0
2413.0,1
2413.25,0
2413.5,1
2413.75,0
2414.25,1
2416.25,0
2416.5,1
2416.75,0
2417.25,1
2417.5,0
2422.5,1
2422.75,0
2431.0,1
2432.0,0
2432.5,1
2432.75,0
2433.5,1
2437.5,0
2437.75,1
2438.5,0
2438.75,1
2441.25,0
2444.75,1
2445.0,0
2445.25,1
2445.5,0
2456.75,1
2457.0,0
2458.0,1
2460.25,0
2460.5,1
2460.75,0
2461.0,1
2462.5,0
2462.75,1
2464.0,0
2464.25,1
2465.0,0
2469.5,1
2469.75,0
2481.0,1
2482.5,0
2482.75,1
2485.5,0
2485.75,1
2486.0,0
2486.25,1
2488.25,0
2488.5,1
2489.0,0
2493.5,1
2493.75,0
2551.5,1
2551.75,0
2552.75,1
2553.75,0
2554.0,1
2554.75,0
2555.0,1
2556.25,0
2557.0,1
2557.5,0
2557.75,1
2558.5,0
2558.75,1
2560.25,0
2560.5,1
2561.0,0
2575.75,1
2576.0,0
2576.25,1
2576.75,0
2577.0,1
2578.0,0
2578.25,1
2579.0,0
2579.25,1
2580.75,0
2581.0,1
2582.25,0
2582.5,1
2582.75,0
2583.0,1
2583.75,0
2584.0,1
2585.0,0
2601.25,1
2603.5,0
2603.75,1
2604.0,0
2604.25,1
2604.5,0
2604.75,1
2605.75,0
2606.0,1
2606.25,0
2606.5,1
2607.5,0
2607.75,1
2608.25,0
2608.5,1
2609.0,0
2609.25,1
2609.5,0
2613.5,1
2613.75,0
2622.75,1
2623.0,0
2623.25,1
2623.75,0
2624.5,1
2624.75,0
2625.5,1
2625.75,0
2626.0,1
2627.25,0
2627.5,1
2627.75,0
2628.0,1
2629.75,0
2630.25,1
2630.75,0
2631.0,1
2631.75,0
2632.0,1
2633.25,0
2647.0,1
2647.25,0
2647.5,1
2647.75,0
2648.25,1
2648.5,0
2649.0,1
2649.5,0
2650.0,1
2650.25,0
2650.5,1
2650.75,0
2651.0,1
2652.0,0
2652.25,1
2652.75,0
2653.25,1
2656.5,0
2656.75,1
2657.0,0
2721.0,1
2722.5,0
2722.75,1
2723.0,0
2723.25,1
2723.5,0
2723.75,1
2724.25,0
2724.5,1
2724.75,0
2725.0,1
2726.25,0
2726.5,1
2728.5,0
2728.75,1
2729.25,0
2729.5,1
2729.75,0
2731.75,1
2732.0,0
2742.75,1
2743.0,0
2743.25,1
2743.5,0
2745.0,1
2745.25,0
2745.75,1
2747.25,0
2747.75,1
2748.25,0
2748.5,1
2749.25,0
2749.5,1
2750.75,0
2751.0,1
2751.75,0
2752.0,1
2753.0,0
2765.25,1
2765.5,0
2765.75,1
2766.0,0
2766.5,1
2766.75,0
2767.0,1
2767.25,0
2767.5,1
2767.75,0
2768.0,1
2768.5,0
2769.5,1
2769.75,0
2770.0,1
2770.75,0
2771.0,1
2772.0,0
2772.25,1
2773.0,0
2773.75,1
2774.25,0
2774.75,1
2775.0,0
2775.25,1
2777.25,0
2793.0,1
2793.75,0
2794.0,1
2794.75,0
2795.0,1
2795.5,0
2796.0,1
2798.25,0
2798.5,1
2798.75,0
2799.0,1
2800.0,0
2800.25,1
2801.0,0
2801.25,1
2801.75,0
2804.5,1
2804.75,0
2815.0,1
2815.25,0
2815.75,1
2816.5,0
2816.75,1
2817.25,0
2817.5,1
2819.25,0
2819.5,1
2820.0,0
2820.25,1
2822.25,0
2822.5,1
2824.0,0
2824.5,1
2824.75,0
2825.0,1
2825.5,0
2829.75,1
2830.0,0
2888.25,1
2888.5,0
2888.75,1
2889.75,0
2890.0,1
2890.75,0
2891.0,1
2892.0,0
2892.75,1
2893.5,0
2894.25,1
2896.25,0
2896.5,1
2897.25,0
2911.75,1
2912.0,0
2912.5,1
2912.75,0
2913.0,1
2915.5,0
2915.75,1
2917.5,0
2918.0,1
2920.5,0
2920.75,1
2921.0,0
2921.25,1
2921.5,0
2925.5,1
2925.75,0
2934.25,1
2934.5,0
2935.75,1
2936.0,0
2938.0,1
2939.75,0
2940.0,1
2942.75,0
2943.0,1
2943.75,0
2944.25,1
2945.0,0
2949.5,1
2949.75,0
2958.75,1
2959.0,0
2960.25,1
2960.5,0
2960.75,1
2961.25,0
2961.5,1
2963.25,0
2963.5,1
2963.75,0
2964.5,1
2965.0,0
2965.25,1
2965.75,0
2966.25,1
2966.5,0
2966.75,1
2968.75,0
2981.25,1
2981.5,0
2981.75,1
2982.0,0
2983.0,1
2983.25,0
2985.0,1
2985.5,0
2986.25,1
2986.5,0
2986.75,1
2987.25,0
2987.5,1
2987.75,0
2988.0,1
2988.5,0
2988.75,1
2990.0,0
2990.25,1
2990.5,0
2990.75,1
2991.0,0
2991.25,1
2991.5,0
2991.75,1
2992.25,0
2992.75,1
2993.0,0
2993.5,1
2993.75,0
2997.25,1
2997.5,0
2998.0,1
2998.25,0
3053.75,1
3054.0,0
3056.75,1
3057.0,0
3057.25,1
3058.0,0
3058.25,1
3060.0,0
3060.25,1
3062.0,0
3062.25,1
3062.5,0
3062.75,1
3064.25,0
3064.75,1
3065.0,0
3077.75,1
3078.25,0
3080.75,1
3081.0,0
3081.25,1
3082.0,0
3082.5,1
3084.25,0
3084.5,1
3087.0,0
3087.25,1
3087.75,0
3088.0,1
3089.25,0
3093.0,1
3093.25,0
3101.75,1
3102.0,0
3103.5,1
3103.75,0
3104.5,1
3104.75,0
3105.25,1
3106.0,0
3106.25,1
3107.5,0
3108.0,1
3108.75,0
3109.0,1
3109.75,0
3110.0,1
3110.25,0
3110.5,1
3112.25,0
3112.5,1
3113.5,0
3128.0,1
3128.25,0
3129.0,1
3129.75,0
3130.25,1
3130.5,0
3130.75,1
3132.75,0
3133.0,1
3133.25,0
3133.5,1
3136.25,0
3136.5,1
3136.75,0
3137.0,1
3137.25,0
3151.5,1
3151.75,0
3152.75,1
3155.25,0
3155.75,1
3157.0,0
3157.25,1
3158.5,0
3158.75,1
3159.25,0
3159.5,1
3161.0,0
3161.25,1
3161.5,0
3225.0,1
3225.75,0
3226.0,1
3226.5,0
3226.75,1
3228.0,0
3228.5,1
3228.75,0
3229.0,1
3233.25,0
3233.75,1
3234.0,0
3246.25,1
3246.75,0
3249.5,1
3250.75,0
3251.0,1
3252.25,0
3252.5,1
3255.25,0
3255.5,1
3257.0,0
3260.25,1
3260.5,0
3271.5,1
3271.75,0
3273.0,1
3273.25,0
3273.75,1
3275.25,0
3275.75,1
3276.5,0
3276.75,1
3277.25,0
3277.75,1
3280.5,0
3280.75,1
3281.0,0
3282.0,1
3282.25,0
3295.25,1
3295.5,0
3296.75,1
3297.0,0
3297.25,1
3298.0,0
3298.25,1
3298.5,0
3298.75,1
3299.75,0
3300.0,1
3300.5,0
3300.75,1
3302.5,0
3303.25,1
3304.25,0
3320.75,1
3321.0,0
3321.25,1
3322.0,0
3322.25,1
3326.5,0
3326.75,1
3328.0,0
3328.5,1
3328.75,0
3329.0,1
3329.25,0
3332.75,1
3333.0,0
3393.25,1
3396.0,0
3396.5,1
3398.25,0
3398.5,1
3400.75,0
3401.25,1
3401.5,0
3414.5,1
3414.75,0
3415.25,1
3415.5,0
3415.75,1
3416.0,0
3416.75,1
3417.5,0
3417.75,1
3420.0,0
3420.75,1
3423.0,0
3423.25,1
3425.5,0
3438.25,1
3438.5,0
3440.5,1
3440.75,0
3441.0,1
3441.5,0
3442.0,1
3442.75,0
3443.0,1
3446.5,0
3447.25,1
3448.75,0
3449.5,1
3449.75,0
3462.5,1
3462.75,0
3463.0,1
3463.25,0
3464.5,1
3465.5,0
3465.75,1
3470.25,0
3470.5,1
3472.0,0
3472.25,1
3472.75,0
3487.75,1
3488.0,0
3488.75,1
3489.25,0
3489.5,1
3489.75,0
3490.0,1
3493.25,0
3493.75,1
3494.0,0
3494.25,1
3495.5,0
3495.75,1
3496.0,0
3496.5,1
3497.0,0
3558.25,1
3558.5,0
3558.75,1
3559.0,0
3560.5,1
3561.0,0
3561.25,1
3564.75,0
3565.25,1
3568.75,0
3569.0,1
3569.25,0
3571.75,1
3572.0,0
3606.5,1
3606.75,0
3608.5,1
3609.25,0
3609.5,1
3612.0,0
3612.25,1
3613.0,0
3613.5,1
3614.5,0
3614.75,1
3615.5,0
3615.75,1
3617.0,0
3632.5,1
3632.75,0
3633.0,1
3635.25,0
3635.5,1
3636.0,0
3636.5,1
3637.0,0
3637.25,1
3637.75,0
3638.0,1
3638.25,0
3638.5,1
3639.25,0
3639.5,1
3640.75,0
3641.25,1
3641.5,0
3645.5,1
3645.75,0
3654.0,1
3654.25,0
3657.5,1
3660.25,0
3660.75,1
3661.25,0
3661.5,1
3662.0,0
3662.5,1
3664.0,0
3664.25,1
3665.0,0
3668.25,1
3668.5,0
3726.0,1
3726.25,0
3727.25,1
3728.0,0
3729.0,1
3729.75,0
3730.0,1
3731.25,0
3731.5,1
3734.25,0
3734.5,1
3736.0,0
3736.5,1
3737.0,0
3753.0,1
3753.75,0
3754.0,1
3756.75,0
3757.0,1
3757.25,0
3757.5,1
3758.5,0
3758.75,1
3760.5,0
3760.75,1
3761.5,0
3765.25,1
3765.5,0
3777.0,1
3777.25,0
3777.75,1
3778.0,0
3778.25,1
3779.0,0
3779.25,1
3780.0,0
3780.25,1
3783.25,0
3783.5,1
3784.75,0
3799.25,1
3799.5,0
3800.75,1
3801.5,0
3801.75,1
3802.25,0
3802.5,1
3804.25,0
3804.5,1
3807.25,0
3807.5,1
3809.25,0
3824.25,1
3826.25,0
3826.5,1
3827.25,0
3827.5,1
3828.25,0
3828.75,1
3829.25,0
3830.5,1
3833.0,0
3838.0,1
3838.25,0
3897.0,1
3897.25,0
3897.5,1
3899.75,0
3900.0,1
3900.25,0
3901.25,1
3902.25,0
3902.5,1
3904.0,0
3904.25,1
3904.5,0
3908.25,1
3908.5,0
3909.0,1
3909.25,0
3910.0,1
3910.25,0
3918.25,1
3918.5,0
3920.5,1
3920.75,0
3921.25,1
3921.75,0
3922.25,1
3923.5,0
3923.75,1
3924.75,0
3925.5,1
3927.0,0
3927.25,1
3929.25,0
3942.5,1
3942.75,0
3943.5,1
3943.75,0
3945.0,1
3945.5,0
3946.0,1
3946.75,0
3947.0,1
3947.75,0
3948.0,1
3949.5,0
3949.75,1
3950.0,0
3950.25,1
3952.5,0
3952.75,1
3953.25,0
3958.0,1
3958.25,0
3966.25,1
3966.5,0
3969.5,1
3970.0,0
3970.25,1
3970.5,0
3970.75,1
3972.25,0
3973.0,1
3973.25,0
3973.5,1
3974.75,0
3975.0,1
3975.5,0
3975.75,1
3977.0,0
3979.75,1
3980.0,0
3981.5,1
3981.75,0
3991.0,1
3991.25,0
3992.5,1
3992.75,0
3993.0,1
3993.75,0
3994.0,1
3997.0,0
3997.25,1
3997.5,0
3997.75,1
3998.25,0
3998.75,1
4000.5,0
4000.75,1
4001.25,0
4064.5,1
4064.75,0
4065.0,1
4066.75,0
4067.0,1
4067.75,0
4068.0,1
4069.0,0
4069.25,1
4071.25,0
4071.5,1
4073.0,0
4086.75,1
4087.0,0
4088.75,1
4089.0,0
4089.25,1
4090.75,0
4091.0,1
4094.5,0
4094.75,1
4095.5,0
4096.25,1
4097.25,0
4101.5,1
4101.75,0
4109.75,1
4110.0,0
4110.5,1
4110.75,0
4111.0,1
4111.25,0
4112.5,1
4113.0,0
4113.25,1
4113.75,0
4114.0,1
4114.25,0
4114.5,1
4116.0,0
4116.25,1
4117.25,0
4117.5,1
4118.0,0
4118.25,1
4118.5,0
4119.0,1
4119.25,0
4119.5,1
4121.25,0
4121.5,1
4121.75,0
4125.25,1
4125.5,0
4133.75,1
4134.0,0
4134.25,1
4134.5,0
4134.75,1
4135.0,0
4135.75,1
4136.0,0
4137.5,1
4138.0,0
4138.25,1
4140.0,0
4140.25,1
4140.5,0
4141.0,1
4141.5,0
4141.75,1
4143.25,0
4143.5,1
4144.5,0
4144.75,1
4145.0,0
4147.75,1
4148.0,0
4161.0,1
4161.25,0
4161.5,1
4166.5,0
4167.0,1
4167.5,0
4167.75,1
4168.5,0
4168.75,1
4169.0,0
4169.25,1
4169.5,0
4173.25,1
4173.5,0
4231.0,1
4231.25,0
4232.75,1
4233.25,0
4233.5,1
4235.5,0
4236.0,1
4236.25,0
4236.75,1
4237.75,0
4238.0,1
4239.75,0
4240.0,1
4241.0,0
4241.25,1
4241.75,0
4242.25,1
4242.5,0
4244.75,1
4245.0,0
4253.75,1
4254.0,0
4256.5,1
4257.25,0
4257.5,1
4258.0,0
4258.25,1
4259.25,0
4259.75,1
4262.25,0
4262.5,1
4264.25,0
4264.75,1
4265.25,0
4268.25,1
4268.5,0
4268.75,1
4269.0,0
4269.75,1
4270.0,0
4270.75,1
4271.0,0
4280.5,1
4281.0,0
4281.25,1
4281.75,0
4282.0,1
4283.75,0
4284.0,1
4284.25,0
4284.5,1
4287.75,0
4288.0,1
4288.25,0
4293.0,1
4293.25,0
4305.25,1
4305.5,0
4305.75,1
4307.0,0
4307.25,1
4307.5,0
4307.75,1
4308.0,0
4308.25,1
4308.5,0
4308.75,1
4312.25,0
4312.5,1
4313.0,0
4318.25,1
4318.5,0
4329.25,1
4329.5,0
4330.25,1
4331.5,0
4331.75,1
4332.25,0
4332.5,1
4333.5,0
4334.25,1
4336.75,0
4337.0,1
4337.5,0
4398.0,1
4398.5,0
4401.0,1
4401.75,0
4402.0,1
4402.5,0
4402.75,1
4403.5,0
4403.75,1
4404.0,0
4404.5,1
4407.0,0
4407.25,1
4407.5,0
4407.75,1
4408.5,0
4408.75,1
4409.25,0
4412.5,1
4412.75,0
4446.25,1
4446.5,0
4448.0,1
4448.25,0
4448.5,1
4450.5,0
4451.25,1
4451.75,0
4452.0,1
4452.75,0
4453.0,1
4453.75,0
4454.0,1
4457.0,0
4471.0,1
4471.25,0
4471.5,1
4471.75,0
4473.0,1
4473.25,0
4473.5,1
4476.0,0
4476.25,1
4477.0,0
4478.25,1
4478.75,0
4479.0,1
4480.25,0
4481.75,1
4482.0,0
4494.25,1
4494.5,0
4494.75,1
4495.25,0
4496.25,1
4496.5,0
4497.0,1
4497.25,0
4497.75,1
4501.0,0
4501.25,1
4503.0,0
4503.5,1
4504.5,0
4504.75,1
4505.0,0
4566.0,1
4566.25,0
4568.75,1
4569.0,0
4569.5,1
4571.75,0
4572.25,1
4574.25,0
4574.5,1
4575.75,0
4576.0,1
4576.75,0
4580.0,1
4580.75,0
4591.5,1
4592.0,0
4592.5,1
4592.75,0
4593.0,1
4593.75,0
4594.0,1
4595.0,0
4595.25,1
4597.0,0
4597.5,1
4597.75,0
4598.0,1
4599.5,0
4600.0,1
4600.5,0
4600.75,1
4601.0,0
4601.5,1
4601.75,0
4604.25,1
4604.5,0
4616.25,1
4616.5,0
4617.0,1
4619.0,0
4619.25,1
4621.5,0
4621.75,1
4622.75,0
4623.0,1
4624.25,0
4624.5,1
4625.0,0
4625.25,1
4625.5,0
4628.25,1
4628.5,0
4630.25,1
4630.5,0
4638.25,1
4638.5,0
4639.75,1
4640.0,0
4640.75,1
4644.0,0
4644.5,1
4645.0,0
4645.25,1
4645.5,0
4645.75,1
4648.0,0
4648.25,1
4649.0,0
4649.25,1
4649.5,0
4662.75,1
4663.0,0
4664.5,1
4665.0,0
4665.25,1
4665.5,0
4665.75,1
4667.0,0
4667.25,1
4668.75,0
4669.0,1
4669.5,0
4670.25,1
4670.75,0
4671.0,1
4671.5,0
4671.75,1
4672.75,0
4673.5,1
4673.75,0
4736.0,1
4736.25,0
4736.75,1
4737.25,0
4737.5,1
4741.25,0
4741.75,1
4742.5,0
4742.75,1
4744.75,0
4745.0,1
4745.25,0
4758.75,1
4759.0,0
4760.75,1
4761.0,0
4761.25,1
4762.0,0
4762.25,1
4764.0,0
4764.5,1
4765.25,0
4765.5,1
4766.0,0
4766.5,1
4766.75,0
4767.75,1
4769.0,0
4785.25,1
4786.0,0
4786.25,1
4787.25,0
4787.75,1
4790.0,0
4790.5,1
4791.0,0
4792.0,1
4792.25,0
4793.0,1
4793.25,0
4796.25,1
4796.5,0
4807.75,1
4808.0,0
4808.75,1
4809.0,0
4809.25,1
4813.5,0
4814.0,1
4814.75,0
4815.25,1
4817.0,0
4830.75,1
4831.0,0
4833.25,1
4833.5,0
4833.75,1
4834.0,0
4834.25,1
4834.75,0
4835.0,1
4836.75,0
4837.25,1
4840.75,0
4841.0,1
4841.25,0
4841.5,1
4841.75,0
4845.0,1
4845.25,0
4904.5,1
4905.0,0
4905.5,1
4905.75,0
4906.0,1
4908.0,0
4908.25,1
4908.75,0
4909.0,1
4909.25,0
4909.5,1
4911.5,0
4911.75,1
4912.5,0
4913.0,1
4913.25,0
4913.5,1
4913.75,0
4929.5,1
4929.75,0
4930.0,1
4932.0,0
4932.25,1
4933.0,0
4933.25,1
4934.0,0
4934.5,1
4936.0,0
4936.25,1
4937.0,0
4937.25,1
4937.5,0
4953.0,1
4954.0,0
4954.5,1
4957.75,0
4958.0,1
4958.25,0
4958.5,1
4959.25,0
4959.5,1
4960.25,0
4960.5,1
4961.25,0
4973.75,1
4974.0,0
4976.25,1
4977.0,0
4977.25,1
4977.5,0
4977.75,1
4978.0,0
4978.25,1
4979.0,0
4979.25,1
4979.75,0
4980.0,1
4983.75,0
4984.0,1
4984.5,0
4985.0,1
4985.25,0
4989.0,1
4989.25,0
4990.0,1
4990.5,0
4998.25,1
4998.75,0
5000.25,1
5000.5,0
5000.75,1
5001.0,0
5001.75,1
5003.5,0
5003.75,1
5004.75,0
5005.0,1
5007.5,0
5007.75,1
5009.0,0
5009.5,1
5009.75,0
5013.25,1
5013.5,0
5013.75,1
5014.0,0
5072.5,1
5073.25,0
5073.5,1
5073.75,0
5074.0,1
5075.0,0
5075.25,1
5076.25,0
5076.75,1
5077.0,0
5077.75,1
5078.25,0
5078.5,1
5079.75,0
5080.25,1
5080.75,0
5081.0,1
5081.25,0
5085.0,1
5085.25,0
5094.25,1
5094.5,0
5095.75,1
5096.0,0
5097.0,1
5097.5,0
5097.75,1
5098.0,0
5098.25,1
5099.0,0
5099.25,1
5100.75,0
5101.25,1
5101.5,0
5102.0,1
5102.25,0
5102.5,1
5103.5,0
5103.75,1
5105.0,0
5109.5,1
5109.75,0
5121.0,1
5122.0,0
5122.25,1
5123.0,0
5123.25,1
5124.0,0
5124.25,1
5124.5,0
5124.75,1
5125.25,0
5125.5,1
5127.25,0
5127.5,1
5129.25,0
5144.75,1
5145.0,0
5145.5,1
5146.25,0
5146.5,1
5150.25,0
5150.5,1
5151.0,0
5151.25,1
5152.0,0
5152.25,1
5153.0,0
5157.0,1
5157.25,0
5166.75,1
5167.0,0
5167.5,1
5167.75,0
5169.0,1
5172.25,0
5172.5,1
5175.5,0
5176.25,1
5177.0,0
5177.25,1
5177.5,0
5240.0,1
5240.25,0
5240.5,1
5240.75,0
5241.0,1
5242.0,0
5242.25,1
5243.75,0
5244.0,1
5246.25,0
5246.5,1
5246.75,0
5247.25,1
5248.25,0
5248.5,1
5249.25,0
5253.25,1
5253.5,0
5263.75,1
5264.0,0
5264.5,1
5265.0,0
5265.5,1
5266.25,0
5266.5,1
5267.5,0
5267.75,1
5269.25,0
5269.75,1
5272.25,0
5272.5,1
5272.75,0
5277.75,1
5278.0,0
5289.25,1
5291.0,0
5291.25,1
5291.75,0
5292.0,1
5292.5,0
5292.75,1
5293.0,0
5293.25,1
5293.75,0
5294.0,1
5294.75,0
5295.0,1
5295.75,0
5296.0,1
5297.0,0
5297.25,1
5297.5,0
5312.5,1
5313.25,0
5313.5,1
5313.75,0
5314.0,1
5315.0,0
5315.75,1
5316.0,0
5316.5,1
5316.75,0
5317.0,1
5317.75,0
5318.0,1
5318.25,0
5318.5,1
5319.5,0
5320.25,1
5320.5,0
5320.75,1
5321.0,0
5325.0,1
5325.25,0
5334.5,1
5334.75,0
5335.75,1
5336.25,0
5336.5,1
5337.5,0
5338.0,1
5339.25,0
5339.5,1
5340.25,0
5340.5,1
5340.75,0
5341.0,1
5341.25,0
5341.5,1
5343.0,0
5343.25,1
5344.75,0
5345.25,1
5345.5,0
5348.5,1
5348.75,0
5408.5,1
5408.75,0
5409.5,1
5410.25,0
5410.5,1
5413.5,0
5413.75,1
5415.25,0
5415.75,1
5417.0,0
5417.25,1
5417.75,0
5430.5,1
5430.75,0
5431.75,1
5432.0,0
5432.25,1
5432.5,0
5433.25,1
5434.5,0
5434.75,1
5436.25,0
5436.5,1
5437.0,0
5437.25,1
5437.5,0
5437.75,1
5438.0,0
5438.25,1
5439.0,0
5439.5,1
5440.0,0
5440.25,1
5441.25,0
5454.5,1
5454.75,0
5455.5,1
5456.0,0
5456.75,1
5457.0,0
5457.25,1
5457.5,0
5458.0,1
5461.25,0
5461.5,1
5461.75,0
5462.0,1
5462.25,0
5462.75,1
5463.25,0
5463.5,1
5464.5,0
5478.0,1
5478.25,0
5479.0,1
5479.25,0
5481.0,1
5481.25,0
5481.5,1
5482.25,0
5483.0,1
5484.5,0
5484.75,1
5485.0,0
5485.25,1
5486.25,0
5486.75,1
5487.25,0
5488.0,1
5488.5,0
5489.0,1
5489.25,0
5502.5,1
5502.75,0
5505.25,1
5506.75,0
5507.0,1
5510.0,0
5510.25,1
5510.5,0
5510.75,1
5512.0,0
5512.25,1
5512.75,0
5513.0,1
5513.5,0
5516.25,1
5516.5,0
5517.75,1
5518.0,0
5575.25,1
5575.5,0
5576.25,1
5576.5,0
5577.5,1
5579.0,0
5579.25,1
5580.0,0
5580.25,1
5580.75,0
5581.0,1
5583.0,0
5583.25,1
5583.5,0
5583.75,1
5584.0,0
5584.25,1
5585.5,0
5601.0,1
5601.25,0
5601.5,1
5602.0,0
5602.25,1
5604.0,0
5604.75,1
5606.25,0
5606.5,1
5607.0,0
5607.25,1
5608.25,0
5608.5,1
5609.0,0
5612.5,1
5612.75,0
5621.75,1
5622.0,0
5624.5,1
5626.25,0
5626.5,1
5626.75,0
5627.0,1
5627.25,0
5627.5,1
5628.5,0
5629.25,1
5632.75,0
5635.5,1
5635.75,0
5645.75,1
5646.0,0
5646.75,1
5647.0,0
5648.25,1
5648.5,0
5648.75,1
5649.25,0
5649.5,1
5649.75,0
5650.0,1
5650.25,0
5650.5,1
5652.25,0
5652.5,1
5652.75,0
5653.0,1
5653.25,0
5654.0,1
5654.25,0
5654.5,1
5657.25,0
5659.75,1
5660.0,0
5672.25,1
5672.5,0
5672.75,1
5674.5,0
5674.75,1
5675.75,0
5676.0,1
5676.5,0
5676.75,1
5677.0,0
5677.25,1
5678.0,0
5678.25,1
5680.75,0
5681.0,1
5681.25,0
5684.5,1
5684.75,0
5744.25,1
5745.0,0
5745.5,1
5746.5,0
5746.75,1
5747.5,0
5747.75,1
5748.0,0
5748.25,1
5748.75,0
5749.0,1
5750.75,0
5751.0,1
5752.75,0
5753.0,1
5753.25,0
5766.5,1
5767.0,0
5768.75,1
5769.0,0
5769.25,1
5772.0,0
5772.25,1
5772.75,0
5773.25,1
5773.5,0
5773.75,1
5774.0,0
5774.25,1
5774.75,0
5775.0,1
5776.5,0
5777.0,1
5777.25,0
5781.25,1
5781.5,0
5789.5,1
5789.75,0
5792.5,1
5792.75,0
5793.25,1
5795.75,0
5796.0,1
5797.25,0
5797.75,1
5798.0,0
5798.5,1
5798.75,0
5799.0,1
5799.25,0
5799.5,1
5801.5,0
5814.5,1
5815.0,0
5817.25,1
5820.25,0
5820.5,1
5822.25,0
5822.5,1
5823.25,0
5823.5,1
5824.0,0
5824.5,1
5825.25,0
5825.5,1
5825.75,0
5840.75,1
5841.5,0
5841.75,1
5842.75,0
5843.25,1
5845.5,0
5845.75,1
5848.0,0
5848.75,1
5849.25,0
5853.25,1
5853.5,0
5854.5,1
5854.75,0
5905.75,1
5906.0,0
5909.25,1
5909.5,0
5913.25,1
5913.5,0
5913.75,1
5914.5,0
5914.75,1
5917.25,0
5917.5,1
5919.5,0
5919.75,1
5920.25,0
5920.5,1
5921.0,0
5923.75,1
5924.0,0
5960.0,1
5960.5,0
5961.0,1
5961.75,0
5962.25,1
5965.0,0
5965.25,1
5966.0,0
5966.25,1
5967.25,0
5967.5,1
5968.0,0
5968.25,1
5968.75,0
5972.25,1
5972.5,0
5973.25,1
5973.5,0
5984.25,1
5984.5,0
5984.75,1
5985.0,0
5985.25,1
5986.5,0
5986.75,1
5988.25,0
5988.5,1
5989.75,0
5990.25,1
5990.75,0
5991.0,1
5991.25,0
5991.5,1
5992.25,0
5992.5,1
5992.75,0
5993.5,1
5994.0,0
5996.75,1
5997.0,0
6009.0,1
6010.0,0
6010.25,1
6011.75,0
6012.0,1
6012.5,0
6013.75,1
6015.25,0
6015.5,1
6015.75,0
6016.0,1
6016.25,0
6016.5,1
6016.75,0
6021.0,1
6021.25,0
6078.25,1
6078.5,0
6080.5,1
6080.75,0
6081.5,1
6081.75,0
6082.0,1
6084.5,0
6084.75,1
6086.0,0
6086.25,1
6086.5,0
6086.75,1
6087.0,0
6087.25,1
6089.0,0
6089.25,1
6089.5,0
6105.25,1
6107.5,0
6107.75,1
6109.75,0
6110.0,1
6110.75,0
6111.0,1
6111.5,0
6111.75,1
6112.25,0
6112.5,1
6112.75,0
6113.0,1
6113.25,0
6125.75,1
6126.0,0
6127.5,1
6127.75,0
6129.25,1
6129.5,0
6129.75,1
6130.5,0
6130.75,1
6133.0,0
6133.25,1
6134.75,0
6135.0,1
6135.25,0
6135.75,1
6137.0,0
6141.5,1
6141.75,0
6142.25,1
6142.5,0
6153.0,1
6153.5,0
6153.75,1
6154.25,0
6154.5,1
6157.0,0
6157.25,1
6159.0,0
6159.25,1
6159.75,0
6160.0,1
6160.75,0
6161.25,1
6161.5,0
6175.5,1
6175.75,0
6176.5,1
6176.75,0
6177.0,1
6178.5,0
6178.75,1
6179.75,0
6180.0,1
6180.25,0
6180.75,1
6181.25,0
6182.0,1
6182.5,0
6182.75,1
6183.25,0
6183.5,1
6184.25,0
6184.5,1
6184.75,0
6185.0,1
6185.25,0
6248.25,1
6248.5,0
6249.0,1
6249.25,0
6249.5,1
6250.75,0
6251.0,1
6252.25,0
6252.5,1
6254.0,0
6254.5,1
6254.75,0
6255.0,1
6255.5,0
6255.75,1
6256.25,0
6256.5,1
6257.25,0
6270.25,1
6270.5,0
6272.25,1
6272.5,0
6273.0,1
6273.25,0
6273.75,1
6275.0,0
6275.25,1
6276.5,0
6276.75,1
6277.75,0
6278.0,1
6281.0,0
6281.5,1
6281.75,0
6294.75,1
6295.0,0
6296.75,1
6297.0,0
6297.25,1
6297.75,0
6298.25,1
6299.25,0
6299.5,1
6300.5,0
6301.0,1
6301.75,0
6302.25,1
6304.0,0
6304.25,1
6304.75,0
6305.0,1
6305.25,0
6308.5,1
6308.75,0
6319.25,1
6319.5,0
6321.0,1
6321.5,0
6321.75,1
6324.5,0
6324.75,1
6325.0,0
6325.5,1
6325.75,0
6326.0,1
6328.0,0
6329.25,1
6329.5,0
6343.25,1
6343.5,0
6346.0,1
6346.5,0
6346.75,1
6348.0,0
6348.25,1
6348.75,0
6349.0,1
6349.75,0
6350.0,1
6352.0,0
6352.25,1
6352.5,0
6352.75,1
6353.0,0
6353.75,1
6354.0,0
6416.25,1
6416.5,0
6416.75,1
6417.0,0
6417.25,1
6417.75,0
6418.0,1
6418.5,0
6418.75,1
6420.25,0
6420.5,1
6420.75,0
6421.25,1
6422.75,0
6423.25,1
6423.5,0
6423.75,1
6424.0,0
6424.25,1
6425.0,0
6425.25,1
6425.5,0
6441.0,1
6445.0,0
6445.5,1
6446.0,0
6446.25,1
6447.75,0
6448.0,1
6449.25,0
6464.0,1
6464.25,0
6464.5,1
6465.5,0
6465.75,1
6468.0,0
6468.25,1
6468.5,0
6468.75,1
6470.75,0
6471.0,1
6472.5,0
6473.0,1
6473.25,0
6476.5,1
6476.75,0
6487.5,1
6487.75,0
6488.25,1
6488.5,0
6489.25,1
6492.5,0
6492.75,1
6494.5,0
6494.75,1
6495.5,0
6495.75,1
6496.5,0
6497.0,1
6497.25,0
6512.0,1
6512.25,0
6513.5,1
6516.25,0
6516.5,1
6520.25,0
6520.5,1
6521.0,0
6521.5,1
6521.75,0
6582.25,1
6582.5,0
6584.75,1
6585.0,0
6585.75,1
6586.5,0
6586.75,1
6587.5,0
6588.75,1
6589.25,0
6589.5,1
6591.25,0
6591.5,1
6592.75,0
6593.0,1
6593.25,0
6597.0,1
6597.25,0
6606.0,1
6606.25,0
6608.75,1
6609.0,0
6609.25,1
6609.5,0
6609.75,1
6611.75,0
6612.0,1
6612.5,0
6612.75,1
6613.25,0
6613.75,1
6615.25,0
6615.75,1
6617.25,0
6619.75,1
6620.0,0
6630.75,1
6631.0,0
6632.0,1
6632.5,0
6633.25,1
6634.0,0
6634.75,1
6636.0,0
6636.25,1
6640.0,0
6640.5,1
6641.25,0
6641.5,1
6641.75,0
6645.0,1
6645.25,0
6657.0,1
6657.5,0
6657.75,1
6659.25,0
6659.75,1
6661.0,0
6661.25,1
6661.75,0
6662.0,1
6662.25,0
6662.5,1
6664.0,0
6664.25,1
6665.5,0
6667.0,1
6667.25,0
6669.25,1
6669.5,0
6679.0,1
6679.25,0
6681.5,1
6682.5,0
6682.75,1
6684.0,0
6684.25,1
6686.0,0
6686.25,1
6687.0,0
6687.25,1
6687.5,0
6687.75,1
6688.0,0
6688.25,1
6688.5,0
6689.0,1
6689.25,0
6694.5,1
6694.75,0
6753.75,1
6755.5,0
6756.0,1
6757.25,0
6757.75,1
6759.75,0
6760.0,1
6760.5,0
6800.5,1
6800.75,0
6801.25,1
6802.75,0
6803.0,1
6804.5,0
6805.0,1
6806.5,0
6807.25,1
6807.75,0
6808.0,1
6808.75,0
6809.0,1
6809.5,0
6822.75,1
6823.0,0
6824.75,1
6825.0,0
6825.25,1
6825.5,0
6825.75,1
6827.25,0
6827.5,1
6827.75,0
6828.0,1
6828.5,0
6829.0,1
6829.75,0
6830.25,1
6833.0,0
6846.0,1
6846.25,0
6848.0,1
6848.5,0
6849.0,1
6851.5,0
6852.0,1
6852.75,0
6853.0,1
6854.0,0
6854.5,1
6855.5,0
6855.75,1
6856.0,0
6856.25,1
6856.5,0
6859.5,1
6859.75,0
6919.5,1
6919.75,0
6920.75,1
6921.0,0
6921.75,1
6922.0,0
6922.25,1
6923.0,0
6923.5,1
6926.0,0
6926.25,1
6926.5,0
6927.5,1
6928.5,0
6928.75,1
6929.25,0
6932.5,1
6932.75,0
6943.5,1
6944.0,0
6944.5,1
6944.75,0
6945.5,1
6947.5,0
6947.75,1
6948.75,0
6949.5,1
6949.75,0
6950.0,1
6950.5,0
6950.75,1
6951.75,0
6952.0,1
6952.75,0
6956.25,1
6956.5,0
6966.75,1
6967.0,0
6967.75,1
6968.0,0
6969.0,1
6969.5,0
6969.75,1
6971.75,0
6972.25,1
6973.5,0
6974.0,1
6974.25,0
6974.5,1
6975.75,0
6976.0,1
6977.0,0
6977.25,1
6977.5,0
6978.0,1
6978.25,0
6992.25,1
6993.5,0
6993.75,1
6994.25,0
6994.5,1
6995.25,0
6995.5,1
6995.75,0
6996.0,1
6999.25,0
6999.5,1
6999.75,0
7000.0,1
7000.5,0
7000.75,1
7001.0,0
7005.25,1
7005.5,0
7014.0,1
7014.25,0
7015.75,1
7016.0,0
7016.25,1
7016.5,0
7016.75,1
7017.0,0
7017.5,1
7019.75,0
7020.25,1
7021.5,0
7021.75,1
7023.0,0
7023.5,1
7024.0,0
7024.25,1
7024.5,0
7024.75,1
7025.5,0
7086.5,1
7086.75,0
7088.75,1
7089.0,0
7089.25,1
7092.5,0
7093.0,1
7093.25,0
7093.75,1
7094.25,0
7094.75,1
7095.0,0
7095.5,1
7095.75,0
7096.0,1
7097.5,0
7100.25,1
7100.5,0
7111.5,1
7111.75,0
7113.0,1
7113.5,0
7113.75,1
7114.25,0
7114.75,1
7116.0,0
7116.5,1
7116.75,0
7117.0,1
7119.0,0
7119.25,1
7119.75,0
7120.0,1
7121.25,0
7136.75,1
7137.0,0
7137.5,1
7138.0,0
7138.25,1
7140.5,0
7140.75,1
7141.5,0
7142.0,1
7142.25,0
7142.5,1
7142.75,0
7143.0,1
7145.0,0
7145.5,1
7145.75,0
7149.0,1
7149.25,0
7158.75,1
7159.0,0
7159.5,1
7159.75,0
7161.0,1
7162.5,0
7162.75,1
7163.5,0
7163.75,1
7164.5,0
7164.75,1
7165.75,0
7166.5,1
7169.25,0
7169.5,1
7169.75,0
7185.0,1
7185.5,0
7185.75,1
7187.5,0
7187.75,1
7189.0,0
7189.25,1
7190.75,0
7191.0,1
7191.75,0
7192.0,1
7192.75,0
7193.0,1
7193.75,0
7255.0,1
7255.25,0
7257.25,1
7258.0,0
7258.25,1
7259.0,0
7259.25,1
7260.75,0
7261.25,1
7264.75,0
7265.0,1
7265.5,0
7278.75,1
7279.0,0
7279.75,1
7280.0,0
7280.75,1
7281.0,0
7281.25,1
7281.5,0
7281.75,1
7282.0,0
7282.25,1
7283.0,0
7283.25,1
7285.0,0
7285.25,1
7286.25,0
7286.5,1
7287.0,0
7287.25,1
7288.25,0
7288.5,1
7288.75,0
7305.25,1
7305.5,0
7305.75,1
7306.75,0
7307.0,1
7308.5,0
7309.25,1
7310.5,0
7310.75,1
7311.0,0
7311.25,1
7313.0,0
7313.25,1
7313.5,0
7328.25,1
7328.5,0
7328.75,1
7329.0,0
7329.25,1
7330.25,0
7330.5,1
7331.25,0
7331.5,1
7334.25,0
7334.75,1
7337.0,0
7337.25,1
7337.5,0
7341.25,1
7341.75,0
7342.0,1
7342.25,0
7351.5,1
7351.75,0
7352.75,1
7353.0,0
7353.25,1
7353.5,0
7353.75,1
7354.5,0
7354.75,1
7356.0,0
7356.5,1
7356.75,0
7357.0,1
7357.25,0
7357.5,1
7358.0,0
7358.25,1
7358.5,0
7358.75,1
7360.75,0
7361.5,1
7361.75,0
7423.0,1
7423.25,0
7424.75,1
7425.75,0
7426.25,1
7427.25,0
7427.5,1
7430.0,0
7430.25,1
7431.25,0
7431.5,1
7431.75,0
7432.0,1
7433.0,0
7433.25,1
7433.75,0
7436.25,1
7436.5,0
7447.75,1
7448.0,0
7449.5,1
7450.0,0
7450.25,1
7452.25,0
7452.75,1
7453.5,0
7454.0,1
7455.75,0
7456.25,1
7456.75,0
7472.5,1
7472.75,0
7473.0,1
7474.5,0
7474.75,1
7475.0,0
7475.5,1
7475.75,0
7476.0,1
7476.75,0
7477.0,1
7477.25,0
7477.5,1
7477.75,0
7478.0,1
7479.0,0
7479.5,1
7480.75,0
7481.5,1
7481.75,0
7485.5,1
7485.75,0
7496.75,1
7498.75,0
7499.5,1
7500.0,0
7500.25,1
7500.75,0
7501.0,1
7502.25,0
7502.5,1
7503.5,0
7503.75,1
7504.25,0
7504.75,1
7505.25,0
7505.5,1
7505.75,0
7508.25,1
7508.5,0
7509.0,1
7509.25,0
7518.5,1
7518.75,0
7519.25,1
7519.5,0
7520.75,1
7521.0,0
7521.25,1
7522.75,0
7523.0,1
7523.75,0
7524.0,1
7525.25,0
7525.5,1
7526.25,0
7526.75,1
7528.75,0
7590.25,1
7590.5,0
7592.75,1
7596.0,0
7596.75,1
7597.25,0
7597.75,1
7598.75,0
7599.25,1
7599.5,0
7599.75,1
7601.0,0
7616.75,1
7618.25,0
7618.5,1
7621.75,0
7622.0,1
7623.5,0
7623.75,1
7624.75,0
7625.25,1
7625.5,0
7625.75,1
7626.0,0
7636.25,1
7636.5,0
7641.5,1
7643.0,0
7643.25,1
7643.5,0
7643.75,1
7644.25,0
7644.5,1
7644.75,0
7645.25,1
7645.75,0
7646.25,1
7647.25,0
7647.5,1
7647.75,0
7648.25,1
7648.5,0
7649.0,1
7649.25,0
7651.5,1
7651.75,0
7664.75,1
7665.0,0
7665.5,1
7666.0,0
7666.25,1
7669.25,0
7669.5,1
7669.75,0
7670.0,1
7671.0,0
7671.25,1
7671.5,0
7671.75,1
7672.25,0
7672.5,1
7673.0,0
7676.5,1
7676.75,0
7688.5,1
7688.75,0
7689.0,1
7689.25,0
7689.5,1
7691.0,0
7691.25,1
7692.25,0
7692.5,1
7693.75,0
7694.25,1
7695.75,0
7696.25,1
7697.0,0
7697.25,1
7697.5,0
7700.5,1
7700.75,0
7701.0,1
7701.25,0
7757.75,1
7758.0,0
7760.5,1
7761.0,0
7761.25,1
7762.0,0
7762.25,1
7764.0,0
7764.25,1
7765.5,0
7766.0,1
7767.25,0
7767.5,1
7768.5,0
7768.75,1
7769.0,0
7769.25,1
7769.5,0
7774.25,1
7774.75,0
7783.0,1
7783.25,0
7784.0,1
7784.25,0
7785.0,1
7786.0,0
7786.25,1
7786.5,0
7786.75,1
7788.25,0
7788.5,1
7788.75,0
7789.25,1
7790.5,0
7790.75,1
7792.5,0
7792.75,1
7793.25,0
7793.5,1
7793.75,0
7796.0,1
7796.25,0
7797.25,1
7797.5,0
7809.25,1
7811.25,0
7811.5,1
7812.0,0
7812.25,1
7812.75,0
7813.0,1
7813.25,0
7813.5,1
7814.5,0
7815.25,1
7815.75,0
7816.0,1
7816.25,0
7816.75,1
7817.0,0
7820.75,1
7821.25,0
7830.75,1
7831.0,0
7833.0,1
7833.5,0
7833.75,1
7836.25,0
7836.5,1
7837.0,0
7837.5,1
7838.0,0
7838.25,1
7839.25,0
7839.5,1
7839.75,0
7840.0,1
7840.75,0
7845.25,1
7845.5,0
7926.25,1
7926.5,0
7928.5,1
7928.75,0
7929.5,1
7929.75,0
7930.0,1
7930.5,0
7930.75,1
7931.25,0
7931.5,1
7932.0,0
7932.25,1
7933.0,0
7933.25,1
7933.5,0
7933.75,1
7935.5,0
7935.75,1
7937.25,0
7941.5,1
7941.75,0
7949.5,1
7949.75,0
7950.5,1
7951.0,0
7951.75,1
7952.0,0
7952.75,1
7953.75,0
7954.25,1
7955.0,0
7955.5,1
7956.25,0
7956.5,1
7957.25,0
7957.75,1
7958.0,0
7958.5,1
7959.75,0
7960.25,1
7960.5,0
7960.75,1
7961.0,0
7973.75,1
7974.25,0
7974.5,1
7974.75,0
7976.75,1
7977.25,0
7977.5,1
7980.5,0
7980.75,1
7981.0,0
7981.25,1
7981.5,0
7981.75,1
7982.25,0
7982.5,1
7983.25,0
7983.5,1
7984.0,0
7984.25,1
7984.75,0
7989.25,1
7989.5,0
8002.0,1
8004.5,0
8004.75,1
8009.25,0
8024.5,1
8024.75,0
8025.0,1
8026.0,0
8026.25,1
8028.25,0
8028.5,1
8029.5,0
8029.75,1
8030.0,0
8030.25,1
8030.75,0
8031.0,1
8031.25,0
8031.5,1
8033.25,0
8036.25,1
8036.5,0
8038.75,1
8039.0,0
8094.75,1
8095.0,0
8096.5,1
8097.0,0
8097.25,1
8097.75,0
8098.0,1
8099.5,0
8099.75,1
8101.5,0
8101.75,1
8103.0,0
8103.25,1
8103.5,0
8104.0,1
8105.5,0
8109.75,1
8110.0,0
8121.0,1
8121.25,0
8121.75,1
8122.0,0
8122.25,1
8123.25,0
8123.5,1
8123.75,0
8124.0,1
8124.5,0
8124.75,1
8126.0,0
8126.25,1
8127.0,0
8127.25,1
8127.75,0
8128.0,1
8128.5,0
8129.5,1
8129.75,0
8133.0,1
8133.25,0
8144.25,1
8144.5,0
8144.75,1
8148.0,0
8148.25,1
8148.5,0
8148.75,1
8149.25,0
8149.5,1
8153.0,0
8153.25,1
8153.5,0
8166.0,1
8166.5,0
8169.0,1
8169.5,0
8169.75,1
8170.75,0
8171.0,1
8172.0,0
8172.25,1
8172.5,0
8172.75,1
8173.5,0
8173.75,1
8176.0,0
8176.25,1
8177.25,0
8194.0,1
8196.0,0
8196.75,1
8201.0,0
8205.0,1
8205.25,0
8262.5,1
8263.0,0
8264.75,1
8265.0,0
8265.25,1
8265.5,0
8265.75,1
8266.25,0
8266.5,1
8269.75,0
8270.25,1
8270.5,0
8270.75,1
8271.0,0
8271.25,1
8271.5,0
8271.75,1
8273.25,0
8276.0,1
8276.25,0
8287.75,1
8288.5,0
8288.75,1
8289.0,0
8289.5,1
8290.0,0
8290.25,1
8291.25,0
8291.5,1
8293.0,0
8293.25,1
8295.5,0
8295.75,1
8296.25,0
8296.5,1
8297.0,0
8302.25,1
8302.5,0
8312.75,1
8313.25,0
8313.5,1
8313.75,0
8314.0,1
8315.5,0
8315.75,1
8316.5,0
8316.75,1
8317.5,0
8317.75,1
8318.25,0
8318.75,1
8320.0,0
8320.25,1
8320.5,0
8333.75,1
8334.0,0
8335.5,1
8335.75,0
8336.0,1
8336.25,0
8337.5,1
8338.75,0
8339.25,1
8339.75,0
8340.25,1
8340.75,0
8341.0,1
8341.5,0
8341.75,1
8342.75,0
8343.0,1
8343.5,0
8343.75,1
8345.0,0
8345.25,1
8345.75,0
8349.5,1
8349.75,0
8359.75,1
8360.0,0
8360.75,1
8361.5,0
8362.25,1
8362.75,0
8363.0,1
8365.0,0
8365.25,1
8368.25,0
8368.75,1
8369.5,0
8430.0,1
8430.25,0
8430.5,1
8430.75,0
8432.75,1
8433.25,0
8433.75,1
8437.0,0
8437.25,1
8439.25,0
8439.75,1
8440.0,0
8440.25,1
8441.25,0
8441.5,1
8441.75,0
8444.75,1
8445.0,0
8454.75,1
8455.0,0
8456.75,1
8457.0,0
8457.25,1
8458.0,0
8458.25,1
8458.5,0
8458.75,1
8460.75,0
8461.0,1
8461.5,0
8461.75,1
8462.0,0
8462.25,1
8462.75,0
8463.0,1
8464.5,0
8464.75,1
8465.25,0
8469.0,1
8469.25,0
8479.0,1
8479.25,0
8480.75,1
8481.25,0
8481.5,1
8482.5,0
8482.75,1
8483.5,0
8483.75,1
8484.0,0
8484.25,1
8487.25,0
8487.75,1
8489.25,0
8504.0,1
8504.25,0
8505.0,1
8507.75,0
8508.0,1
8508.25,0
8508.75,1
8509.25,0
8509.75,1
8510.0,0
8510.25,1
8510.5,0
8510.75,1
8511.0,0
8511.25,1
8512.0,0
8512.25,1
8513.0,0
8513.25,1
8513.75,0
8517.5,1
8517.75,0
8525.0,1
8525.25,0
8525.5,1
8525.75,0
8526.0,1
8526.25,0
8527.25,1
8527.5,0
8527.75,1
8528.25,0
8529.0,1
8529.75,0
8530.25,1
8532.0,0
8532.5,1
8533.25,0
8533.5,1
8536.5,0
8537.0,1
8537.25,0
8622.5,1
8622.75,0
8623.75,1
8624.0,0
8624.25,1
8625.0,0
8625.75,1
8628.75,0
8629.0,1
8629.25,0
8629.5,1
8631.5,0
8632.25,1
8633.5,0
8637.75,1
8638.0,0
8646.5,1
8646.75,0
8647.0,1
8647.25,0
8647.75,1
8648.0,0
8649.25,1
8652.25,0
8652.5,1
8653.5,0
8653.75,1
8655.25,0
8655.5,1
8657.25,0
8671.75,1
8672.0,0
8672.5,1
8672.75,0
8673.25,1
8673.5,0
8673.75,1
8675.5,0
8675.75,1
8676.25,0
8676.5,1
8677.5,0
8677.75,1
8678.5,0
8679.0,1
8681.0,0
8694.0,1
8694.25,0
8695.75,1
8696.0,0
8696.5,1
8697.0,0
8697.25,1
8697.75,0
8698.0,1
8700.0,0
8700.5,1
8701.5,0
8701.75,1
8702.25,0
8702.5,1
8703.0,0
8703.25,1
8705.0,0
