#1


float Room-109 (4411,2)
0.0,0
31.5,1
31.75,0
32.5,1
32.75,0
33.0,1
34.0,0
34.25,1
35.75,0
36.25,1
40.0,0
40.25,1
40.75,0
41.0,1
41.25,0
56.75,1
57.25,0
57.75,1
58.25,0
58.5,1
61.5,0
61.75,1
64.5,0
65.25,1
65.5,0
67.75,1
68.25,0
78.0,1
78.5,0
78.75,1
79.0,0
81.0,1
81.5,0
82.0,1
83.0,0
83.25,1
84.0,0
84.5,1
86.25,0
86.5,1
87.0,0
87.25,1
88.5,0
89.25,1
89.5,0
92.25,1
92.5,0
105.5,1
105.75,0
106.0,1
106.25,0
107.0,1
107.75,0
108.25,1
108.5,0
108.75,1
109.25,0
109.5,1
109.75,0
110.0,1
110.5,0
111.0,1
111.75,0
112.0,1
112.5,0
112.75,1
113.25,0
113.5,1
113.75,0
118.0,1
118.25,0
129.0,1
129.5,0
129.75,1
130.0,0
130.25,1
130.75,0
131.5,1
132.25,0
132.5,1
133.5,0
133.75,1
134.0,0
134.5,1
134.75,0
135.0,1
135.5,0
135.75,1
136.0,0
136.25,1
137.25,0
200.5,1
200.75,0
201.25,1
201.75,0
202.0,1
203.75,0
204.0,1
204.25,0
204.5,1
205.75,0
206.0,1
207.5,0
208.25,1
209.25,0
213.5,1
213.75,0
222.5,1
222.75,0
224.0,1
224.25,0
224.75,1
225.0,0
225.25,1
226.75,0
227.0,1
228.0,0
228.5,1
229.0,0
229.25,1
231.75,0
232.0,1
233.0,0
250.25,1
250.5,0
250.75,1
251.0,0
251.25,1
253.0,0
253.25,1
254.0,0
254.25,1
254.5,0
254.75,1
256.25,0
256.5,1
257.25,0
257.5,1
257.75,0
261.25,1
261.5,0
270.5,1
270.75,0
272.25,1
272.5,0
273.0,1
273.5,0
273.75,1
276.25,0
276.5,1
277.0,0
277.5,1
278.5,0
278.75,1
279.25,0
279.75,1
281.25,0
289.5,1
289.75,0
290.0,1
290.25,0
296.0,1
296.5,0
297.0,1
297.25,0
297.5,1
299.5,0
299.75,1
300.0,0
300.25,1
302.0,0
302.25,1
302.5,0
302.75,1
305.0,0
369.5,1
370.75,0
371.0,1
371.75,0
372.0,1
372.25,0
372.5,1
376.5,0
376.75,1
377.25,0
380.5,1
380.75,0
381.75,1
382.0,0
390.0,1
390.25,0
393.0,1
393.75,0
394.0,1
395.75,0
396.0,1
397.0,0
397.5,1
398.25,0
398.5,1
399.0,0
399.25,1
399.5,0
399.75,1
400.0,0
400.25,1
401.25,0
438.75,1
439.25,0
440.0,1
440.25,0
441.0,1
442.5,0
442.75,1
443.0,0
443.25,1
443.5,0
443.75,1
444.75,0
445.0,1
445.75,0
446.5,1
447.75,0
448.0,1
449.25,0
452.25,1
453.0,0
462.75,1
463.0,0
463.25,1
463.5,0
465.25,1
467.25,0
467.5,1
467.75,0
468.0,1
469.5,0
469.75,1
470.5,0
470.75,1
472.0,0
472.25,1
472.5,0
472.75,1
473.5,0
535.5,1
536.0,0
538.0,1
538.25,0
538.5,1
538.75,0
539.0,1
539.25,0
539.5,1
541.0,0
541.25,1
542.0,0
542.5,1
543.0,0
543.25,1
544.25,0
544.75,1
545.0,0
549.5,1
550.0,0
560.5,1
561.0,0
561.5,1
563.0,0
563.25,1
563.5,0
563.75,1
564.25,0
564.5,1
565.25,0
565.5,1
565.75,0
566.0,1
566.5,0
567.0,1
567.5,0
567.75,1
569.25,0
584.5,1
584.75,0
585.0,1
585.5,0
585.75,1
587.25,0
587.75,1
590.25,0
590.5,1
593.25,0
597.25,1
597.5,0
606.5,1
607.25,0
608.5,1
609.25,0
609.5,1
611.75,0
612.25,1
615.5,0
615.75,1
616.0,0
616.5,1
616.75,0
617.25,1
617.5,0
621.75,1
622.0,0
631.5,1
632.0,0
632.75,1
633.0,0
633.25,1
635.0,0
635.5,1
636.0,0
636.25,1
637.75,0
638.0,1
640.25,0
640.5,1
641.25,0
702.25,1
702.5,0
703.5,1
703.75,0
704.5,1
704.75,0
705.25,1
706.0,0
706.25,1
709.25,0
709.75,1
710.0,0
710.25,1
711.5,0
712.25,1
712.5,0
712.75,1
713.25,0
726.25,1
726.5,0
729.25,1
731.25,0
731.5,1
731.75,0
732.0,1
732.5,0
732.75,1
733.25,0
733.75,1
734.0,0
734.25,1
734.5,0
734.75,1
735.5,0
736.0,1
737.25,0
738.0,1
738.25,0
750.75,1
751.0,0
753.25,1
753.5,0
754.0,1
757.75,0
758.0,1
758.75,0
759.0,1
759.5,0
759.75,1
760.75,0
761.0,1
761.25,0
773.75,1
774.0,0
775.5,1
775.75,0
776.5,1
776.75,0
777.0,1
779.25,0
779.5,1
780.25,0
780.5,1
781.25,0
781.5,1
782.75,0
783.0,1
783.25,0
783.5,1
784.25,0
784.5,1
784.75,0
789.75,1
790.0,0
798.0,1
798.25,0
798.5,1
798.75,0
800.75,1
801.25,0
801.5,1
805.25,0
805.5,1
806.0,0
806.25,1
806.75,0
807.0,1
807.25,0
807.75,1
808.0,0
808.25,1
809.5,0
871.25,1
871.5,0
873.0,1
876.5,0
876.75,1
878.25,0
878.5,1
880.0,0
880.75,1
881.0,0
881.25,1
881.5,0
885.25,1
885.5,0
894.5,1
894.75,0
895.5,1
895.75,0
897.25,1
899.75,0
900.75,1
901.0,0
901.5,1
904.75,0
905.5,1
905.75,0
919.0,1
919.25,0
919.75,1
920.0,0
921.0,1
921.25,0
921.5,1
922.75,0
923.0,1
924.25,0
924.75,1
925.0,0
925.25,1
926.25,0
926.5,1
927.5,0
928.0,1
928.5,0
929.75,1
930.0,0
943.25,1
943.5,0
945.0,1
946.5,0
946.75,1
948.0,0
948.25,1
949.25,0
949.5,1
950.0,0
950.25,1
950.75,0
951.0,1
952.25,0
952.5,1
953.0,0
966.25,1
966.5,0
968.75,1
971.5,0
971.75,1
973.5,0
973.75,1
974.0,0
974.25,1
975.0,0
975.25,1
977.0,0
977.25,1
977.5,0
1038.0,1
1038.25,0
1038.75,1
1039.0,0
1041.25,1
1042.75,0
1043.0,1
1046.0,0
1046.25,1
1048.0,0
1048.25,1
1048.5,0
1048.75,1
1049.25,0
1063.0,1
1063.25,0
1065.0,1
1065.5,0
1065.75,1
1066.75,0
1067.0,1
1069.0,0
1069.25,1
1070.0,0
1070.75,1
1071.25,0
1071.5,1
1073.25,0
1109.75,1
1110.25,0
1112.75,1
1113.5,0
1113.75,1
1115.0,0
1115.25,1
1115.5,0
1116.5,1
1118.0,0
1118.25,1
1118.75,0
1119.25,1
1119.5,0
1120.0,1
1120.25,0
1120.75,1
1121.25,0
1125.75,1
1126.0,0
1135.0,1
1135.25,0
1136.5,1
1137.25,0
1137.5,1
1140.5,0
1140.75,1
1144.75,0
1145.0,1
1146.0,0
1207.25,1
1207.5,0
1208.0,1
1208.25,0
1209.75,1
1210.0,0
1210.25,1
1211.0,0
1211.25,1
1212.25,0
1212.5,1
1212.75,0
1213.0,1
1213.75,0
1214.5,1
1215.75,0
1216.0,1
1217.0,0
1231.75,1
1232.0,0
1232.5,1
1232.75,0
1233.0,1
1234.0,0
1234.25,1
1241.25,0
1256.5,1
1257.0,0
1257.75,1
1258.0,0
1258.25,1
1258.5,0
1258.75,1
1259.25,0
1259.5,1
1260.0,0
1260.25,1
1260.75,0
1261.0,1
1263.0,0
1263.25,1
1264.75,0
1265.0,1
1265.25,0
1273.75,1
1274.0,0
1278.25,1
1278.5,0
1278.75,1
1279.0,0
1280.5,1
1280.75,0
1281.25,1
1281.5,0
1281.75,1
1284.0,0
1284.25,1
1284.75,0
1285.25,1
1285.75,0
1286.0,1
1286.5,0
1286.75,1
1287.5,0
1287.75,1
1288.25,0
1288.5,1
1288.75,0
1294.0,1
1294.25,0
1303.25,1
1303.5,0
1304.5,1
1305.0,0
1305.25,1
1308.5,0
1308.75,1
1309.5,0
1309.75,1
1311.0,0
1311.25,1
1311.75,0
1312.0,1
1312.25,0
1312.5,1
1313.0,0
1313.25,1
1313.5,0
1377.25,1
1377.5,0
1377.75,1
1378.5,0
1378.75,1
1379.75,0
1380.25,1
1380.5,0
1380.75,1
1381.75,0
1382.25,1
1383.0,0
1383.25,1
1384.25,0
1384.5,1
1384.75,0
1385.0,1
1385.25,0
1385.75,1
1386.0,0
1398.75,1
1399.0,0
1399.5,1
1399.75,0
1400.0,1
1400.25,0
1401.25,1
1402.0,0
1402.25,1
1403.5,0
1403.75,1
1404.0,0
1404.25,1
1405.75,0
1406.0,1
1409.0,0
1422.25,1
1423.0,0
1423.25,1
1423.5,0
1424.5,1
1424.75,0
1425.25,1
1425.5,0
1425.75,1
1426.75,0
1427.25,1
1428.25,0
1428.5,1
1432.25,0
1432.5,1
1433.0,0
1433.25,1
1433.5,0
1446.25,1
1446.5,0
1447.25,1
1447.75,0
1448.0,1
1448.25,0
1449.0,1
1449.25,0
1449.5,1
1449.75,0
1450.0,1
1451.0,0
1451.25,1
1451.75,0
1452.0,1
1452.75,0
1453.0,1
1455.5,0
1455.75,1
1456.25,0
1456.5,1
1456.75,0
1457.0,1
1457.25,0
1473.25,1
1476.75,0
1477.0,1
1477.25,0
1477.75,1
1478.0,0
1478.75,1
1479.25,0
1479.5,1
1480.0,0
1480.25,1
1480.75,0
1481.0,1
1481.25,0
1544.75,1
1545.0,0
1546.0,1
1547.0,0
1547.25,1
1548.5,0
1548.75,1
1551.0,0
1551.25,1
1553.0,0
1553.25,1
1553.5,0
1553.75,1
1554.0,0
1567.0,1
1567.5,0
1568.25,1
1568.5,0
1568.75,1
1569.5,0
1569.75,1
1570.0,0
1570.5,1
1571.0,0
1571.25,1
1572.0,0
1572.25,1
1572.75,0
1573.0,1
1574.0,0
1574.25,1
1575.0,0
1575.5,1
1575.75,0
1576.0,1
1577.25,0
1580.0,1
1580.25,0
1589.75,1
1590.25,0
1593.0,1
1594.75,0
1595.0,1
1596.75,0
1597.0,1
1599.0,0
1599.25,1
1599.5,0
1600.0,1
1600.25,0
1600.5,1
1601.0,0
1604.75,1
1605.0,0
1615.75,1
1616.0,0
1616.75,1
1619.25,0
1619.5,1
1620.0,0
1620.5,1
1621.0,0
1621.5,1
1622.25,0
1622.5,1
1624.25,0
1624.5,1
1624.75,0
1625.25,1
1625.5,0
1639.0,1
1639.25,0
1639.75,1
1640.75,0
1641.0,1
1641.5,0
1642.0,1
1642.5,0
1643.25,1
1644.25,0
1644.75,1
1645.75,0
1646.0,1
1646.25,0
1646.5,1
1646.75,0
1647.0,1
1649.25,0
1649.5,1
1649.75,0
1710.25,1
1710.5,0
1713.25,1
1714.25,0
1714.5,1
1715.0,0
1715.25,1
1715.75,0
1716.0,1
1716.25,0
1716.5,1
1717.5,0
1717.75,1
1718.0,0
1718.25,1
1718.5,0
1718.75,1
1719.75,0
1720.0,1
1721.25,0
1721.75,1
1722.0,0
1737.0,1
1738.0,0
1738.25,1
1740.25,0
1740.5,1
1741.25,0
1741.5,1
1744.25,0
1744.5,1
1745.0,0
1745.5,1
1745.75,0
1758.5,1
1758.75,0
1760.25,1
1762.5,0
1762.75,1
1763.0,0
1763.25,1
1766.5,0
1766.75,1
1767.75,0
1768.25,1
1769.0,0
1769.25,1
1769.5,0
1772.5,1
1772.75,0
1773.25,1
1773.5,0
1783.0,1
1783.25,0
1783.5,1
1783.75,0
1784.75,1
1786.5,0
1786.75,1
1787.5,0
1787.75,1
1788.5,0
1788.75,1
1790.75,0
1791.0,1
1791.25,0
1791.5,1
1793.25,0
1807.0,1
1807.25,0
1809.5,1
1811.75,0
1812.0,1
1812.25,0
1812.5,1
1815.0,0
1815.25,1
1816.75,0
1817.0,1
1817.25,0
1879.0,1
1879.25,0
1880.75,1
1881.0,0
1881.25,1
1881.5,0
1881.75,1
1882.0,0
1882.25,1
1883.0,0
1883.25,1
1883.5,0
1883.75,1
1884.0,0
1884.25,1
1885.0,0
1885.25,1
1885.5,0
1885.75,1
1886.5,0
1887.0,1
1887.75,0
1888.0,1
1889.0,0
1902.25,1
1902.5,0
1902.75,1
1903.0,0
1904.75,1
1905.0,0
1905.25,1
1905.75,0
1906.5,1
1907.0,0
1907.25,1
1907.5,0
1907.75,1
1908.0,0
1908.25,1
1908.5,0
1908.75,1
1910.0,0
1910.25,1
1912.75,0
1913.25,1
1913.5,0
1927.0,1
1927.25,0
1928.75,1
1929.0,0
1929.25,1
1931.0,0
1931.25,1
1932.25,0
1932.5,1
1933.0,0
1933.25,1
1935.25,0
1935.5,1
1937.25,0
1937.5,1
1937.75,0
1950.25,1
1950.5,0
1950.75,1
1951.25,0
1952.25,1
1952.75,0
1953.0,1
1954.25,0
1954.75,1
1956.0,0
1956.25,1
1957.0,0
1957.25,1
1957.5,0
1957.75,1
1959.5,0
1959.75,1
1961.0,0
1961.25,1
1961.5,0
1975.0,1
1975.25,0
1976.75,1
1977.0,0
1977.5,1
1978.75,0
1979.0,1
1980.25,0
1980.5,1
1981.5,0
1982.0,1
1982.75,0
1983.0,1
1984.75,0
2048.75,1
2051.5,0
2051.75,1
2052.75,0
2053.75,1
2054.0,0
2054.25,1
2054.5,0
2054.75,1
2055.25,0
2055.5,1
2056.0,0
2056.5,1
2056.75,0
2073.0,1
2073.25,0
2073.75,1
2074.75,0
2075.0,1
2075.75,0
2076.0,1
2077.5,0
2077.75,1
2078.25,0
2078.75,1
2079.25,0
2079.75,1
2081.25,0
2086.25,1
2086.5,0
2094.25,1
2094.5,0
2095.5,1
2095.75,0
2096.0,1
2096.25,0
2097.25,1
2098.0,0
2098.25,1
2098.5,0
2098.75,1
2099.25,0
2099.5,1
2100.25,0
2101.25,1
2101.5,0
2101.75,1
2102.75,0
2103.0,1
2104.0,0
2104.25,1
2105.25,0
2107.25,1
2107.5,0
2110.25,1
2110.5,0
2119.5,1
2119.75,0
2121.25,1
2122.25,0
2122.5,1
2123.75,0
2124.0,1
2125.0,0
2125.25,1
2125.5,0
2126.0,1
2129.25,0
2142.5,1
2142.75,0
2143.25,1
2143.5,0
2143.75,1
2144.0,0
2145.0,1
2145.5,0
2146.0,1
2149.5,0
2149.75,1
2150.75,0
2151.0,1
2151.25,0
2151.5,1
2152.0,0
2152.25,1
2153.75,0
2216.75,1
2217.25,0
2218.25,1
2220.25,0
2220.75,1
2221.0,0
2221.25,1
2221.75,0
2222.0,1
2222.75,0
2223.75,1
2225.0,0
2229.25,1
2229.5,0
2239.5,1
2239.75,0
2240.5,1
2241.0,0
2241.5,1
2242.25,0
2242.75,1
2244.0,0
2244.25,1
2245.75,0
2246.0,1
2246.75,0
2247.0,1
2247.75,0
2248.0,1
2249.0,0
2249.25,1
2249.5,0
2264.75,1
2266.75,0
2267.0,1
2267.75,0
2268.0,1
2268.25,0
2268.5,1
2269.0,0
2269.5,1
2270.25,0
2270.5,1
2270.75,0
2271.25,1
2271.5,0
2271.75,1
2272.25,0
2272.5,1
2273.0,0
2287.0,1
2287.25,0
2289.0,1
2289.75,0
2290.0,1
2290.75,0
2291.0,1
2291.5,0
2291.75,1
2293.0,0
2293.25,1
2295.0,0
2295.25,1
2296.75,0
2297.0,1
2297.25,0
2311.25,1
2311.75,0
2312.0,1
2312.25,0
2312.75,1
2313.0,0
2314.0,1
2314.25,0
2314.75,1
2316.0,0
2316.25,1
2316.75,0
2317.5,1
2318.25,0
2318.5,1
2319.25,0
2319.5,1
2319.75,0
2320.75,1
2321.25,0
2325.75,1
2326.0,0
2384.5,1
2385.0,0
2385.5,1
2385.75,0
2386.5,1
2387.5,0
2388.0,1
2390.5,0
2390.75,1
2391.25,0
2391.5,1
2392.0,0
2392.25,1
2392.75,0
2393.25,1
2393.5,0
2393.75,1
2394.0,0
2395.75,1
2396.0,0
2396.5,1
2396.75,0
2406.5,1
2406.75,0
2407.5,1
2407.75,0
2409.25,1
2409.5,0
2409.75,1
2412.25,0
2412.5,1
2413.25,0
2413.5,1
2413.75,0
2414.0,1
2414.25,0
2414.5,1
2415.5,0
2415.75,1
2417.0,0
2430.0,1
2430.5,0
2432.75,1
2433.25,0
2433.5,1
2434.75,0
2435.0,1
2435.25,0
2435.5,1
2435.75,0
2436.25,1
2436.5,0
2436.75,1
2437.25,0
2437.75,1
2438.0,0
2438.25,1
2439.5,0
2439.75,1
2440.75,0
2441.25,1
2441.5,0
2456.75,1
2457.0,0
2457.25,1
2458.0,0
2458.25,1
2460.0,0
2460.75,1
2462.75,0
2463.0,1
2465.25,0
2478.5,1
2478.75,0
2480.5,1
2482.25,0
2482.5,1
2483.75,0
2484.0,1
2485.5,0
2485.75,1
2487.0,0
2487.5,1
2488.75,0
2493.75,1
2494.0,0
2550.25,1
2550.5,0
2552.5,1
2553.0,0
2553.25,1
2553.75,0
2554.0,1
2555.75,0
2556.0,1
2556.5,0
2556.75,1
2557.25,0
2557.5,1
2558.0,0
2558.25,1
2558.5,0
2558.75,1
2559.0,0
2559.25,1
2559.5,0
2559.75,1
2560.0,0
2560.25,1
2560.5,0
2576.5,1
2577.0,0
2577.5,1
2580.5,0
2580.75,1
2581.0,0
2581.25,1
2581.75,0
2582.0,1
2583.25,0
2583.5,1
2584.25,0
2585.5,1
2585.75,0
2600.75,1
2604.5,0
2604.75,1
2606.5,0
2606.75,1
2607.0,0
2607.25,1
2608.0,0
2608.25,1
2608.5,0
2609.0,1
2609.5,0
2613.25,1
2613.5,0
2623.0,1
2623.25,0
2624.5,1
2624.75,0
2625.25,1
2626.25,0
2626.5,1
2627.0,0
2627.25,1
2627.75,0
2628.5,1
2629.25,0
2629.5,1
2630.5,0
2631.0,1
2631.25,0
2631.5,1
2631.75,0
2632.0,1
2632.5,0
2632.75,1
2633.25,0
2636.25,1
2636.5,0
2638.25,1
2638.5,0
2645.5,1
2646.0,0
2647.5,1
2647.75,0
2648.0,1
2648.5,0
2648.75,1
2649.5,0
2649.75,1
2650.0,0
2650.25,1
2652.0,0
2652.5,1
2653.5,0
2653.75,1
2654.0,0
2654.25,1
2655.0,0
2655.25,1
2655.5,0
2655.75,1
2656.0,0
2656.25,1
2657.25,0
2662.5,1
2662.75,0
2720.5,1
2720.75,0
2721.25,1
2722.5,0
2722.75,1
2723.25,0
2723.5,1
2723.75,0
2724.0,1
2725.0,0
2725.25,1
2727.25,0
2727.75,1
2729.0,0
2732.75,1
2733.0,0
2733.5,1
2733.75,0
2743.25,1
2743.5,0
2744.25,1
2746.25,0
2746.75,1
2747.5,0
2747.75,1
2748.5,0
2748.75,1
2749.0,0
2749.25,1
2751.25,0
2751.5,1
2752.0,0
2752.25,1
2752.5,0
2753.0,1
2753.25,0
2753.5,1
2753.75,0
2766.75,1
2767.0,0
2767.25,1
2767.5,0
2769.0,1
2769.25,0
2769.5,1
2770.75,0
2771.0,1
2771.25,0
2771.5,1
2771.75,0
2772.5,1
2772.75,0
2773.0,1
2773.75,0
2774.0,1
2774.25,0
2774.5,1
2775.25,0
2775.75,1
2776.25,0
2776.5,1
2777.0,0
2777.5,1
2777.75,0
2780.75,1
2781.0,0
2792.75,1
2793.0,0
2793.25,1
2795.75,0
2796.25,1
2796.75,0
2797.25,1
2797.75,0
2798.0,1
2798.75,0
2799.0,1
2799.25,0
2799.75,1
2800.25,0
2800.5,1
2801.25,0
2816.25,1
2816.5,0
2816.75,1
2818.75,0
2819.25,1
2819.75,0
2820.0,1
2822.75,0
2823.0,1
2823.5,0
2823.75,1
2824.25,0
2824.5,1
2825.25,0
2825.75,1
2826.0,0
2828.25,1
2828.5,0
2889.0,1
2889.25,0
2889.5,1
2891.25,0
2891.5,1
2892.0,0
2892.25,1
2892.5,0
2892.75,1
2894.25,0
2894.75,1
2895.5,0
2895.75,1
2896.5,0
2896.75,1
2897.25,0
2912.25,1
2912.5,0
2912.75,1
2914.0,0
2914.25,1
2915.5,0
2915.75,1
2918.0,0
2918.5,1
2919.0,0
2919.25,1
2919.5,0
2919.75,1
2920.75,0
2921.0,1
2921.25,0
2925.5,1
2925.75,0
2936.25,1
2936.5,0
2936.75,1
2937.25,0
2937.5,1
2941.0,0
2941.25,1
2941.75,0
2942.25,1
2942.5,0
2943.0,1
2944.75,0
2945.0,1
2945.5,0
2948.75,1
2949.0,0
2950.25,1
2950.5,0
2957.75,1
2958.0,0
2959.75,1
2960.25,0
2960.5,1
2961.0,0
2961.5,1
2962.0,0
2962.5,1
2964.0,0
2964.25,1
2964.75,0
2965.0,1
2966.5,0
2967.0,1
2968.75,0
2969.0,1
2969.5,0
2983.0,1
2983.25,0
2985.25,1
2985.75,0
2986.25,1
2986.5,0
2986.75,1
2987.0,0
2987.25,1
2988.0,0
2988.25,1
2988.5,0
2988.75,1
2989.25,0
2989.5,1
2990.5,0
2990.75,1
2991.5,0
2992.0,1
2992.75,0
2996.75,1
2997.0,0
3055.75,1
3056.0,0
3057.0,1
3058.0,0
3058.25,1
3061.25,0
3061.5,1
3062.0,0
3062.25,1
3063.5,0
3063.75,1
3064.25,0
3064.5,1
3065.25,0
3081.0,1
3081.25,0
3081.75,1
3083.0,0
3083.25,1
3088.0,0
3088.25,1
3089.5,0
3102.5,1
3102.75,0
3103.5,1
3103.75,0
3105.25,1
3107.75,0
3108.0,1
3109.25,0
3109.5,1
3110.5,0
3110.75,1
3111.0,0
3111.5,1
3112.5,0
3112.75,1
3113.0,0
3113.25,1
3113.5,0
3116.75,1
3117.0,0
3127.25,1
3127.5,0
3128.25,1
3128.5,0
3129.25,1
3129.5,0
3129.75,1
3130.5,0
3130.75,1
3131.75,0
3132.0,1
3132.75,0
3133.0,1
3136.25,0
3136.5,1
3136.75,0
3150.25,1
3150.5,0
3151.0,1
3151.5,0
3152.25,1
3152.75,0
3154.25,1
3154.75,0
3155.0,1
3155.5,0
3155.75,1
3157.0,0
3157.25,1
3157.75,0
3158.0,1
3158.25,0
3158.5,1
3161.5,0
3165.75,1
3166.0,0
3225.0,1
3227.5,0
3228.0,1
3228.25,0
3228.5,1
3228.75,0
3229.0,1
3230.0,0
3230.25,1
3231.75,0
3232.0,1
3233.0,0
3248.75,1
3249.0,0
3249.5,1
3250.75,0
3251.0,1
3253.0,0
3253.25,1
3253.75,0
3254.5,1
3256.5,0
3256.75,1
3257.0,0
3272.75,1
3274.25,0
3274.5,1
3276.0,0
3276.25,1
3277.5,0
3277.75,1
3279.0,0
3279.25,1
3280.25,0
3280.5,1
3281.0,0
3281.25,1
3281.5,0
3293.75,1
3294.0,0
3297.0,1
3298.75,0
3299.5,1
3300.5,0
3300.75,1
3301.25,0
3301.5,1
3302.75,0
3303.25,1
3304.75,0
3305.0,1
3305.5,0
3318.0,1
3318.25,0
3320.75,1
3321.75,0
3322.0,1
3323.25,0
3323.5,1
3326.0,0
3326.25,1
3327.25,0
3327.5,1
3329.25,0
3331.0,1
3331.25,0
3390.75,1
3391.0,0
3393.0,1
3394.0,0
3394.25,1
3396.75,0
3397.25,1
3397.5,0
3397.75,1
3398.5,0
3399.0,1
3401.0,0
3405.0,1
3405.25,0
3414.5,1
3414.75,0
3415.5,1
3415.75,0
3417.0,1
3418.75,0
3419.0,1
3421.0,0
3421.25,1
3422.0,0
3422.25,1
3422.75,0
3423.25,1
3424.0,0
3424.25,1
3425.0,0
3425.25,1
3425.5,0
3428.5,1
3428.75,0
3429.0,1
3429.25,0
3441.0,1
3441.25,0
3441.5,1
3442.75,0
3443.25,1
3446.25,0
3446.5,1
3447.0,0
3447.5,1
3449.25,0
3449.5,1
3449.75,0
3452.75,1
3453.0,0
3463.5,1
3463.75,0
3464.5,1
3464.75,0
3465.0,1
3465.75,0
3466.0,1
3466.75,0
3467.0,1
3467.75,0
3468.0,1
3469.25,0
3469.5,1
3469.75,0
3470.0,1
3471.0,0
3471.25,1
3472.25,0
3472.5,1
3473.25,0
3487.25,1
3487.5,0
3487.75,1
3488.0,0
3489.0,1
3489.5,0
3489.75,1
3492.5,0
3492.75,1
3493.75,0
3494.0,1
3494.5,0
3495.0,1
3496.75,0
3560.75,1
3562.0,0
3562.25,1
3565.25,0
3565.5,1
3565.75,0
3566.0,1
3566.25,0
3566.5,1
3566.75,0
3567.25,1
3567.75,0
3568.0,1
3568.25,0
3568.5,1
3568.75,0
3609.0,1
3609.5,0
3609.75,1
3612.25,0
3612.5,1
3613.0,0
3613.25,1
3613.5,0
3613.75,1
3615.25,0
3615.5,1
3617.0,0
3632.25,1
3632.5,0
3633.75,1
3635.75,0
3636.0,1
3637.75,0
3638.25,1
3638.5,0
3638.75,1
3641.0,0
3653.75,1
3654.0,0
3657.0,1
3657.25,0
3658.25,1
3659.5,0
3659.75,1
3660.5,0
3660.75,1
3661.0,0
3661.25,1
3661.75,0
3662.25,1
3662.5,0
3662.75,1
3663.0,0
3663.75,1
3664.5,0
3664.75,1
3665.0,0
3668.75,1
3669.0,0
3726.75,1
3727.25,0
3728.5,1
3729.0,0
3729.5,1
3730.0,0
3730.25,1
3732.0,0
3732.25,1
3732.75,0
3733.0,1
3733.25,0
3733.5,1
3734.25,0
3734.5,1
3734.75,0
3735.0,1
3736.0,0
3736.25,1
3736.5,0
3736.75,1
3737.5,0
3741.75,1
3742.0,0
3750.0,1
3750.25,0
3750.5,1
3751.0,0
3752.5,1
3753.25,0
3753.75,1
3755.5,0
3755.75,1
3756.0,0
3756.5,1
3757.5,0
3757.75,1
3759.0,0
3759.25,1
3761.0,0
3761.25,1
3761.75,0
3764.0,1
3764.25,0
3764.5,1
3764.75,0
3765.75,1
3766.0,0
3774.75,1
3775.0,0
3776.5,1
3776.75,0
3777.0,1
3778.5,0
3778.75,1
3780.5,0
3780.75,1
3781.0,0
3781.25,1
3782.5,0
3782.75,1
3783.5,0
3783.75,1
3785.25,0
3798.75,1
3799.0,0
3799.25,1
3799.5,0
3800.25,1
3800.5,0
3800.75,1
3804.75,0
3805.0,1
3806.5,0
3806.75,1
3807.0,0
3807.25,1
3807.75,0
3808.0,1
3808.25,0
3808.5,1
3808.75,0
3809.0,1
3809.25,0
3812.75,1
3813.0,0
3813.5,1
3813.75,0
3822.0,1
3822.5,0
3824.5,1
3825.25,0
3825.75,1
3829.0,0
3829.25,1
3830.25,0
3831.5,1
3832.0,0
3832.25,1
3832.75,0
3833.0,1
3833.25,0
3837.25,1
3837.5,0
3896.25,1
3896.5,0
3896.75,1
3897.0,0
3897.5,1
3898.25,0
3898.5,1
3898.75,0
3899.0,1
3901.5,0
3901.75,1
3902.0,0
3902.25,1
3905.5,0
3921.0,1
3923.0,0
3923.25,1
3925.25,0
3925.5,1
3926.0,0
3926.25,1
3927.75,0
3928.0,1
3929.25,0
3945.0,1
3945.25,0
3945.75,1
3948.75,0
3949.0,1
3949.75,0
3950.25,1
3950.75,0
3951.0,1
3952.25,0
3952.5,1
3953.0,0
3953.5,1
3953.75,0
3955.75,1
3956.0,0
3957.0,1
3957.5,0
3965.0,1
3965.25,0
3966.5,1
3966.75,0
3968.25,1
3968.5,0
3969.0,1
3969.75,0
3970.0,1
3970.5,0
3970.75,1
3971.0,0
3971.25,1
3971.5,0
3971.75,1
3974.5,0
3974.75,1
3975.5,0
3975.75,1
3976.5,0
3992.75,1
3993.0,0
3993.25,1
3994.25,0
3994.5,1
3996.25,0
3996.5,1
3998.0,0
3998.25,1
3998.75,0
3999.25,1
3999.75,0
4000.0,1
4000.75,0
4001.25,1
4001.5,0
4062.5,1
4062.75,0
4064.25,1
4064.5,0
4064.75,1
4066.25,0
4066.5,1
4068.75,0
4069.0,1
4070.25,0
4070.5,1
4072.75,0
4073.25,1
4073.5,0
4076.75,1
4077.0,0
4088.25,1
4088.5,0
4089.25,1
4089.5,0
4090.0,1
4095.75,0
4096.0,1
4096.75,0
4097.0,1
4097.5,0
4101.75,1
4102.0,0
4111.0,1
4111.25,0
4113.25,1
4114.0,0
4114.25,1
4117.75,0
4118.0,1
4118.25,0
4118.75,1
4119.5,0
4119.75,1
4120.5,0
4120.75,1
4121.0,0
4121.25,1
4121.5,0
4123.75,1
4124.0,0
4137.5,1
4139.25,0
4139.75,1
4141.5,0
4141.75,1
4143.5,0
4143.75,1
4144.75,0
4160.25,1
4160.5,0
4160.75,1
4162.25,0
4162.5,1
4165.0,0
4165.75,1
4166.25,0
4166.5,1
4166.75,0
4167.0,1
4168.5,0
4168.75,1
4169.0,0
4169.5,1
4169.75,0
4232.75,1
4233.5,0
4234.25,1
4235.75,0
4236.0,1
4238.0,0
4238.25,1
4238.75,0
4239.0,1
4240.25,0
4241.0,1
4241.5,0
4241.75,1
4242.0,0
4257.0,1
4257.25,0
4257.5,1
4257.75,0
4258.0,1
4258.75,0
4259.0,1
4259.25,0
4259.75,1
4260.0,0
4260.25,1
4260.75,0
4261.0,1
4261.25,0
4261.5,1
4263.0,0
4263.25,1
4264.25,0
4264.5,1
4265.75,0
4278.0,1
4278.25,0
4278.75,1
4279.0,0
4279.75,1
4280.75,0
4281.0,1
4281.25,0
4281.5,1
4282.25,0
4282.5,1
4282.75,0
4283.0,1
4286.0,0
4286.25,1
4286.75,0
4287.0,1
4289.0,0
4304.5,1
4304.75,0
4305.5,1
4306.5,0
4307.25,1
4308.25,0
4308.75,1
4309.0,0
4309.25,1
4309.5,0
4310.0,1
4310.75,0
4311.25,1
4312.25,0
4312.5,1
4313.0,0
4328.75,1
4329.0,0
4329.25,1
4330.25,0
4330.5,1
4331.0,0
4331.25,1
4331.75,0
4332.0,1
4332.5,0
4332.75,1
4333.0,0
4333.5,1
4334.0,0
4334.25,1
4336.5,0
4336.75,1
4337.0,0
4340.75,1
4341.0,0
4342.0,1
4342.25,0
4400.5,1
4400.75,0
4401.75,1
4402.0,0
4402.25,1
4404.25,0
4404.5,1
4404.75,0
4405.0,1
4405.25,0
4405.5,1
4406.25,0
4406.75,1
4407.0,0
4407.25,1
4408.25,0
4408.5,1
4409.0,0
4445.75,1
4446.0,0
4447.75,1
4448.0,0
4448.25,1
4448.5,0
4449.0,1
4451.0,0
4451.5,1
4451.75,0
4452.0,1
4453.5,0
4453.75,1
4455.25,0
4455.5,1
4456.25,0
4456.75,1
4457.0,0
4457.25,1
4457.5,0
4470.75,1
4471.25,0
4471.75,1
4472.0,0
4472.25,1
4472.5,0
4472.75,1
4475.25,0
4475.75,1
4476.0,0
4476.25,1
4478.0,0
4478.5,1
4479.0,0
4479.25,1
4480.25,0
4480.5,1
4481.0,0
4485.0,1
4485.25,0
4495.25,1
4495.5,0
4495.75,1
4496.0,0
4496.25,1
4496.5,0
4496.75,1
4498.25,0
4498.5,1
4501.75,0
4502.5,1
4503.25,0
4503.75,1
4504.75,0
4567.5,1
4568.0,0
4569.25,1
4571.0,0
4571.5,1
4572.0,0
4572.25,1
4573.0,0
4573.25,1
4573.75,0
4574.25,1
4575.0,0
4575.25,1
4576.25,0
4576.5,1
4577.0,0
4590.5,1
4590.75,0
4591.0,1
4591.25,0
4592.75,1
4593.0,0
4593.75,1
4594.25,0
4594.5,1
4595.25,0
4595.5,1
4596.25,0
4596.5,1
4596.75,0
4597.0,1
4598.5,0
4599.0,1
4599.5,0
4599.75,1
4600.25,0
4600.5,1
4601.0,0
4614.75,1
4615.0,0
4617.5,1
4618.25,0
4618.5,1
4620.0,0
4620.25,1
4620.5,0
4621.5,1
4622.5,0
4622.75,1
4623.0,0
4623.5,1
4625.25,0
4627.5,1
4627.75,0
4637.75,1
4638.0,0
4638.5,1
4638.75,0
4640.25,1
4640.5,0
4641.25,1
4641.5,0
4642.0,1
4642.5,0
4642.75,1
4643.25,0
4643.5,1
4643.75,0
4644.0,1
4644.75,0
4645.25,1
4646.25,0
4646.5,1
4649.75,0
4661.5,1
4661.75,0
4663.5,1
4663.75,0
4664.75,1
4666.25,0
4666.5,1
4668.0,0
4668.5,1
4669.75,0
4670.0,1
4671.25,0
4671.75,1
4672.5,0
4672.75,1
4673.0,0
4676.0,1
4676.25,0
4734.25,1
4734.5,0
4734.75,1
4735.0,0
4735.75,1
4736.0,0
4736.5,1
4736.75,0
4737.25,1
4737.5,0
4738.0,1
4738.5,0
4738.75,1
4739.5,0
4739.75,1
4740.0,0
4740.5,1
4741.0,0
4741.25,1
4745.25,0
4760.5,1
4761.5,0
4762.0,1
4763.0,0
4763.25,1
4763.5,0
4764.0,1
4765.5,0
4765.75,1
4767.0,0
4767.5,1
4768.75,0
4769.25,1
4769.5,0
4782.75,1
4783.0,0
4785.0,1
4785.25,0
4785.5,1
4788.25,0
4789.0,1
4789.25,0
4789.75,1
4791.25,0
4791.5,1
4792.5,0
4793.0,1
4793.5,0
4805.5,1
4805.75,0
4808.25,1
4810.0,0
4810.25,1
4811.25,0
4811.5,1
4814.0,0
4814.25,1
4815.0,0
4815.5,1
4816.0,0
4816.25,1
4816.75,0
4817.0,1
4817.25,0
4821.0,1
4821.25,0
4830.5,1
4830.75,0
4832.25,1
4832.5,0
4833.0,1
4833.5,0
4833.75,1
4837.0,0
4837.25,1
4837.75,0
4838.0,1
4839.25,0
4839.5,1
4841.25,0
4904.75,1
4905.5,0
4905.75,1
4906.0,0
4906.25,1
4908.0,0
4908.25,1
4910.0,0
4910.25,1
4910.5,0
4911.25,1
4911.75,0
4912.0,1
4912.25,0
4912.5,1
4912.75,0
4913.0,1
4913.25,0
4917.25,1
4917.5,0
4928.75,1
4933.25,0
4933.5,1
4934.5,0
4935.0,1
4937.0,0
4952.75,1
4953.0,0
4953.25,1
4954.25,0
4954.75,1
4956.0,0
4956.25,1
4957.0,0
4957.25,1
4957.75,0
4958.0,1
4958.25,0
4958.5,1
4960.75,0
4961.0,1
4961.25,0
4961.5,1
4961.75,0
4965.0,1
4965.25,0
4976.25,1
4976.5,0
4976.75,1
4978.25,0
4979.0,1
4979.25,0
4979.5,1
4979.75,0
4980.25,1
4980.5,0
4981.0,1
4983.25,0
4983.5,1
4985.0,0
4999.25,1
4999.5,0
4999.75,1
5000.0,0
5000.25,1
5000.75,0
5001.25,1
5004.25,0
5004.5,1
5004.75,0
5005.25,1
5007.75,0
5008.25,1
5008.5,0
5009.0,1
5009.75,0
5073.0,1
5073.25,0
5073.5,1
5074.5,0
5074.75,1
5076.0,0
5076.25,1
5076.5,0
5076.75,1
5078.5,0
5078.75,1
5080.25,0
5080.5,1
5081.0,0
5081.25,1
5081.5,0
5085.0,1
5085.25,0
5085.75,1
5086.0,0
5095.0,1
5095.25,0
5096.5,1
5097.25,0
5097.5,1
5102.0,0
5102.25,1
5104.75,0
5105.25,1
5105.75,0
5109.5,1
5109.75,0
5118.0,1
5118.25,0
5118.5,1
5119.0,0
5119.25,1
5119.5,0
5119.75,1
5120.0,0
5120.25,1
5120.5,0
5121.0,1
5121.25,0
5121.5,1
5121.75,0
5122.0,1
5123.75,0
5124.5,1
5125.75,0
5126.25,1
5128.5,0
5129.0,1
5129.5,0
5133.25,1
5133.5,0
5144.5,1
5144.75,0
5145.0,1
5150.5,0
5150.75,1
5151.0,0
5151.25,1
5151.75,0
5152.0,1
5153.0,0
5157.75,1
5158.0,0
5166.75,1
5167.0,0
5168.25,1
5168.5,0
5168.75,1
5173.0,0
5173.5,1
5174.0,0
5174.25,1
5174.5,0
5174.75,1
5175.25,0
5175.5,1
5177.0,0
5240.25,1
5240.5,0
5241.25,1
5242.0,0
5242.25,1
5243.75,0
5244.0,1
5245.0,0
5245.5,1
5245.75,0
5246.0,1
5248.5,0
5248.75,1
5249.5,0
5265.25,1
5265.75,0
5266.25,1
5268.0,0
5268.25,1
5269.25,0
5269.75,1
5270.0,0
5270.25,1
5270.75,0
5271.0,1
5271.25,0
5271.5,1
5273.0,0
5273.25,1
5273.5,0
5276.25,1
5276.5,0
5290.25,1
5291.5,0
5291.75,1
5293.25,0
5293.5,1
5294.75,0
5295.0,1
5296.25,0
5296.5,1
5296.75,0
5297.0,1
5297.5,0
5310.25,1
5311.0,0
5312.75,1
5313.0,0
5313.25,1
5314.0,0
5314.25,1
5315.0,0
5315.25,1
5315.5,0
5315.75,1
5316.25,0
5316.75,1
5317.75,0
5318.0,1
5318.25,0
5318.5,1
5321.25,0
5321.5,1
5321.75,0
5337.0,1
5337.75,0
5338.0,1
5338.25,0
5338.5,1
5339.5,0
5339.75,1
5341.25,0
5341.5,1
5342.5,0
5342.75,1
5343.0,0
5343.5,1
5344.75,0
5348.75,1
5349.25,0
5406.25,1
5406.5,0
5409.25,1
5409.75,0
5410.0,1
5410.5,0
5410.75,1
5411.5,0
5411.75,1
5415.0,0
5415.25,1
5417.75,0
5432.5,1
5433.75,0
5434.0,1
5435.5,0
5435.75,1
5436.75,0
5437.25,1
5438.0,0
5438.25,1
5440.0,0
5441.0,1
5441.75,0
5444.75,1
5445.0,0
5454.5,1
5454.75,0
5457.0,1
5457.25,0
5457.5,1
5459.75,0
5460.0,1
5460.25,0
5460.5,1
5463.5,0
5463.75,1
5465.25,0
5467.5,1
5467.75,0
5478.25,1
5478.5,0
5480.75,1
5482.25,0
5482.5,1
5483.75,0
5484.0,1
5484.25,0
5484.5,1
5486.5,0
5486.75,1
5487.0,0
5487.25,1
5488.75,0
5489.25,1
5489.5,0
5494.0,1
5494.25,0
5502.5,1
5502.75,0
5503.0,1
5503.5,0
5504.75,1
5505.0,0
5505.25,1
5506.25,0
5506.5,1
5507.25,0
5507.5,1
5508.25,0
5508.75,1
5509.5,0
5509.75,1
5510.0,0
5510.25,1
5510.75,0
5511.0,1
5511.75,0
5512.0,1
5512.5,0
5512.75,1
5513.25,0
5517.0,1
5517.25,0
5577.25,1
5577.5,0
5577.75,1
5578.25,0
5578.5,1
5578.75,0
5579.0,1
5580.5,0
5580.75,1
5581.25,0
5581.5,1
5581.75,0
5582.0,1
5582.25,0
5582.5,1
5583.25,0
5583.5,1
5584.5,0
5589.0,1
5589.25,0
5598.75,1
5599.0,0
5600.0,1
5600.25,0
5600.75,1
5602.5,0
5602.75,1
5604.0,0
5604.25,1
5605.5,0
5605.75,1
5607.25,0
5607.5,1
5607.75,0
5608.0,1
5608.5,0
5624.0,1
5624.5,0
5625.5,1
5625.75,0
5626.0,1
5626.25,0
5626.5,1
5629.25,0
5629.5,1
5632.25,0
5632.75,1
5633.0,0
5637.25,1
5637.5,0
5649.0,1
5649.25,0
5649.5,1
5651.75,0
5652.0,1
5653.25,0
5653.5,1
5654.0,0
5654.25,1
5655.75,0
5656.0,1
5656.75,0
5657.0,1
5657.25,0
5657.5,1
5657.75,0
5661.25,1
5661.5,0
5661.75,1
5662.0,0
5671.25,1
5671.5,0
5671.75,1
5672.0,0
5673.0,1
5676.5,0
5677.0,1
5677.25,0
5678.0,1
5679.0,0
5679.25,1
5679.75,0
5680.0,1
5680.5,0
5744.25,1
5744.5,0
5745.25,1
5745.75,0
5746.0,1
5747.5,0
5748.0,1
5749.5,0
5749.75,1
5751.0,0
5751.75,1
5753.5,0
5766.5,1
5767.0,0
5768.5,1
5770.25,0
5770.75,1
5772.25,0
5772.75,1
5773.5,0
5773.75,1
5775.0,0
5775.5,1
5776.5,0
5777.0,1
5777.75,0
5789.75,1
5790.0,0
5790.25,1
5790.5,0
5791.75,1
5792.0,0
5792.75,1
5793.0,0
5793.25,1
5795.5,0
5795.75,1
5796.5,0
5797.0,1
5797.25,0
5797.75,1
5798.5,0
5798.75,1
5799.75,0
5800.25,1
5800.75,0
5801.0,1
5801.5,0
5813.75,1
5814.0,0
5815.25,1
5815.5,0
5816.0,1
5816.5,0
5816.75,1
5817.5,0
5817.75,1
5818.5,0
5818.75,1
5823.0,0
5823.25,1
5824.0,0
5824.25,1
5824.5,0
5824.75,1
5825.5,0
5840.5,1
5840.75,0
5841.25,1
5841.5,0
5841.75,1
5842.75,0
5843.0,1
5845.25,0
5845.5,1
5845.75,0
5846.0,1
5849.25,0
5849.5,1
5849.75,0
5851.25,1
5851.5,0
5852.0,1
5852.25,0
5855.5,1
5855.75,0
5909.5,1
5909.75,0
5910.25,1
5910.5,0
5912.25,1
5912.5,0
5912.75,1
5913.0,0
5913.25,1
5914.75,0
5915.0,1
5915.75,0
5916.25,1
5916.5,0
5916.75,1
5918.0,0
5918.5,1
5918.75,0
5919.0,1
5920.25,0
5920.5,1
5921.25,0
5923.75,1
5924.0,0
5925.5,1
5925.75,0
5957.5,1
5957.75,0
5958.0,1
5958.25,0
5958.75,1
5959.0,0
5961.25,1
5963.5,0
5963.75,1
5964.25,0
5964.5,1
5966.0,0
5966.25,1
5966.75,0
5967.0,1
5967.75,0
5968.0,1
5969.0,0
5972.0,1
5972.25,0
5982.75,1
5983.0,0
5984.25,1
5984.5,0
5985.25,1
5986.0,0
5986.25,1
5987.0,0
5987.25,1
5987.75,0
5988.25,1
5988.5,0
5988.75,1
5989.75,0
5990.0,1
5990.25,0
5990.5,1
5992.25,0
5992.5,1
5993.0,0
5993.75,1
5994.0,0
5996.0,1
5996.25,0
5996.5,1
5996.75,0
6007.0,1
6007.25,0
6008.0,1
6008.25,0
6008.75,1
6009.0,0
6010.0,1
6011.0,0
6011.25,1
6011.75,0
6012.0,1
6012.25,0
6012.5,1
6014.5,0
6014.75,1
6015.0,0
6015.25,1
6017.25,0
6021.75,1
6022.0,0
6079.0,1
6079.5,0
6081.0,1
6081.25,0
6081.5,1
6082.25,0
6082.5,1
6083.0,0
6083.25,1
6083.5,0
6083.75,1
6084.25,0
6084.5,1
6086.0,0
6086.25,1
6088.25,0
6088.5,1
6088.75,0
6089.0,1
6089.25,0
6089.5,1
6089.75,0
6102.75,1
6103.0,0
6104.0,1
6104.25,0
6105.25,1
6105.5,0
6105.75,1
6106.75,0
6107.0,1
6109.5,0
6109.75,1
6110.0,0
6110.25,1
6110.5,0
6110.75,1
6111.25,0
6111.5,1
6111.75,0
6112.0,1
6112.25,0
6112.5,1
6112.75,0
6113.0,1
6113.25,0
6113.5,1
6113.75,0
6116.5,1
6116.75,0
6117.25,1
6117.5,0
6129.5,1
6130.0,0
6130.25,1
6134.0,0
6134.25,1
6136.0,0
6136.25,1
6137.0,0
6137.25,1
6137.5,0
6151.0,1
6151.25,0
6151.75,1
6152.0,0
6152.75,1
6153.25,0
6153.5,1
6154.25,0
6154.5,1
6154.75,0
6155.0,1
6155.75,0
6156.0,1
6156.25,0
6156.5,1
6157.0,0
6157.5,1
6157.75,0
6158.0,1
6160.0,0
6160.25,1
6160.75,0
6165.25,1
6165.5,0
6174.25,1
6174.5,0
6177.0,1
6177.25,0
6177.5,1
6177.75,0
6178.0,1
6179.25,0
6179.5,1
6180.0,0
6180.25,1
6181.0,0
6181.25,1
6181.75,0
6182.0,1
6182.25,0
6182.5,1
6184.0,0
6184.25,1
6184.75,0
6246.25,1
6246.5,0
6246.75,1
6247.0,0
6247.5,1
6247.75,0
6248.25,1
6248.5,0
6249.0,1
6249.25,0
6249.5,1
6249.75,0
6250.5,1
6251.5,0
6251.75,1
6252.0,0
6252.25,1
6253.0,0
6253.25,1
6254.0,0
6254.25,1
6255.0,0
6255.25,1
6256.5,0
6256.75,1
6257.25,0
6257.5,1
6257.75,0
6269.75,1
6270.0,0
6270.75,1
6271.0,0
6273.25,1
6273.75,0
6274.5,1
6274.75,0
6275.0,1
6275.5,0
6275.75,1
6277.5,0
6278.5,1
6278.75,0
6279.0,1
6279.75,0
6280.0,1
6280.5,0
6281.0,1
6281.5,0
6284.5,1
6284.75,0
6286.0,1
6286.25,0
6296.5,1
6297.0,0
6297.5,1
6300.5,0
6301.0,1
6301.75,0
6302.0,1
6302.25,0
6302.5,1
6303.25,0
6303.5,1
6304.0,0
6304.25,1
6305.0,0
6305.25,1
6305.5,0
6310.0,1
6310.25,0
6317.75,1
6318.0,0
6319.5,1
6319.75,0
6320.75,1
6321.25,0
6321.75,1
6324.25,0
6324.5,1
6326.0,0
6327.0,1
6327.5,0
6327.75,1
6329.25,0
6329.5,1
6330.0,0
6332.5,1
6332.75,0
6333.25,1
6333.5,0
6343.25,1
6343.75,0
6345.25,1
6346.25,0
6346.5,1
6348.5,0
6348.75,1
6349.25,0
6349.5,1
6350.0,0
6350.25,1
6351.5,0
6351.75,1
6353.25,0
6353.75,1
6354.0,0
6356.5,1
6356.75,0
6417.0,1
6417.25,0
6417.5,1
6421.25,0
6421.5,1
6423.75,0
6424.0,1
6424.75,0
6425.25,1
6425.5,0
6429.75,1
6430.0,0
6439.25,1
6439.5,0
6440.75,1
6441.25,0
6441.5,1
6443.25,0
6443.75,1
6444.0,0
6444.25,1
6445.0,0
6446.25,1
6446.75,0
6447.0,1
6447.75,0
6448.0,1
6449.0,0
6450.0,1
6450.25,0
6461.75,1
6462.25,0
6464.75,1
6465.0,0
6465.25,1
6467.5,0
6468.0,1
6468.5,0
6468.75,1
6469.0,0
6469.25,1
6470.0,0
6470.25,1
6471.25,0
6471.75,1
6472.5,0
6473.25,1
6473.5,0
6486.25,1
6486.75,0
6487.0,1
6487.25,0
6488.5,1
6489.0,0
6489.5,1
6490.75,0
6491.0,1
6491.5,0
6492.0,1
6492.75,0
6493.0,1
6493.25,0
6493.5,1
6494.25,0
6494.75,1
6497.25,0
6512.75,1
6513.0,0
6513.25,1
6514.75,0
6515.0,1
6515.25,0
6515.75,1
6516.0,0
6516.5,1
6517.25,0
6517.75,1
6518.25,0
6518.5,1
6518.75,0
6519.0,1
6520.0,0
6520.75,1
6521.0,0
6584.5,1
6584.75,0
6585.0,1
6585.5,0
6586.0,1
6587.25,0
6587.5,1
6588.0,0
6588.25,1
6589.25,0
6589.5,1
6590.25,0
6590.5,1
6592.25,0
6592.5,1
6593.0,0
6597.5,1
6597.75,0
6609.0,1
6609.5,0
6609.75,1
6610.0,0
6610.25,1
6611.0,0
6611.5,1
6612.5,0
6612.75,1
6615.5,0
6615.75,1
6616.0,0
6616.25,1
6617.0,0
6632.75,1
6633.0,0
6633.25,1
6635.75,0
6636.0,1
6636.25,0
6636.5,1
6637.5,0
6637.75,1
6639.0,0
6639.25,1
6641.0,0
6657.5,1
6660.0,0
6660.25,1
6660.5,0
6661.0,1
6662.0,0
6662.25,1
6663.0,0
6663.25,1
6664.0,0
6664.5,1
6664.75,0
6665.5,1
6665.75,0
6678.5,1
6678.75,0
6681.0,1
6681.25,0
6681.5,1
6682.25,0
6682.5,1
6683.5,0
6684.75,1
6687.0,0
6687.25,1
6687.5,0
6688.0,1
6688.5,0
6688.75,1
6689.0,0
6693.0,1
6693.25,0
6694.0,1
6694.25,0
6749.75,1
6750.0,0
6750.75,1
6751.0,0
6753.0,1
6754.0,0
6754.25,1
6755.5,0
6756.0,1
6756.5,0
6757.25,1
6757.5,0
6757.75,1
6759.75,0
6760.0,1
6761.25,0
6799.25,1
6799.5,0
6800.75,1
6801.25,0
6801.5,1
6803.5,0
6803.75,1
6804.0,0
6804.5,1
6808.5,0
6822.75,1
6823.0,0
6824.0,1
6824.25,0
6825.0,1
6826.0,0
6826.75,1
6827.25,0
6827.5,1
6827.75,0
6828.0,1
6828.75,0
6829.0,1
6829.25,0
6829.5,1
6830.0,0
6830.25,1
6832.75,0
6833.5,1
6833.75,0
6846.5,1
6846.75,0
6848.0,1
6848.5,0
6849.0,1
6849.5,0
6849.75,1
6851.0,0
6851.25,1
6852.75,0
6853.25,1
6855.75,0
6856.0,1
6856.25,0
6856.5,1
6857.25,0
6919.25,1
6919.5,0
6919.75,1
6920.0,0
6921.0,1
6922.0,0
6922.25,1
6923.25,0
6923.75,1
6924.25,0
6924.5,1
6925.75,0
6926.0,1
6927.75,0
6928.0,1
6928.75,0
6929.0,1
6929.25,0
6931.75,1
6932.0,0
6942.0,1
6942.25,0
6944.75,1
6945.25,0
6945.75,1
6947.25,0
6947.5,1
6948.0,0
6949.0,1
6949.25,0
6949.5,1
6951.0,0
6951.25,1
6951.75,0
6952.0,1
6953.0,0
6953.25,1
6953.5,0
6966.25,1
6966.5,0
6968.5,1
6969.0,0
6969.25,1
6970.0,0
6970.25,1
6970.5,0
6970.75,1
6972.25,0
6972.5,1
6972.75,0
6973.0,1
6974.0,0
6974.25,1
6974.75,0
6975.0,1
6975.25,0
6975.5,1
6975.75,0
6976.0,1
6977.25,0
6977.75,1
6978.0,0
6991.0,1
6991.5,0
6992.0,1
6992.5,0
6993.75,1
6994.5,0
6994.75,1
6995.5,0
6995.75,1
6996.75,0
6997.0,1
6997.5,0
6997.75,1
6998.25,0
6998.5,1
7000.0,0
7000.75,1
7001.0,0
7001.25,1
7001.5,0
7003.75,1
7004.0,0
7014.75,1
7015.0,0
7016.25,1
7016.5,0
7017.0,1
7019.5,0
7019.75,1
7020.75,0
7021.25,1
7021.75,0
7022.0,1
7023.5,0
7023.75,1
7024.75,0
7025.0,1
7025.25,0
7089.0,1
7089.5,0
7089.75,1
7090.25,0
7090.5,1
7092.75,0
7093.0,1
7093.5,0
7093.75,1
7095.0,0
7095.5,1
7096.75,0
7097.25,1
7097.5,0
7113.0,1
7113.25,0
7113.5,1
7113.75,0
7114.25,1
7116.25,0
7116.5,1
7117.75,0
7118.25,1
7120.5,0
7120.75,1
7121.25,0
7124.5,1
7124.75,0
7135.5,1
7135.75,0
7137.0,1
7139.25,0
7139.5,1
7143.0,0
7143.5,1
7144.75,0
7145.0,1
7145.75,0
7158.25,1
7158.5,0
7160.75,1
7162.5,0
7163.0,1
7164.0,0
7164.25,1
7165.0,0
7165.75,1
7166.25,0
7166.5,1
7166.75,0
7167.0,1
7167.25,0
7168.25,1
7168.5,0
7168.75,1
7169.25,0
7171.75,1
7172.0,0
7172.25,1
7172.5,0
7173.0,1
7173.25,0
7182.75,1
7183.0,0
7184.75,1
7185.75,0
7186.0,1
7186.25,0
7187.0,1
7188.25,0
7188.5,1
7190.25,0
7190.5,1
7191.75,0
7192.25,1
7193.25,0
7196.25,1
7196.5,0
7196.75,1
7197.0,0
7254.0,1
7254.5,0
7256.0,1
7256.25,0
7257.0,1
7257.25,0
7257.5,1
7258.75,0
7259.0,1
7259.5,0
7259.75,1
7260.25,0
7260.5,1
7261.5,0
7261.75,1
7263.5,0
7263.75,1
7264.0,0
7264.25,1
7264.5,0
7264.75,1
7265.0,0
7268.75,1
7269.0,0
7277.5,1
7278.0,0
7280.75,1
7281.5,0
7281.75,1
7282.25,0
7282.5,1
7284.75,0
7285.0,1
7285.25,0
7285.75,1
7286.75,0
7287.0,1
7287.25,0
7287.5,1
7288.0,0
7288.25,1
7288.5,0
7288.75,1
7289.25,0
7289.5,1
7289.75,0
7292.0,1
7292.25,0
7303.0,1
7303.25,0
7304.75,1
7305.0,0
7305.25,1
7306.0,0
7306.25,1
7308.25,0
7308.5,1
7310.5,0
7311.0,1
7311.5,0
7311.75,1
7312.5,0
7316.75,1
7317.25,0
7327.25,1
7327.75,0
7328.75,1
7329.0,0
7329.5,1
7330.25,0
7330.5,1
7331.25,0
7331.75,1
7332.25,0
7332.5,1
7333.0,0
7333.25,1
7334.0,0
7334.25,1
7334.5,0
7334.75,1
7335.25,0
7335.5,1
7336.5,0
7340.25,1
7340.5,0
7353.0,1
7353.25,0
7353.75,1
7356.75,0
7357.0,1
7358.25,0
7358.5,1
7359.5,0
7360.25,1
7361.25,0
7361.5,1
7361.75,0
7363.75,1
7364.0,0
7423.5,1
7423.75,0
7425.25,1
7426.75,0
7427.0,1
7427.25,0
7427.5,1
7428.5,0
7428.75,1
7429.75,0
7430.0,1
7430.25,0
7430.75,1
7431.5,0
7431.75,1
7433.0,0
7449.0,1
7449.5,0
7449.75,1
7450.75,0
7451.0,1
7451.25,0
7451.5,1
7452.25,0
7452.5,1
7454.25,0
7454.75,1
7455.0,0
7455.25,1
7457.0,0
7460.25,1
7460.5,0
7471.25,1
7471.5,0
7472.75,1
7473.25,0
7473.5,1
7475.75,0
7476.0,1
7476.25,0
7476.5,1
7477.0,0
7477.5,1
7477.75,0
7478.0,1
7478.75,0
7479.0,1
7481.0,0
7494.0,1
7494.25,0
7494.5,1
7494.75,0
7496.75,1
7500.0,0
7500.25,1
7502.25,0
7502.5,1
7504.5,0
7505.0,1
7505.25,0
7508.0,1
7508.25,0
7510.25,1
7510.5,0
7519.25,1
7519.5,0
7521.0,1
7522.75,0
7523.25,1
7524.0,0
7524.25,1
7524.5,0
7524.75,1
7525.25,0
7525.5,1
7526.75,0
7527.0,1
7528.0,0
7528.25,1
7529.25,0
7532.25,1
7532.5,0
7533.0,1
7533.25,0
7590.25,1
7590.5,0
7592.0,1
7592.25,0
7592.5,1
7592.75,0
7593.0,1
7594.75,0
7595.0,1
7595.75,0
7596.0,1
7596.25,0
7596.75,1
7598.5,0
7598.75,1
7599.75,0
7600.0,1
7600.75,0
7601.75,1
7602.0,0
7614.5,1
7614.75,0
7617.5,1
7619.75,0
7620.0,1
7622.75,0
7623.0,1
7624.25,0
7624.75,1
7625.0,0
7625.25,1
7625.5,0
7628.0,1
7628.25,0
7628.75,1
7629.0,0
7631.0,1
7631.25,0
7633.25,1
7633.5,0
7640.5,1
7640.75,0
7641.25,1
7642.25,0
7643.0,1
7644.0,0
7644.25,1
7645.75,0
7646.25,1
7646.75,0
7647.0,1
7647.5,0
7648.0,1
7648.5,0
7648.75,1
7649.5,0
7653.0,1
7653.25,0
7661.5,1
7661.75,0
7664.25,1
7664.75,0
7665.25,1
7667.25,0
7667.5,1
7668.5,0
7668.75,1
7669.5,0
7669.75,1
7670.25,0
7670.75,1
7671.0,0
7671.5,1
7673.25,0
7676.75,1
7677.0,0
7688.75,1
7689.25,0
7689.5,1
7691.25,0
7691.5,1
7692.0,0
7692.25,1
7692.5,0
7692.75,1
7693.5,0
7694.0,1
7695.0,0
7695.25,1
7696.5,0
7697.0,1
7697.5,0
7758.5,1
7758.75,0
7759.25,1
7759.5,0
7760.0,1
7760.25,0
7761.0,1
7764.0,0
7764.25,1
7764.5,0
7764.75,1
7766.25,0
7766.75,1
7768.75,0
7772.75,1
7773.0,0
7773.5,1
7773.75,0
7782.75,1
7783.0,0
7783.5,1
7783.75,0
7784.0,1
7784.5,0
7785.25,1
7785.5,0
7786.0,1
7787.5,0
7787.75,1
7788.25,0
7788.5,1
7791.5,0
7791.75,1
7793.25,0
7806.5,1
7806.75,0
7808.25,1
7808.5,0
7809.0,1
7811.25,0
7811.5,1
7811.75,0
7812.0,1
7812.75,0
7813.0,1
7813.75,0
7814.0,1
7814.25,0
7814.75,1
7815.25,0
7815.5,1
7816.75,0
7817.0,1
7817.25,0
7821.5,1
7821.75,0
7832.75,1
7833.0,0
7833.75,1
7834.25,0
7834.5,1
7835.0,0
7835.25,1
7837.25,0
7838.5,1
7839.5,0
7839.75,1
7840.75,0
7841.0,1
7841.5,0
7926.25,1
7926.75,0
7927.5,1
7927.75,0
7928.5,1
7930.0,0
7930.25,1
7931.5,0
7931.75,1
7932.25,0
7932.75,1
7933.0,0
7933.25,1
7933.75,0
7934.0,1
7934.25,0
7934.5,1
7935.0,0
7935.5,1
7936.0,0
7936.25,1
7936.5,0
7936.75,1
7937.25,0
7937.5,1
7937.75,0
7940.5,1
7941.0,0
7952.75,1
7954.25,0
7954.5,1
7954.75,0
7955.0,1
7956.0,0
7956.25,1
7957.0,0
7957.25,1
7958.75,0
7959.25,1
7960.0,0
7960.5,1
7960.75,0
7961.0,1
7961.25,0
7974.25,1
7974.5,0
7976.75,1
7977.0,0
7977.25,1
7977.5,0
7977.75,1
7978.0,0
7978.25,1
7979.75,0
7980.25,1
7982.5,0
7982.75,1
7983.0,0
7983.25,1
7983.5,0
7983.75,1
7984.5,0
7984.75,1
7985.25,0
8000.5,1
8001.75,0
8002.0,1
8003.0,0
8003.25,1
8003.75,0
8004.0,1
8004.25,0
8004.5,1
8006.25,0
8006.5,1
8008.25,0
8008.5,1
8008.75,0
8009.0,1
8009.25,0
8012.0,1
8012.25,0
8013.0,1
8013.25,0
8025.25,1
8025.75,0
8026.0,1
8027.0,0
8027.25,1
8029.0,0
8029.25,1
8031.0,0
8031.25,1
8032.25,0
8032.5,1
8033.25,0
8035.75,1
8036.0,0
8094.75,1
8095.0,0
8096.75,1
8097.0,0
8097.5,1
8098.0,0
8098.25,1
8098.5,0
8098.75,1
8099.75,0
8100.0,1
8101.75,0
8102.25,1
8104.5,0
8105.0,1
8105.25,0
8121.0,1
8121.25,0
8121.5,1
8123.25,0
8123.5,1
8123.75,0
8124.0,1
8125.25,0
8125.5,1
8125.75,0
8126.0,1
8128.25,0
8128.5,1
8129.25,0
8142.25,1
8142.5,0
8144.5,1
8145.0,0
8145.25,1
8146.25,0
8146.5,1
8146.75,0
8147.0,1
8147.75,0
8148.0,1
8148.25,0
8148.5,1
8148.75,0
8149.25,1
8151.25,0
8151.75,1
8152.25,0
8152.5,1
8153.5,0
8155.25,1
8155.5,0
8168.75,1
8169.25,0
8169.5,1
8170.0,0
8170.25,1
8170.5,0
8171.75,1
8173.25,0
8173.75,1
8174.25,0
8175.0,1
8175.75,0
8176.0,1
8176.25,0
8176.5,1
8176.75,0
8177.5,1
8177.75,0
8192.75,1
8193.5,0
8193.75,1
8197.25,0
8197.5,1
8200.0,0
8200.25,1
8200.75,0
8201.0,1
8201.25,0
8263.0,1
8263.25,0
8264.25,1
8264.5,0
8264.75,1
8265.0,0
8265.5,1
8266.75,0
8267.0,1
8267.5,0
8267.75,1
8273.25,0
8276.5,1
8276.75,0
8277.0,1
8277.25,0
8277.75,1
8278.0,0
8285.5,1
8286.0,0
8287.5,1
8287.75,0
8288.75,1
8289.25,0
8289.5,1
8289.75,0
8290.0,1
8291.75,0
8292.0,1
8292.75,0
8293.0,1
8293.25,0
8293.75,1
8294.0,0
8294.25,1
8294.75,0
8295.0,1
8295.25,0
8295.75,1
8296.0,0
8296.25,1
8297.25,0
8310.0,1
8310.25,0
8311.0,1
8311.5,0
8311.75,1
8312.0,0
8313.5,1
8315.5,0
8315.75,1
8316.25,0
8316.5,1
8317.25,0
8317.5,1
8317.75,0
8318.0,1
8320.25,0
8320.5,1
8321.0,0
8334.0,1
8334.25,0
8336.5,1
8336.75,0
8337.25,1
8338.75,0
8339.0,1
8340.0,0
8340.25,1
8342.75,0
8343.0,1
8344.75,0
8349.25,1
8349.75,0
8360.75,1
8361.5,0
8362.0,1
8363.25,0
8363.5,1
8364.75,0
8365.0,1
8365.75,0
8366.0,1
8368.75,0
8369.0,1
8369.25,0
8430.5,1
8430.75,0
8432.0,1
8432.5,0
8433.0,1
8433.25,0
8433.5,1
8434.5,0
8434.75,1
8436.0,0
8436.5,1
8437.25,0
8437.75,1
8438.75,0
8439.25,1
8440.25,0
8440.5,1
8441.25,0
8441.5,1
8441.75,0
8457.5,1
8459.0,0
8459.25,1
8459.5,0
8460.0,1
8461.25,0
8461.75,1
8462.25,0
8462.5,1
8463.25,0
8463.75,1
8464.25,0
8464.75,1
8465.0,0
8465.5,1
8465.75,0
8478.0,1
8478.5,0
8481.0,1
8482.0,0
8482.25,1
8484.0,0
8484.25,1
8485.25,0
8485.5,1
8486.0,0
8486.25,1
8488.75,0
8489.25,1
8489.5,0
8491.75,1
8492.0,0
8492.75,1
8493.0,0
8502.75,1
8503.0,0
8504.5,1
8505.0,0
8505.25,1
8507.0,0
8507.25,1
8507.5,0
8507.75,1
8508.25,0
8508.5,1
8509.75,0
8510.0,1
8511.0,0
8511.25,1
8511.75,0
8512.0,1
8512.25,0
8512.75,1
8513.25,0
8526.75,1
8527.0,0
8528.0,1
8528.25,0
8528.5,1
8529.5,0
8529.75,1
8530.25,0
8530.5,1
8531.25,0
8531.5,1
8533.5,0
8533.75,1
8534.25,0
8534.75,1
8536.0,0
8536.25,1
8537.5,0
8623.25,1
8623.5,0
8624.25,1
8627.0,0
8627.25,1
8628.0,0
8628.25,1
8629.25,0
8629.5,1
8630.0,0
8630.5,1
8631.0,0
8631.25,1
8631.5,0
8631.75,1
8633.0,0
8633.5,1
8633.75,0
8637.25,1
8637.5,0
8638.25,1
8638.5,0
8646.5,1
8646.75,0
8647.25,1
8647.5,0
8648.75,1
8650.75,0
8651.0,1
8652.0,0
8652.25,1
8652.5,0
8653.0,1
8653.25,0
8653.5,1
8654.0,0
8654.25,1
8654.5,0
8654.75,1
8655.0,0
8655.25,1
8656.25,0
8656.75,1
8657.25,0
8661.5,1
8661.75,0
8670.0,1
8670.25,0
8673.0,1
8674.25,0
8674.5,1
8675.25,0
8675.5,1
8680.75,0
8681.25,1
8681.5,0
8684.75,1
8685.0,0
8695.0,1
8695.5,0
8697.0,1
8697.75,0
8698.0,1
8699.75,0
8700.25,1
8700.5,0
8700.75,1
8701.0,0
8701.25,1
8701.75,0
8702.0,1
8702.5,0
8702.75,1
8703.0,0
8703.25,1
8704.0,0
8704.25,1
8705.0,0
8705.5,1
8705.75,0
