#1


float Room-212 (4357,2)
0.0,0
31.0,1
31.25,0
32.75,1
33.25,0
33.5,1
35.5,0
36.25,1
37.25,0
37.5,1
39.25,0
39.75,1
40.0,0
40.25,1
41.5,0
57.0,1
57.25,0
57.5,1
59.25,0
59.75,1
60.0,0
60.75,1
61.25,0
61.5,1
62.5,0
62.75,1
63.0,0
63.25,1
64.0,0
64.25,1
65.5,0
77.75,1
78.0,0
79.0,1
79.25,0
81.0,1
81.25,0
81.5,1
82.25,0
82.5,1
84.25,0
85.0,1
86.75,0
87.0,1
88.75,0
89.0,1
89.5,0
94.0,1
94.25,0
102.25,1
102.5,0
104.75,1
106.25,0
106.5,1
107.25,0
107.5,1
108.75,0
109.0,1
109.25,0
109.5,1
111.0,0
111.25,1
111.75,0
112.0,1
112.75,0
113.0,1
113.5,0
127.0,1
127.25,0
129.25,1
130.25,0
130.5,1
131.5,0
131.75,1
132.0,0
132.25,1
132.75,0
133.0,1
133.5,0
133.75,1
134.0,0
134.25,1
135.0,0
135.25,1
135.75,0
136.0,1
137.25,0
141.5,1
141.75,0
200.0,1
200.25,0
200.5,1
201.5,0
201.75,1
203.5,0
204.25,1
204.75,0
205.0,1
206.0,0
206.25,1
208.75,0
209.0,1
209.25,0
209.5,1
209.75,0
214.25,1
214.5,0
224.25,1
224.5,0
224.75,1
225.0,0
225.5,1
226.25,0
226.5,1
226.75,0
227.0,1
227.25,0
227.5,1
229.5,0
230.0,1
231.0,0
231.25,1
232.25,0
232.5,1
233.0,0
237.5,1
237.75,0
247.5,1
247.75,0
248.75,1
249.0,0
249.25,1
250.0,0
250.25,1
251.25,0
251.5,1
253.75,0
254.0,1
254.75,0
255.0,1
255.5,0
255.75,1
257.0,0
257.25,1
257.5,0
270.25,1
270.5,0
273.25,1
274.25,0
274.5,1
276.0,0
276.25,1
277.25,0
277.5,1
280.25,0
293.25,1
293.5,0
294.0,1
294.25,0
296.25,1
296.5,0
297.0,1
299.0,0
299.25,1
300.75,0
301.0,1
301.25,0
301.5,1
302.5,0
303.0,1
304.5,0
304.75,1
305.0,0
305.5,1
305.75,0
306.5,1
306.75,0
366.5,1
366.75,0
368.75,1
369.0,0
369.25,1
369.5,0
369.75,1
370.25,0
370.5,1
371.75,0
372.0,1
372.5,0
372.75,1
373.5,0
373.75,1
374.5,0
374.75,1
376.75,0
381.5,1
381.75,0
393.25,1
393.5,0
393.75,1
396.25,0
396.75,1
397.0,0
397.25,1
397.5,0
398.5,1
399.0,0
399.25,1
399.75,0
400.0,1
401.0,0
401.25,1
401.5,0
403.25,1
403.5,0
438.25,1
438.5,0
439.0,1
439.25,0
439.5,1
440.0,0
440.75,1
442.0,0
442.5,1
442.75,0
443.0,1
444.0,0
444.25,1
444.75,0
445.25,1
448.25,0
448.5,1
449.0,0
449.5,1
449.75,0
463.25,1
463.5,0
464.25,1
464.75,0
465.0,1
465.75,0
466.0,1
467.25,0
467.5,1
468.0,0
468.5,1
469.25,0
469.5,1
469.75,0
470.0,1
471.0,0
471.25,1
473.25,0
473.5,1
473.75,0
533.75,1
534.0,0
537.0,1
539.5,0
539.75,1
540.0,0
540.25,1
540.5,0
540.75,1
541.0,0
541.25,1
541.75,0
542.25,1
542.5,0
542.75,1
543.75,0
544.0,1
544.5,0
549.0,1
549.25,0
557.5,1
557.75,0
558.5,1
558.75,0
561.25,1
562.0,0
562.25,1
563.5,0
563.75,1
564.25,0
564.5,1
565.25,0
565.5,1
565.75,0
566.0,1
568.0,0
569.5,1
569.75,0
572.5,1
572.75,0
582.0,1
582.25,0
582.75,1
583.0,0
585.25,1
586.0,0
586.5,1
587.25,0
587.5,1
588.0,0
588.5,1
589.0,0
589.5,1
590.75,0
591.0,1
591.5,0
591.75,1
593.0,0
593.25,1
593.5,0
606.25,1
606.5,0
608.5,1
608.75,0
609.25,1
610.5,0
610.75,1
613.0,0
613.25,1
613.5,0
613.75,1
614.5,0
614.75,1
615.0,0
615.25,1
617.25,0
621.75,1
622.0,0
622.75,1
623.0,0
630.5,1
630.75,0
633.25,1
635.0,0
635.25,1
636.5,0
637.0,1
638.0,0
638.25,1
638.75,0
639.0,1
639.5,0
639.75,1
641.25,0
641.75,1
642.0,0
703.0,1
703.25,0
705.0,1
705.75,0
706.0,1
706.75,0
707.0,1
707.25,0
707.5,1
708.25,0
709.0,1
709.25,0
709.5,1
709.75,0
710.0,1
710.25,0
710.5,1
713.5,0
727.75,1
728.25,0
729.25,1
730.75,0
731.0,1
733.75,0
734.0,1
736.5,0
737.0,1
737.25,0
751.5,1
752.0,0
753.0,1
753.75,0
754.25,1
754.5,0
754.75,1
755.25,0
755.75,1
756.5,0
756.75,1
757.25,0
757.5,1
758.75,0
759.0,1
761.5,0
764.25,1
764.5,0
773.5,1
773.75,0
775.25,1
775.75,0
776.0,1
776.25,0
776.5,1
778.25,0
778.5,1
778.75,0
779.0,1
779.25,0
779.5,1
780.25,0
780.5,1
781.25,0
781.5,1
782.0,0
782.25,1
783.0,0
783.25,1
784.75,0
785.0,1
785.5,0
798.5,1
798.75,0
799.0,1
799.25,0
800.75,1
801.0,0
801.5,1
804.5,0
804.75,1
805.5,0
805.75,1
806.25,0
806.5,1
806.75,0
807.0,1
807.25,0
807.5,1
808.25,0
808.5,1
809.0,0
873.75,1
875.75,0
876.0,1
876.75,0
877.0,1
877.25,0
877.5,1
879.0,0
879.5,1
880.25,0
880.5,1
881.0,0
881.25,1
881.5,0
884.5,1
884.75,0
894.5,1
894.75,0
895.0,1
895.25,0
898.0,1
900.5,0
900.75,1
901.0,0
901.25,1
901.5,0
901.75,1
905.25,0
906.25,1
906.5,0
908.25,1
908.5,0
918.25,1
918.5,0
918.75,1
919.25,0
919.5,1
919.75,0
921.25,1
923.25,0
923.5,1
924.25,0
924.75,1
925.5,0
926.25,1
926.5,0
927.0,1
928.25,0
928.5,1
929.25,0
932.5,1
932.75,0
942.0,1
942.25,0
942.75,1
943.0,0
945.0,1
946.25,0
946.5,1
946.75,0
947.0,1
947.25,0
947.5,1
948.75,0
949.0,1
949.25,0
949.75,1
951.25,0
951.5,1
951.75,0
952.0,1
953.25,0
956.25,1
956.5,0
957.0,1
957.5,0
965.75,1
966.0,0
968.25,1
971.75,0
972.0,1
972.5,0
972.75,1
973.75,0
974.0,1
974.25,0
974.5,1
976.0,0
976.5,1
977.0,0
1039.75,1
1040.25,0
1040.5,1
1040.75,0
1041.25,1
1041.5,0
1041.75,1
1042.5,0
1042.75,1
1044.75,0
1045.25,1
1045.75,0
1046.25,1
1046.5,0
1047.5,1
1047.75,0
1048.0,1
1048.25,0
1048.5,1
1048.75,0
1049.0,1
1049.5,0
1064.75,1
1067.5,0
1067.75,1
1068.75,0
1069.25,1
1071.75,0
1072.0,1
1072.5,0
1072.75,1
1073.0,0
1077.75,1
1078.0,0
1110.75,1
1111.0,0
1112.25,1
1112.75,0
1113.0,1
1113.25,0
1113.5,1
1116.5,0
1117.25,1
1117.75,0
1118.0,1
1118.5,0
1118.75,1
1119.25,0
1119.5,1
1120.0,0
1120.25,1
1121.0,0
1121.5,1
1121.75,0
1124.25,1
1124.5,0
1125.75,1
1126.5,0
1134.75,1
1135.0,0
1136.75,1
1137.0,0
1137.25,1
1138.0,0
1138.25,1
1138.75,0
1139.0,1
1140.5,0
1140.75,1
1141.0,0
1141.5,1
1142.0,0
1142.25,1
1142.75,0
1143.0,1
1145.25,0
1205.0,1
1205.25,0
1209.25,1
1212.75,0
1213.0,1
1213.25,0
1213.5,1
1215.25,0
1215.5,1
1216.5,0
1216.75,1
1217.0,0
1217.25,1
1217.5,0
1230.75,1
1231.0,0
1231.5,1
1231.75,0
1232.5,1
1233.0,0
1233.25,1
1233.5,0
1233.75,1
1234.25,0
1234.5,1
1235.5,0
1235.75,1
1237.5,0
1237.75,1
1238.75,0
1239.25,1
1240.75,0
1241.0,1
1241.5,0
1245.25,1
1245.5,0
1254.5,1
1254.75,0
1256.25,1
1256.5,0
1257.0,1
1257.25,0
1257.5,1
1257.75,0
1258.5,1
1260.25,0
1260.75,1
1261.5,0
1261.75,1
1262.0,0
1262.5,1
1263.0,0
1263.25,1
1263.75,0
1264.0,1
1264.75,0
1265.5,1
1265.75,0
1274.25,1
1274.5,0
1278.0,1
1278.25,0
1279.0,1
1279.25,0
1280.75,1
1282.25,0
1282.5,1
1282.75,0
1283.0,1
1283.25,0
1283.5,1
1284.0,0
1284.25,1
1284.5,0
1284.75,1
1285.0,0
1285.25,1
1285.75,0
1286.0,1
1286.75,0
1287.0,1
1288.75,0
1289.0,1
1289.25,0
1305.5,1
1307.0,0
1307.5,1
1308.0,0
1308.25,1
1309.0,0
1309.25,1
1310.25,0
1310.75,1
1311.75,0
1312.0,1
1312.75,0
1374.75,1
1375.0,0
1375.25,1
1375.5,0
1376.25,1
1376.5,0
1376.75,1
1377.0,0
1377.25,1
1379.25,0
1379.5,1
1380.0,0
1380.5,1
1382.25,0
1382.75,1
1383.25,0
1383.5,1
1384.25,0
1384.5,1
1384.75,0
1385.0,1
1385.25,0
1390.0,1
1390.25,0
1398.75,1
1399.25,0
1399.75,1
1400.25,0
1400.75,1
1401.25,0
1401.5,1
1404.75,0
1405.0,1
1406.5,0
1406.75,1
1407.0,0
1407.5,1
1408.25,0
1408.5,1
1409.25,0
1422.5,1
1423.0,0
1425.25,1
1425.75,0
1426.0,1
1426.25,0
1426.5,1
1428.5,0
1428.75,1
1430.0,0
1430.5,1
1430.75,0
1431.0,1
1432.5,0
1432.75,1
1433.5,0
1447.25,1
1447.5,0
1447.75,1
1448.0,0
1448.75,1
1449.0,0
1449.25,1
1449.5,0
1449.75,1
1451.0,0
1451.25,1
1452.0,0
1452.25,1
1453.25,0
1453.5,1
1454.25,0
1454.5,1
1455.5,0
1456.0,1
1456.75,0
1459.75,1
1460.0,0
1460.5,1
1460.75,0
1473.75,1
1474.0,0
1474.25,1
1474.5,0
1474.75,1
1475.25,0
1475.5,1
1477.5,0
1477.75,1
1478.25,0
1478.5,1
1480.25,0
1480.5,1
1481.25,0
1486.25,1
1486.5,0
1544.5,1
1545.0,0
1545.25,1
1548.5,0
1549.0,1
1549.75,0
1550.0,1
1550.25,0
1551.0,1
1552.25,0
1552.5,1
1553.0,0
1553.25,1
1553.5,0
1566.5,1
1567.0,0
1567.5,1
1567.75,0
1568.0,1
1568.25,0
1568.5,1
1570.5,0
1570.75,1
1571.5,0
1571.75,1
1572.25,0
1572.5,1
1574.25,0
1574.5,1
1574.75,0
1575.0,1
1575.75,0
1576.0,1
1577.25,0
1580.75,1
1581.0,0
1590.75,1
1591.0,0
1592.5,1
1593.0,0
1593.75,1
1596.0,0
1596.75,1
1597.25,0
1597.5,1
1601.5,0
1601.75,1
1602.0,0
1605.75,1
1606.0,0
1615.0,1
1615.5,0
1616.25,1
1616.5,0
1617.0,1
1618.5,0
1618.75,1
1619.25,0
1619.5,1
1621.0,0
1621.25,1
1622.0,0
1622.25,1
1623.75,0
1624.0,1
1624.5,0
1624.75,1
1625.0,0
1625.25,1
1625.5,0
1639.75,1
1640.25,0
1641.25,1
1642.0,0
1642.25,1
1643.0,0
1643.25,1
1644.5,0
1644.75,1
1647.0,0
1647.5,1
1648.0,0
1648.25,1
1649.0,0
1650.0,1
1650.25,0
1651.75,1
1652.0,0
1712.75,1
1713.0,0
1713.25,1
1714.75,0
1715.0,1
1716.25,0
1716.5,1
1721.25,0
1723.75,1
1724.0,0
1724.25,1
1724.5,0
1734.5,1
1734.75,0
1736.25,1
1736.5,0
1737.0,1
1737.25,0
1737.5,1
1738.5,0
1738.75,1
1739.75,0
1740.0,1
1740.75,0
1741.25,1
1741.75,0
1742.0,1
1742.75,0
1743.0,1
1743.5,0
1743.75,1
1745.0,0
1745.5,1
1745.75,0
1760.5,1
1760.75,0
1761.25,1
1762.5,0
1762.75,1
1763.25,0
1763.5,1
1763.75,0
1764.0,1
1764.5,0
1765.0,1
1765.25,0
1765.75,1
1766.75,0
1767.0,1
1768.5,0
1769.25,1
1769.5,0
1783.5,1
1784.0,0
1785.0,1
1785.25,0
1785.5,1
1786.25,0
1786.5,1
1786.75,0
1787.5,1
1788.25,0
1788.5,1
1790.25,0
1790.5,1
1790.75,0
1791.5,1
1791.75,0
1792.0,1
1793.0,0
1793.5,1
1794.0,0
1806.0,1
1806.25,0
1809.25,1
1811.25,0
1811.5,1
1812.25,0
1812.5,1
1816.0,0
1816.25,1
1817.5,0
1878.25,1
1878.5,0
1880.5,1
1881.5,0
1882.25,1
1883.0,0
1883.25,1
1885.0,0
1885.25,1
1888.0,0
1888.5,1
1888.75,0
1889.25,1
1889.75,0
1903.0,1
1903.25,0
1905.0,1
1905.25,0
1905.5,1
1906.75,0
1907.0,1
1908.0,0
1908.25,1
1909.25,0
1909.5,1
1910.25,0
1910.5,1
1911.0,0
1911.25,1
1911.75,0
1912.0,1
1912.75,0
1927.5,1
1928.0,0
1928.75,1
1929.0,0
1929.5,1
1930.25,0
1930.5,1
1930.75,0
1931.0,1
1933.25,0
1934.25,1
1936.5,0
1937.0,1
1937.25,0
1950.25,1
1950.5,0
1950.75,1
1951.0,0
1952.75,1
1953.75,0
1954.0,1
1955.5,0
1955.75,1
1956.0,0
1956.5,1
1958.25,0
1959.0,1
1961.0,0
1961.25,1
1961.75,0
1975.5,1
1975.75,0
1976.75,1
1977.0,0
1977.5,1
1981.75,0
1982.25,1
1983.75,0
1984.0,1
1984.5,0
1984.75,1
1985.5,0
2049.75,1
2050.5,0
2050.75,1
2051.0,0
2051.25,1
2053.25,0
2053.5,1
2054.5,0
2054.75,1
2055.0,0
2055.5,1
2056.0,0
2056.25,1
2057.0,0
2072.75,1
2073.25,0
2073.5,1
2074.5,0
2074.75,1
2075.75,0
2076.0,1
2078.5,0
2079.0,1
2080.0,0
2080.25,1
2080.75,0
2081.25,1
2081.5,0
2095.75,1
2096.0,0
2096.5,1
2096.75,0
2097.0,1
2099.25,0
2099.5,1
2103.75,0
2104.0,1
2104.75,0
2105.0,1
2105.25,0
2105.5,1
2105.75,0
2119.75,1
2120.0,0
2121.5,1
2122.75,0
2123.0,1
2124.0,0
2124.25,1
2125.75,0
2126.0,1
2126.25,0
2126.5,1
2128.25,0
2128.5,1
2128.75,0
2129.0,1
2129.25,0
2134.0,1
2134.25,0
2142.75,1
2143.0,0
2144.25,1
2144.5,0
2144.75,1
2149.25,0
2149.5,1
2150.0,0
2150.25,1
2151.0,0
2151.25,1
2152.5,0
2153.0,1
2153.25,0
2155.25,1
2155.5,0
2214.75,1
2215.0,0
2216.75,1
2220.5,0
2220.75,1
2221.75,0
2222.25,1
2223.25,0
2223.5,1
2225.0,0
2228.25,1
2228.5,0
2240.75,1
2241.25,0
2241.5,1
2245.0,0
2245.25,1
2245.75,0
2246.0,1
2249.25,0
2253.75,1
2254.0,0
2263.75,1
2264.0,0
2265.25,1
2267.0,0
2267.25,1
2268.0,0
2268.25,1
2269.25,0
2269.5,1
2270.0,0
2270.25,1
2271.25,0
2271.5,1
2272.5,0
2272.75,1
2273.0,0
2276.75,1
2277.0,0
2287.25,1
2287.5,0
2288.0,1
2288.25,0
2288.5,1
2288.75,0
2289.0,1
2293.25,0
2293.5,1
2294.0,0
2294.25,1
2297.25,0
2301.5,1
2301.75,0
2302.25,1
2302.5,0
2311.25,1
2311.5,0
2313.0,1
2313.25,0
2313.5,1
2313.75,0
2314.0,1
2314.5,0
2315.0,1
2315.25,0
2315.75,1
2316.75,0
2317.0,1
2317.5,0
2317.75,1
2318.5,0
2319.5,1
2321.0,0
2321.25,1
2321.5,0
2383.25,1
2383.5,0
2384.0,1
2384.5,0
2384.75,1
2385.0,0
2385.5,1
2386.0,0
2386.25,1
2388.25,0
2388.5,1
2389.5,0
2389.75,1
2390.0,0
2391.0,1
2391.5,0
2392.0,1
2393.0,0
2408.75,1
2409.25,0
2409.75,1
2410.0,0
2410.5,1
2413.25,0
2413.5,1
2414.25,0
2414.5,1
2415.0,0
2415.25,1
2417.25,0
2422.0,1
2422.25,0
2432.75,1
2433.25,0
2433.5,1
2433.75,0
2434.0,1
2435.5,0
2435.75,1
2436.25,0
2436.5,1
2436.75,0
2437.0,1
2437.75,0
2438.0,1
2438.25,0
2438.75,1
2440.0,0
2440.25,1
2441.0,0
2441.25,1
2441.5,0
2455.5,1
2455.75,0
2456.25,1
2456.5,0
2457.25,1
2460.0,0
2460.25,1
2460.5,0
2460.75,1
2461.5,0
2461.75,1
2463.25,0
2463.5,1
2464.0,0
2464.25,1
2464.5,0
2464.75,1
2465.25,0
2480.75,1
2481.0,0
2481.75,1
2482.5,0
2482.75,1
2484.0,0
2484.25,1
2484.75,0
2485.0,1
2487.0,0
2487.25,1
2488.75,0
2489.0,1
2489.25,0
2550.25,1
2550.75,0
2552.5,1
2553.5,0
2553.75,1
2554.75,0
2555.0,1
2556.25,0
2556.5,1
2558.75,0
2559.0,1
2561.5,0
2566.5,1
2566.75,0
2574.0,1
2574.25,0
2574.75,1
2575.75,0
2576.5,1
2576.75,0
2577.25,1
2577.5,0
2577.75,1
2578.0,0
2578.25,1
2578.5,0
2578.75,1
2579.0,0
2579.25,1
2580.5,0
2580.75,1
2582.0,0
2582.25,1
2583.75,0
2584.0,1
2584.5,0
2589.5,1
2589.75,0
2600.75,1
2601.0,0
2601.5,1
2602.5,0
2602.75,1
2603.0,0
2603.25,1
2605.5,0
2605.75,1
2606.25,0
2606.5,1
2606.75,0
2607.0,1
2607.5,0
2607.75,1
2608.25,0
2608.5,1
2609.25,0
2622.5,1
2622.75,0
2623.0,1
2623.25,0
2624.25,1
2624.5,0
2624.75,1
2625.0,0
2625.5,1
2625.75,0
2626.0,1
2627.0,0
2627.25,1
2628.75,0
2629.0,1
2630.0,0
2630.25,1
2630.5,0
2630.75,1
2631.25,0
2631.75,1
2632.0,0
2632.25,1
2632.5,0
2633.0,1
2633.25,0
2637.25,1
2637.5,0
2645.25,1
2645.5,0
2646.75,1
2647.0,0
2648.5,1
2649.25,0
2649.5,1
2649.75,0
2650.0,1
2652.5,0
2653.25,1
2653.75,0
2654.0,1
2654.5,0
2654.75,1
2655.0,0
2655.25,1
2655.5,0
2655.75,1
2657.5,0
2663.25,1
2663.5,0
2719.0,1
2719.25,0
2720.5,1
2720.75,0
2721.0,1
2721.25,0
2721.5,1
2721.75,0
2722.25,1
2724.25,0
2724.5,1
2724.75,0
2725.0,1
2725.75,0
2726.0,1
2727.5,0
2727.75,1
2728.25,0
2728.5,1
2729.5,0
2742.75,1
2743.0,0
2743.25,1
2743.5,0
2744.5,1
2744.75,0
2745.0,1
2748.0,0
2748.5,1
2749.75,0
2750.0,1
2751.0,0
2751.25,1
2751.75,0
2752.0,1
2752.25,0
2752.5,1
2752.75,0
2753.5,1
2753.75,0
2766.5,1
2766.75,0
2767.0,1
2767.25,0
2767.75,1
2768.0,0
2768.25,1
2768.5,0
2769.0,1
2769.25,0
2769.5,1
2770.0,0
2770.25,1
2771.75,0
2772.0,1
2772.5,0
2773.0,1
2773.5,0
2774.0,1
2774.5,0
2774.75,1
2776.5,0
2776.75,1
2777.0,0
2777.25,1
2777.75,0
2780.75,1
2781.0,0
2781.75,1
2782.0,0
2792.25,1
2792.5,0
2793.0,1
2793.5,0
2794.0,1
2794.75,0
2795.0,1
2795.75,0
2796.0,1
2796.5,0
2796.75,1
2797.5,0
2797.75,1
2799.75,0
2800.75,1
2801.0,0
2801.25,1
2801.75,0
2816.25,1
2816.5,0
2817.0,1
2817.25,0
2818.0,1
2818.25,0
2818.75,1
2820.75,0
2821.0,1
2821.25,0
2821.75,1
2824.0,0
2824.25,1
2824.75,0
2825.0,1
2825.25,0
2888.5,1
2888.75,0
2889.0,1
2889.25,0
2889.5,1
2891.0,0
2891.25,1
2891.75,0
2892.0,1
2892.5,0
2892.75,1
2893.0,0
2893.25,1
2893.75,0
2894.0,1
2896.75,0
2897.0,1
2897.25,0
2909.75,1
2910.0,0
2912.25,1
2912.5,0
2913.25,1
2913.5,0
2913.75,1
2915.25,0
2915.5,1
2916.75,0
2917.0,1
2917.5,0
2917.75,1
2919.75,0
2920.5,1
2921.25,0
2934.25,1
2934.5,0
2935.5,1
2935.75,0
2936.5,1
2936.75,0
2937.0,1
2939.75,0
2940.0,1
2940.75,0
2941.0,1
2941.5,0
2941.75,1
2945.0,0
2959.5,1
2959.75,0
2961.5,1
2962.5,0
2962.75,1
2964.0,0
2964.5,1
2965.5,0
2965.75,1
2968.5,0
2968.75,1
2969.0,0
2969.5,1
2969.75,0
2984.5,1
2984.75,0
2985.25,1
2986.25,0
2986.5,1
2987.5,0
2987.75,1
2988.0,0
2988.25,1
2988.5,0
2988.75,1
2990.5,0
2990.75,1
2991.25,0
2991.5,1
2993.25,0
3055.5,1
3055.75,0
3057.0,1
3057.25,0
3057.75,1
3058.5,0
3058.75,1
3059.5,0
3059.75,1
3062.25,0
3062.5,1
3062.75,0
3063.0,1
3063.25,0
3063.5,1
3064.75,0
3065.5,1
3065.75,0
3081.5,1
3081.75,0
3082.0,1
3084.0,0
3084.25,1
3086.25,0
3086.5,1
3089.5,0
3105.0,1
3106.75,0
3107.0,1
3107.5,0
3107.75,1
3109.25,0
3109.5,1
3110.0,0
3110.75,1
3111.0,0
3111.25,1
3112.0,0
3112.25,1
3113.25,0
3129.0,1
3129.5,0
3129.75,1
3130.5,0
3130.75,1
3132.0,0
3132.25,1
3134.0,0
3134.25,1
3135.75,0
3136.0,1
3136.5,0
3137.0,1
3137.25,0
3139.5,1
3139.75,0
3150.0,1
3150.25,0
3150.5,1
3150.75,0
3151.75,1
3152.0,0
3152.5,1
3156.0,0
3156.25,1
3157.75,0
3158.0,1
3159.25,0
3159.75,1
3160.75,0
3161.0,1
3161.25,0
3165.0,1
3165.25,0
3224.75,1
3225.25,0
3225.75,1
3226.25,0
3226.5,1
3227.25,0
3227.5,1
3229.5,0
3230.0,1
3230.5,0
3230.75,1
3231.5,0
3231.75,1
3232.25,0
3232.75,1
3233.0,0
3233.25,1
3233.5,0
3233.75,1
3234.0,0
3246.0,1
3246.25,0
3248.0,1
3248.25,0
3249.25,1
3250.25,0
3250.5,1
3250.75,0
3251.0,1
3251.25,0
3251.5,1
3252.75,0
3253.0,1
3257.25,0
3273.0,1
3273.25,0
3273.5,1
3275.5,0
3275.75,1
3277.0,0
3277.25,1
3278.0,0
3278.25,1
3279.25,0
3279.5,1
3281.5,0
3284.25,1
3284.5,0
3294.5,1
3294.75,0
3295.25,1
3295.5,0
3295.75,1
3296.0,0
3297.25,1
3300.25,0
3300.5,1
3302.0,0
3302.25,1
3305.0,0
3305.5,1
3306.0,0
3317.5,1
3317.75,0
3318.75,1
3319.0,0
3321.0,1
3321.75,0
3322.0,1
3322.25,0
3322.5,1
3325.75,0
3326.0,1
3326.5,0
3327.0,1
3327.5,0
3327.75,1
3328.5,0
3328.75,1
3329.25,0
3391.5,1
3391.75,0
3392.5,1
3392.75,0
3393.0,1
3394.0,0
3394.25,1
3396.0,0
3396.25,1
3397.25,0
3397.5,1
3397.75,0
3398.0,1
3398.75,0
3399.0,1
3399.75,0
3400.0,1
3401.25,0
3415.5,1
3415.75,0
3417.25,1
3417.75,0
3418.0,1
3419.25,0
3420.25,1
3421.25,0
3421.75,1
3422.0,0
3422.25,1
3423.0,0
3423.25,1
3425.25,0
3429.5,1
3429.75,0
3438.0,1
3438.25,0
3440.75,1
3442.0,0
3442.25,1
3443.5,0
3443.75,1
3444.25,0
3444.5,1
3445.5,0
3445.75,1
3446.25,0
3446.5,1
3449.0,0
3452.25,1
3452.5,0
3462.75,1
3463.0,0
3463.25,1
3463.5,0
3464.5,1
3464.75,0
3465.75,1
3470.25,0
3470.5,1
3473.25,0
3487.0,1
3487.25,0
3489.75,1
3492.0,0
3492.25,1
3494.0,0
3494.25,1
3494.75,0
3495.0,1
3495.25,0
3497.25,1
3497.5,0
3558.25,1
3558.5,0
3560.5,1
3560.75,0
3561.0,1
3561.25,0
3561.5,1
3563.0,0
3563.25,1
3565.0,0
3565.25,1
3565.5,0
3565.75,1
3566.0,0
3566.25,1
3567.0,0
3567.25,1
3568.5,0
3569.0,1
3569.25,0
3572.75,1
3573.0,0
3607.25,1
3607.5,0
3608.75,1
3609.0,0
3609.25,1
3609.75,0
3610.0,1
3612.0,0
3612.25,1
3613.0,0
3613.25,1
3613.5,0
3613.75,1
3615.5,0
3615.75,1
3616.25,0
3616.5,1
3617.0,0
3621.75,1
3622.0,0
3631.5,1
3631.75,0
3632.75,1
3633.0,0
3633.25,1
3635.25,0
3635.5,1
3636.0,0
3636.25,1
3636.75,0
3637.25,1
3637.5,0
3637.75,1
3638.0,0
3638.25,1
3639.0,0
3639.25,1
3640.5,0
3640.75,1
3641.75,0
3645.75,1
3646.0,0
3656.5,1
3658.25,0
3658.5,1
3659.0,0
3659.25,1
3659.5,0
3659.75,1
3661.25,0
3661.5,1
3662.75,0
3663.0,1
3663.25,0
3663.75,1
3664.5,0
3665.5,1
3665.75,0
3669.75,1
3670.0,0
3726.5,1
3726.75,0
3727.25,1
3727.5,0
3728.25,1
3728.5,0
3729.25,1
3729.75,0
3730.25,1
3731.5,0
3731.75,1
3733.0,0
3733.5,1
3733.75,0
3734.0,1
3734.5,0
3734.75,1
3737.0,0
3737.25,1
3737.5,0
3749.5,1
3749.75,0
3753.0,1
3753.25,0
3753.75,1
3754.25,0
3754.5,1
3755.75,0
3756.0,1
3757.0,0
3757.25,1
3759.75,0
3760.25,1
3760.75,0
3761.0,1
3761.25,0
3776.25,1
3776.5,0
3777.0,1
3778.0,0
3779.0,1
3779.5,0
3779.75,1
3782.75,0
3783.0,1
3783.5,0
3783.75,1
3784.0,0
3784.25,1
3785.5,0
3800.0,1
3800.25,0
3800.5,1
3800.75,0
3801.0,1
3801.25,0
3801.75,1
3802.25,0
3802.5,1
3803.5,0
3803.75,1
3804.25,0
3804.5,1
3805.25,0
3805.5,1
3807.25,0
3807.5,1
3808.0,0
3808.25,1
3808.75,0
3822.0,1
3822.25,0
3824.5,1
3824.75,0
3825.0,1
3825.25,0
3825.75,1
3828.25,0
3828.75,1
3830.25,0
3830.5,1
3832.0,0
3832.25,1
3832.5,0
3832.75,1
3833.5,0
3894.0,1
3894.25,0
3895.75,1
3896.0,0
3896.5,1
3896.75,0
3897.25,1
3901.0,0
3901.75,1
3902.0,0
3902.25,1
3902.5,0
3902.75,1
3903.25,0
3903.75,1
3904.5,0
3904.75,1
3905.0,0
3905.5,1
3906.0,0
3908.5,1
3908.75,0
3918.75,1
3919.0,0
3920.75,1
3922.0,0
3922.5,1
3924.25,0
3924.5,1
3924.75,0
3925.0,1
3925.5,0
3925.75,1
3926.75,0
3927.0,1
3927.25,0
3927.5,1
3928.5,0
3928.75,1
3929.25,0
3931.75,1
3932.0,0
3933.75,1
3934.0,0
3943.0,1
3943.25,0
3944.25,1
3944.5,0
3945.25,1
3945.5,0
3945.75,1
3948.5,0
3948.75,1
3950.0,0
3950.25,1
3952.5,0
3953.0,1
3953.25,0
3953.5,1
3953.75,0
3956.5,1
3956.75,0
3957.25,1
3957.5,0
3969.0,1
3972.25,0
3972.5,1
3973.0,0
3973.25,1
3974.75,0
3975.25,1
3975.75,0
3976.0,1
3976.25,0
3976.75,1
3977.25,0
3990.0,1
3990.25,0
3993.0,1
3993.25,0
3993.5,1
3993.75,0
3994.0,1
3996.0,0
3996.25,1
3997.0,0
3997.25,1
3998.75,0
3999.0,1
4000.0,0
4000.25,1
4000.75,0
4063.75,1
4064.0,0
4064.25,1
4065.0,0
4065.5,1
4065.75,0
4066.0,1
4066.5,0
4066.75,1
4067.25,0
4067.75,1
4068.0,0
4068.5,1
4069.25,0
4069.5,1
4070.0,0
4070.25,1
4072.25,0
4073.25,1
4073.5,0
4088.75,1
4089.0,0
4089.25,1
4090.75,0
4091.0,1
4091.25,0
4091.5,1
4091.75,0
4092.0,1
4092.75,0
4093.25,1
4093.5,0
4093.75,1
4094.5,0
4094.75,1
4095.0,0
4095.5,1
4096.75,0
4097.0,1
4097.25,0
4111.0,1
4111.25,0
4111.5,1
4112.0,0
4112.5,1
4112.75,0
4113.25,1
4115.25,0
4115.5,1
4117.25,0
4117.5,1
4118.5,0
4119.0,1
4119.25,0
4119.5,1
4120.75,0
4121.0,1
4121.25,0
4133.75,1
4134.0,0
4135.75,1
4136.0,0
4137.0,1
4138.5,0
4138.75,1
4139.25,0
4139.5,1
4140.5,0
4140.75,1
4142.25,0
4142.75,1
4143.0,0
4143.25,1
4143.75,0
4144.0,1
4144.75,0
4161.25,1
4162.5,0
4162.75,1
4164.0,0
4164.5,1
4165.0,0
4165.25,1
4167.75,0
4168.0,1
4169.25,0
4232.75,1
4233.0,0
4233.25,1
4234.25,0
4234.5,1
4236.0,0
4236.25,1
4236.5,0
4237.25,1
4237.5,0
4237.75,1
4238.25,0
4238.5,1
4241.5,0
4244.25,1
4244.5,0
4256.5,1
4256.75,0
4257.0,1
4259.0,0
4259.25,1
4261.0,0
4261.25,1
4261.5,0
4261.75,1
4262.0,0
4262.25,1
4262.75,0
4263.0,1
4265.0,0
4265.25,1
4265.75,0
4269.0,1
4269.25,0
4278.75,1
4279.0,0
4279.5,1
4279.75,0
4280.75,1
4282.75,0
4283.0,1
4284.75,0
4285.0,1
4289.5,0
4302.75,1
4303.0,0
4304.75,1
4305.25,0
4305.5,1
4306.0,0
4306.25,1
4307.25,0
4307.75,1
4309.0,0
4309.25,1
4310.25,0
4310.5,1
4311.25,0
4311.5,1
4313.25,0
4313.5,1
4313.75,0
4329.0,1
4331.0,0
4331.25,1
4331.5,0
4331.75,1
4332.25,0
4332.5,1
4336.25,0
4336.75,1
4337.0,0
4337.5,1
4337.75,0
4400.75,1
4401.0,0
4401.5,1
4402.5,0
4402.75,1
4403.0,0
4403.25,1
4404.5,0
4405.0,1
4405.75,0
4406.0,1
4407.25,0
4407.5,1
4407.75,0
4408.0,1
4408.25,0
4408.5,1
4409.0,0
4409.25,1
4409.5,0
4447.5,1
4447.75,0
4449.0,1
4451.25,0
4451.5,1
4451.75,0
4452.0,1
4452.75,0
4453.0,1
4453.25,0
4453.5,1
4454.0,0
4454.25,1
4454.75,0
4455.25,1
4456.75,0
4459.25,1
4459.5,0
4460.25,1
4460.5,0
4470.75,1
4471.0,0
4471.75,1
4472.25,0
4472.75,1
4475.0,0
4475.5,1
4477.0,0
4477.5,1
4479.25,0
4479.5,1
4480.0,0
4480.25,1
4481.0,0
4481.5,1
4481.75,0
4496.0,1
4496.25,0
4496.5,1
4496.75,0
4497.0,1
4497.5,0
4497.75,1
4499.5,0
4499.75,1
4500.75,0
4501.25,1
4502.75,0
4503.0,1
4505.0,0
4569.25,1
4570.25,0
4570.5,1
4572.0,0
4572.25,1
4573.25,0
4574.0,1
4574.75,0
4575.0,1
4575.25,0
4575.5,1
4575.75,0
4576.25,1
4576.75,0
4577.0,1
4577.25,0
4580.75,1
4581.0,0
4581.25,1
4581.75,0
4590.0,1
4590.25,0
4592.0,1
4592.25,0
4592.5,1
4592.75,0
4593.0,1
4593.25,0
4594.0,1
4594.5,0
4594.75,1
4595.5,0
4595.75,1
4596.0,0
4596.5,1
4597.5,0
4597.75,1
4601.0,0
4602.25,1
4602.5,0
4615.5,1
4616.0,0
4617.5,1
4621.25,0
4621.75,1
4622.5,0
4622.75,1
4625.0,0
4638.0,1
4638.25,0
4640.5,1
4641.0,0
4641.25,1
4641.5,0
4641.75,1
4642.0,0
4642.25,1
4643.25,0
4643.5,1
4644.0,0
4644.25,1
4645.75,0
4646.0,1
4647.25,0
4647.5,1
4648.75,0
4649.0,1
4649.25,0
4650.25,1
4650.5,0
4663.0,1
4663.25,0
4664.5,1
4664.75,0
4665.0,1
4665.25,0
4665.5,1
4666.5,0
4666.75,1
4669.75,0
4670.0,1
4671.0,0
4671.25,1
4671.75,0
4672.0,1
4672.5,0
4673.0,1
4673.25,0
4736.75,1
4737.0,0
4737.25,1
4738.0,0
4738.5,1
4740.25,0
4740.75,1
4742.5,0
4743.0,1
4744.5,0
4745.0,1
4745.25,0
4746.0,1
4746.25,0
4760.5,1
4760.75,0
4761.0,1
4761.25,0
4761.5,1
4762.5,0
4762.75,1
4764.0,0
4764.75,1
4765.75,0
4766.25,1
4768.75,0
4773.5,1
4773.75,0
4782.25,1
4782.75,0
4784.75,1
4785.0,0
4785.25,1
4786.75,0
4787.75,1
4788.25,0
4788.5,1
4788.75,0
4789.0,1
4791.5,0
4791.75,1
4793.0,0
4807.75,1
4808.0,0
4808.25,1
4808.5,0
4808.75,1
4809.5,0
4809.75,1
4811.5,0
4811.75,1
4812.0,0
4812.25,1
4812.75,0
4813.0,1
4813.5,0
4813.75,1
4815.0,0
4815.25,1
4815.5,0
4815.75,1
4816.75,0
4817.25,1
4817.5,0
4831.25,1
4831.5,0
4833.0,1
4833.25,0
4833.5,1
4834.25,0
4834.75,1
4835.25,0
4835.5,1
4837.0,0
4837.5,1
4838.0,0
4838.25,1
4839.25,0
4839.5,1
4840.5,0
4840.75,1
4841.0,0
4901.75,1
4902.0,0
4902.5,1
4902.75,0
4903.25,1
4903.5,0
4904.0,1
4904.25,0
4905.25,1
4908.5,0
4908.75,1
4909.5,0
4909.75,1
4910.75,0
4911.0,1
4911.75,0
4912.0,1
4913.25,0
4916.75,1
4917.25,0
4926.75,1
4927.0,0
4927.75,1
4928.0,0
4929.25,1
4929.5,0
4929.75,1
4932.75,0
4933.0,1
4936.5,0
4936.75,1
4937.0,0
4940.5,1
4940.75,0
4942.25,1
4942.5,0
4951.0,1
4951.25,0
4952.75,1
4953.0,0
4953.25,1
4953.5,0
4953.75,1
4954.0,0
4954.25,1
4955.5,0
4956.25,1
4958.0,0
4958.75,1
4960.0,0
4960.25,1
4961.0,0
4961.5,1
4961.75,0
4963.75,1
4964.0,0
4964.25,1
4964.5,0
4965.75,1
4966.0,0
4974.25,1
4974.5,0
4976.0,1
4976.25,0
4976.5,1
4977.0,0
4977.25,1
4980.75,0
4981.0,1
4981.25,0
4981.5,1
4982.75,0
4983.0,1
4983.75,0
4984.25,1
4985.5,0
4999.25,1
4999.5,0
4999.75,1
5000.0,0
5001.5,1
5003.75,0
5004.25,1
5005.25,0
5005.75,1
5006.0,0
5006.25,1
5006.5,0
5006.75,1
5008.5,0
5009.0,1
5009.75,0
5071.0,1
5071.25,0
5073.5,1
5074.5,0
5075.0,1
5076.25,0
5076.5,1
5077.5,0
5077.75,1
5078.0,0
5078.25,1
5078.75,0
5079.25,1
5079.75,0
5080.0,1
5080.5,0
5080.75,1
5081.0,0
5081.25,1
5081.5,0
5083.75,1
5084.0,0
5084.25,1
5084.5,0
5095.0,1
5095.25,0
5096.5,1
5096.75,0
5097.25,1
5098.25,0
5098.5,1
5099.75,0
5100.25,1
5101.25,0
5102.0,1
5102.75,0
5103.0,1
5104.5,0
5104.75,1
5105.25,0
5109.75,1
5110.0,0
5119.0,1
5119.5,0
5120.75,1
5121.25,0
5121.75,1
5122.0,0
5122.25,1
5122.75,0
5123.0,1
5124.25,0
5124.5,1
5124.75,0
5125.5,1
5125.75,0
5126.25,1
5127.0,0
5127.25,1
5128.0,0
5128.75,1
5129.5,0
5133.5,1
5133.75,0
5145.0,1
5145.25,0
5145.5,1
5146.0,0
5146.25,1
5146.5,0
5146.75,1
5148.75,0
5149.0,1
5149.25,0
5149.5,1
5151.0,0
5151.5,1
5151.75,0
5152.0,1
5153.25,0
5154.25,1
5154.5,0
5156.5,1
5156.75,0
5167.25,1
5167.5,0
5169.0,1
5169.25,0
5169.5,1
5171.5,0
5171.75,1
5172.0,0
5172.25,1
5172.5,0
5172.75,1
5174.0,0
5174.25,1
5175.0,0
5175.25,1
5176.25,0
5176.5,1
5177.0,0
5177.75,1
5178.0,0
5241.0,1
5241.5,0
5241.75,1
5243.5,0
5244.0,1
5244.25,0
5244.5,1
5245.75,0
5246.25,1
5246.5,0
5246.75,1
5247.25,0
5247.5,1
5248.0,0
5248.75,1
5249.0,0
5253.25,1
5254.0,0
5265.0,1
5266.75,0
5267.0,1
5268.5,0
5268.75,1
5270.0,0
5270.25,1
5270.5,0
5270.75,1
5272.75,0
5273.25,1
5273.5,0
5286.5,1
5286.75,0
5287.25,1
5287.75,0
5288.75,1
5289.25,0
5289.5,1
5290.5,0
5290.75,1
5291.25,0
5291.5,1
5292.0,0
5292.25,1
5292.5,0
5292.75,1
5293.0,0
5293.25,1
5296.0,0
5296.25,1
5297.0,0
5297.25,1
5297.5,0
5312.5,1
5313.25,0
5313.5,1
5313.75,0
5314.25,1
5314.5,0
5314.75,1
5315.5,0
5315.75,1
5316.0,0
5316.25,1
5319.25,0
5320.25,1
5320.75,0
5321.0,1
5321.25,0
5325.0,1
5325.25,0
5325.5,1
5325.75,0
5335.0,1
5335.25,0
5335.75,1
5336.0,0
5337.75,1
5338.0,0
5338.25,1
5341.0,0
5341.25,1
5342.0,0
5342.25,1
5343.25,0
5343.5,1
5345.0,0
5406.0,1
5406.25,0
5409.0,1
5409.25,0
5409.75,1
5410.0,0
5410.25,1
5411.0,0
5411.25,1
5412.0,0
5412.25,1
5413.25,0
5413.75,1
5415.0,0
5415.25,1
5417.0,0
5417.25,1
5417.5,0
5422.25,1
5422.5,0
5431.0,1
5431.25,0
5432.5,1
5433.5,0
5433.75,1
5434.0,0
5434.5,1
5435.25,0
5435.5,1
5436.25,0
5436.5,1
5436.75,0
5437.25,1
5437.75,0
5438.25,1
5441.5,0
5453.75,1
5454.0,0
5454.25,1
5454.5,0
5456.5,1
5456.75,0
5457.0,1
5457.25,0
5457.5,1
5458.75,0
5459.25,1
5460.0,0
5460.5,1
5460.75,0
5461.25,1
5461.5,0
5461.75,1
5462.75,0
5463.0,1
5463.25,0
5463.5,1
5463.75,0
5464.5,1
5465.0,0
5468.5,1
5468.75,0
5480.25,1
5480.5,0
5481.0,1
5482.25,0
5482.5,1
5485.0,0
5485.5,1
5488.25,0
5488.5,1
5489.0,0
5503.75,1
5504.0,0
5505.0,1
5505.25,0
5505.75,1
5507.0,0
5507.25,1
5508.75,0
5509.25,1
5510.75,0
5511.0,1
5512.0,0
5512.25,1
5513.25,0
5576.5,1
5577.0,0
5577.75,1
5578.25,0
5578.5,1
5578.75,0
5579.0,1
5580.0,0
5580.25,1
5582.0,0
5582.25,1
5583.0,0
5583.25,1
5584.75,0
5586.0,1
5586.25,0
5599.0,1
5599.25,0
5600.25,1
5601.5,0
5601.75,1
5602.25,0
5602.5,1
5605.0,0
5605.75,1
5606.5,0
5606.75,1
5609.0,0
5612.25,1
5612.5,0
5613.75,1
5614.0,0
5622.5,1
5622.75,0
5623.5,1
5623.75,0
5624.25,1
5624.75,0
5625.25,1
5625.75,0
5626.5,1
5627.25,0
5627.5,1
5630.0,0
5630.25,1
5631.0,0
5631.25,1
5631.5,0
5631.75,1
5632.0,0
5632.5,1
5633.25,0
5636.75,1
5637.0,0
5646.25,1
5646.5,0
5648.25,1
5648.5,0
5649.5,1
5649.75,0
5650.0,1
5654.75,0
5655.0,1
5655.5,0
5656.0,1
5657.0,0
5657.5,1
5657.75,0
5660.25,1
5660.5,0
5669.5,1
5669.75,0
5672.75,1
5673.0,0
5673.25,1
5673.5,0
5674.0,1
5674.25,0
5674.5,1
5674.75,0
5675.0,1
5675.25,0
5675.5,1
5676.75,0
5677.0,1
5677.75,0
5678.75,1
5679.0,0
5679.25,1
5680.25,0
5680.5,1
5680.75,0
5681.0,1
5681.25,0
5744.75,1
5746.0,0
5746.25,1
5748.0,0
5748.75,1
5749.0,0
5749.25,1
5750.25,0
5750.5,1
5750.75,0
5751.0,1
5751.25,0
5751.5,1
5751.75,0
5752.0,1
5752.5,0
5752.75,1
5753.0,0
5769.25,1
5770.75,0
5771.0,1
5771.75,0
5772.0,1
5772.5,0
5772.75,1
5773.75,0
5774.0,1
5775.0,0
5775.25,1
5775.5,0
5775.75,1
5776.75,0
5777.0,1
5777.25,0
5780.5,1
5780.75,0
5790.0,1
5790.25,0
5793.25,1
5794.0,0
5794.25,1
5795.0,0
5795.25,1
5798.0,0
5798.25,1
5799.0,0
5799.25,1
5800.5,0
5805.75,1
5806.0,0
5817.0,1
5819.0,0
5819.25,1
5820.25,0
5820.5,1
5821.25,0
5821.5,1
5822.25,0
5822.5,1
5823.0,0
5823.25,1
5825.0,0
5841.0,1
5841.25,0
5841.5,1
5842.0,0
5842.25,1
5842.75,0
5843.0,1
5845.5,0
5845.75,1
5846.0,0
5846.25,1
5846.5,0
5846.75,1
5848.25,0
5848.5,1
5849.0,0
5849.25,1
5849.5,0
5854.0,1
5854.25,0
5910.25,1
5910.5,0
5911.25,1
5911.5,0
5913.75,1
5915.25,0
5915.5,1
5916.0,0
5916.25,1
5917.75,0
5918.0,1
5918.5,0
5918.75,1
5919.5,0
5919.75,1
5920.75,0
5921.25,1
5921.5,0
5959.0,1
5959.25,0
5960.0,1
5960.25,0
5960.75,1
5962.0,0
5962.25,1
5962.75,0
5963.0,1
5963.5,0
5963.75,1
5965.0,0
5965.5,1
5965.75,0
5966.5,1
5969.25,0
5971.5,1
5972.0,0
5972.25,1
5972.75,0
5983.25,1
5983.5,0
5983.75,1
5984.0,0
5985.5,1
5987.0,0
5987.25,1
5988.25,0
5988.75,1
5989.75,0
5990.0,1
5992.5,0
5992.75,1
5993.25,0
5993.5,1
5993.75,0
5996.25,1
5996.5,0
6009.0,1
6009.25,0
6009.5,1
6010.25,0
6011.75,1
6014.75,0
6015.0,1
6016.75,0
6017.0,1
6017.25,0
6020.0,1
6020.25,0
6077.5,1
6078.0,0
6080.75,1
6081.75,0
6082.0,1
6083.0,0
6083.5,1
6084.25,0
6084.5,1
6085.5,0
6085.75,1
6087.75,0
6088.0,1
6089.0,0
6089.5,1
6089.75,0
6093.75,1
6094.0,0
6102.25,1
6102.5,0
6104.75,1
6105.0,0
6105.75,1
6107.75,0
6108.0,1
6109.0,0
6109.25,1
6109.75,0
6110.25,1
6110.75,0
6111.0,1
6112.0,0
6112.25,1
6113.0,0
6127.5,1
6127.75,0
6128.75,1
6129.0,0
6129.25,1
6130.5,0
6130.75,1
6131.75,0
6132.0,1
6132.25,0
6133.0,1
6133.25,0
6133.5,1
6134.5,0
6135.0,1
6137.0,0
6151.75,1
6152.0,0
6153.0,1
6153.5,0
6153.75,1
6154.0,0
6154.25,1
6156.25,0
6157.25,1
6160.0,0
6160.25,1
6160.5,0
6165.0,1
6165.25,0
6174.25,1
6174.5,0
6175.75,1
6176.0,0
6176.5,1
6177.0,0
6177.5,1
6178.5,0
6178.75,1
6181.0,0
6181.5,1
6182.0,0
6182.75,1
6183.25,0
6183.75,1
6185.0,0
6248.25,1
6248.5,0
6248.75,1
6252.75,0
6253.0,1
6253.5,0
6253.75,1
6254.5,0
6255.0,1
6256.25,0
6256.5,1
6257.0,0
6257.25,1
6257.5,0
6260.75,1
6261.0,0
6273.0,1
6274.5,0
6275.25,1
6276.5,0
6276.75,1
6277.0,0
6277.25,1
6277.5,0
6278.25,1
6280.25,0
6280.5,1
6280.75,0
6281.0,1
6281.25,0
6284.25,1
6284.75,0
6294.75,1
6295.25,0
6298.25,1
6298.5,0
6298.75,1
6301.75,0
6302.0,1
6304.0,0
6304.25,1
6305.25,0
6308.75,1
6309.0,0
6310.0,1
6310.25,0
6320.75,1
6324.25,0
6324.5,1
6325.0,0
6325.5,1
6326.75,0
6327.0,1
6328.25,0
6328.5,1
6328.75,0
6329.0,1
6329.25,0
6342.75,1
6343.0,0
6343.5,1
6343.75,0
6344.5,1
6344.75,0
6346.0,1
6349.0,0
6349.25,1
6350.0,0
6350.25,1
6351.25,0
6351.5,1
6352.75,0
6415.75,1
6416.0,0
6417.5,1
6417.75,0
6418.0,1
6418.75,0
6419.0,1
6419.5,0
6419.75,1
6420.75,0
6421.0,1
6422.25,0
6422.5,1
6422.75,0
6423.0,1
6424.25,0
6424.5,1
6425.5,0
6441.25,1
6443.0,0
6443.25,1
6443.75,0
6444.0,1
6445.75,0
6446.0,1
6446.25,0
6446.75,1
6449.0,0
6453.75,1
6454.0,0
6461.5,1
6461.75,0
6464.0,1
6464.5,0
6464.75,1
6465.0,0
6465.25,1
6467.0,0
6467.25,1
6469.75,0
6470.0,1
6470.75,0
6471.0,1
6472.5,0
6473.0,1
6473.25,0
6473.5,1
6473.75,0
6488.25,1
6488.75,0
6489.0,1
6490.0,0
6490.5,1
6490.75,0
6491.0,1
6493.25,0
6493.5,1
6495.0,0
6495.5,1
6495.75,0
6496.0,1
6496.25,0
6496.5,1
6497.0,0
6497.5,1
6497.75,0
6513.25,1
6515.5,0
6516.25,1
6516.75,0
6517.0,1
6517.75,0
6518.25,1
6520.75,0
6521.0,1
6521.25,0
6582.5,1
6583.0,0
6584.25,1
6584.75,0
6585.25,1
6585.75,0
6586.0,1
6586.5,0
6586.75,1
6588.0,0
6588.5,1
6589.25,0
6589.5,1
6591.25,0
6591.5,1
6592.5,0
6592.75,1
6593.0,0
6593.25,1
6593.5,0
6609.25,1
6609.75,0
6610.25,1
6611.5,0
6611.75,1
6612.0,0
6612.25,1
6612.5,0
6613.0,1
6613.75,0
6614.0,1
6614.25,0
6614.5,1
6614.75,0
6615.25,1
6615.75,0
6616.0,1
6617.0,0
6617.25,1
6617.5,0
6630.0,1
6630.25,0
6633.0,1
6633.75,0
6634.25,1
6635.5,0
6635.75,1
6636.0,0
6636.25,1
6637.75,0
6638.25,1
6640.0,0
6640.25,1
6641.25,0
6657.25,1
6660.25,0
6660.5,1
6661.5,0
6662.0,1
6662.75,0
6663.0,1
6664.75,0
6665.25,1
6665.5,0
6670.5,1
6670.75,0
6671.0,1
6671.25,0
6672.25,1
6672.5,0
6677.25,1
6677.5,0
6678.75,1
6679.0,0
6679.5,1
6679.75,0
6680.5,1
6681.5,0
6681.75,1
6682.5,0
6682.75,1
6683.75,0
6684.0,1
6684.5,0
6684.75,1
6685.25,0
6685.5,1
6685.75,0
6686.0,1
6687.0,0
6687.25,1
6688.75,0
6689.0,1
6689.5,0
6692.75,1
6693.0,0
6749.25,1
6749.5,0
6750.25,1
6750.5,0
6751.0,1
6751.25,0
6753.25,1
6756.0,0
6756.25,1
6756.5,0
6756.75,1
6757.5,0
6757.75,1
6759.0,0
6759.25,1
6759.5,0
6759.75,1
6761.25,0
6764.0,1
6764.25,0
6764.5,1
6764.75,0
6801.0,1
6804.75,0
6805.0,1
6805.75,0
6806.0,1
6806.5,0
6806.75,1
6807.75,0
6808.25,1
6808.5,0
6809.0,1
6809.5,0
6811.75,1
6812.0,0
6823.0,1
6823.25,0
6824.25,1
6824.5,0
6825.25,1
6825.5,0
6825.75,1
6828.0,0
6828.5,1
6828.75,0
6829.0,1
6829.5,0
6830.0,1
6831.5,0
6831.75,1
6832.5,0
6832.75,1
6833.25,0
6845.75,1
6846.0,0
6847.0,1
6847.25,0
6848.25,1
6848.75,0
6849.25,1
6852.25,0
6852.75,1
6854.5,0
6854.75,1
6855.75,0
6856.25,1
6856.75,0
6857.0,1
6857.5,0
6918.5,1
6918.75,0
6921.0,1
6922.75,0
6923.0,1
6924.0,0
6924.25,1
6925.75,0
6926.25,1
6926.5,0
6926.75,1
6927.0,0
6927.25,1
6928.75,0
6944.75,1
6945.25,0
6945.5,1
6949.0,0
6950.5,1
6951.75,0
6952.0,1
6953.0,0
6953.5,1
6953.75,0
6967.25,1
6967.5,0
6968.75,1
6969.25,0
6969.5,1
6969.75,0
6970.25,1
6970.5,0
6971.0,1
6972.0,0
6972.25,1
6972.5,0
6972.75,1
6973.5,0
6973.75,1
6975.0,0
6975.25,1
6976.25,0
6976.5,1
6976.75,0
6977.0,1
6977.25,0
6990.5,1
6990.75,0
6993.0,1
6995.0,0
6995.25,1
6995.5,0
6995.75,1
6996.25,0
6996.5,1
7000.0,0
7000.25,1
7001.75,0
7004.25,1
7004.5,0
7005.0,1
7005.25,0
7015.25,1
7015.5,0
7016.75,1
7017.5,0
7018.0,1
7020.0,0
7020.5,1
7022.25,0
7023.0,1
7023.75,0
7024.0,1
7025.25,0
7086.5,1
7086.75,0
7088.25,1
7088.5,0
7088.75,1
7089.25,0
7089.5,1
7090.5,0
7090.75,1
7091.25,0
7091.5,1
7092.0,0
7092.25,1
7092.75,0
7094.0,1
7096.75,0
7097.25,1
7097.5,0
7097.75,1
7098.0,0
7099.75,1
7100.0,0
7111.25,1
7111.5,0
7113.0,1
7114.75,0
7115.0,1
7116.75,0
7117.0,1
7120.5,0
7121.25,1
7121.5,0
7136.75,1
7137.0,0
7137.25,1
7139.5,0
7140.0,1
7141.75,0
7142.0,1
7142.75,0
7143.0,1
7143.75,0
7144.0,1
7144.5,0
7160.5,1
7160.75,0
7161.0,1
7161.5,0
7161.75,1
7163.5,0
7163.75,1
7164.25,0
7164.75,1
7165.0,0
7165.25,1
7166.5,0
7167.5,1
7167.75,0
7168.25,1
7168.75,0
7169.0,1
7169.25,0
7184.25,1
7184.5,0
7185.25,1
7185.75,0
7186.25,1
7188.0,0
7188.25,1
7189.0,0
7189.25,1
7190.25,0
7190.75,1
7192.5,0
7192.75,1
7193.0,0
7254.25,1
7254.5,0
7255.0,1
7255.25,0
7257.25,1
7257.75,0
7258.0,1
7258.5,0
7258.75,1
7259.25,0
7259.5,1
7261.25,0
7261.5,1
7262.25,0
7262.75,1
7263.75,0
7264.0,1
7264.75,0
7265.25,1
7265.5,0
7280.75,1
7282.25,0
7282.5,1
7284.0,0
7284.25,1
7284.5,0
7284.75,1
7285.0,0
7285.25,1
7287.75,0
7288.0,1
7288.75,0
7289.0,1
7289.75,0
7292.5,1
7292.75,0
7293.75,1
7294.0,0
7302.5,1
7302.75,0
7303.0,1
7303.25,0
7304.75,1
7307.0,0
7307.25,1
7307.5,0
7307.75,1
7308.0,0
7308.25,1
7309.75,0
7310.0,1
7310.25,0
7310.5,1
7310.75,0
7311.0,1
7311.25,0
7311.75,1
7312.0,0
7313.0,1
7313.25,0
7316.25,1
7316.5,0
7328.75,1
7329.25,0
7329.5,1
7330.25,0
7330.5,1
7333.0,0
7333.25,1
7334.75,0
7335.25,1
7336.75,0
7337.25,1
7337.5,0
7350.0,1
7350.25,0
7351.5,1
7352.25,0
7352.75,1
7353.0,0
7354.0,1
7355.5,0
7355.75,1
7357.5,0
7357.75,1
7359.25,0
7359.5,1
7360.0,0
7360.25,1
7360.75,0
7361.5,1
7361.75,0
7364.25,1
7365.0,0
7424.75,1
7425.75,0
7426.0,1
7426.25,0
7426.5,1
7427.75,0
7428.0,1
7429.0,0
7429.25,1
7429.75,0
7430.0,1
7430.25,0
7431.0,1
7431.75,0
7432.0,1
7432.75,0
7449.0,1
7450.75,0
7451.0,1
7453.0,0
7453.25,1
7455.25,0
7455.5,1
7456.0,0
7456.25,1
7456.75,0
7461.5,1
7461.75,0
7470.5,1
7470.75,0
7471.5,1
7471.75,0
7472.5,1
7473.0,0
7473.25,1
7476.75,0
7477.0,1
7478.0,0
7478.5,1
7479.0,0
7479.25,1
7479.5,0
7479.75,1
7480.0,0
7480.25,1
7480.75,0
7485.75,1
7486.25,0
7497.0,1
7497.25,0
7497.5,1
7498.75,0
7499.0,1
7499.5,0
7499.75,1
7500.25,0
7500.5,1
7501.5,0
7501.75,1
7504.75,0
7505.0,1
7505.5,0
7518.75,1
7519.0,0
7519.75,1
7520.0,0
7521.0,1
7521.75,0
7522.0,1
7522.25,0
7522.5,1
7523.0,0
7524.0,1
7524.25,0
7524.75,1
7525.0,0
7525.25,1
7526.0,0
7526.25,1
7526.5,0
7526.75,1
7527.0,0
7527.5,1
7528.0,0
7528.25,1
7529.25,0
7532.75,1
7533.0,0
7592.75,1
7593.0,0
7593.25,1
7593.5,0
7593.75,1
7594.5,0
7594.75,1
7595.5,0
7595.75,1
7596.0,0
7596.25,1
7596.75,0
7597.0,1
7598.0,0
7598.5,1
7599.25,0
7599.75,1
7601.25,0
7616.25,1
7616.5,0
7617.25,1
7622.75,0
7623.0,1
7625.5,0
7631.0,1
7631.25,0
7638.75,1
7639.0,0
7641.5,1
7641.75,0
7642.0,1
7642.5,0
7643.0,1
7643.75,0
7644.25,1
7648.0,0
7648.25,1
7648.5,0
7649.5,1
7649.75,0
7664.75,1
7665.0,0
7665.5,1
7666.0,0
7666.25,1
7667.75,0
7668.0,1
7669.25,0
7669.75,1
7672.75,0
7673.0,1
7673.25,0
7686.25,1
7686.5,0
7687.75,1
7688.0,0
7688.25,1
7688.5,0
7688.75,1
7690.5,0
7690.75,1
7691.5,0
7692.0,1
7692.75,0
7693.0,1
7695.0,0
7695.25,1
7697.25,0
7700.75,1
7701.0,0
7759.0,1
7759.25,0
7761.0,1
7761.5,0
7761.75,1
7762.0,0
7762.5,1
7763.5,0
7763.75,1
7764.25,0
7764.75,1
7765.0,0
7765.25,1
7765.75,0
7766.0,1
7766.25,0
7766.5,1
7767.0,0
7767.25,1
7769.5,0
7782.5,1
7782.75,0
7785.25,1
7788.75,0
7789.0,1
7789.5,0
7789.75,1
7790.0,0
7790.25,1
7790.5,0
7790.75,1
7791.5,0
7791.75,1
7792.5,0
7792.75,1
7793.5,0
7806.25,1
7806.5,0
7807.25,1
7807.5,0
7809.0,1
7809.25,0
7809.5,1
7811.0,0
7811.25,1
7812.25,0
7812.5,1
7812.75,0
7813.0,1
7813.5,0
7814.5,1
7815.25,0
7815.5,1
7817.0,0
7817.25,1
7817.5,0
7821.25,1
7821.5,0
7821.75,1
7822.0,0
7830.5,1
7830.75,0
7831.75,1
7832.0,0
7833.0,1
7834.25,0
7834.5,1
7836.5,0
7836.75,1
7838.0,0
7838.25,1
7838.5,0
7838.75,1
7839.25,0
7839.75,1
7841.0,0
7841.25,1
7841.75,0
7927.5,1
7927.75,0
7929.0,1
7931.75,0
7932.0,1
7936.5,0
7936.75,1
7937.25,0
7937.5,1
7937.75,0
7950.5,1
7950.75,0
7952.0,1
7952.25,0
7953.25,1
7953.5,0
7954.0,1
7954.75,0
7955.0,1
7955.5,0
7955.75,1
7957.0,0
7957.25,1
7958.25,0
7958.5,1
7960.25,0
7960.5,1
7961.0,0
7964.0,1
7964.25,0
7976.75,1
7977.0,0
7977.25,1
7977.5,0
7977.75,1
7979.25,0
7979.5,1
7980.5,0
7980.75,1
7982.0,0
7982.25,1
7982.75,0
7983.0,1
7983.5,0
7983.75,1
7984.0,0
7984.25,1
7985.25,0
7998.25,1
7998.5,0
8000.5,1
8000.75,0
8001.0,1
8003.5,0
8003.75,1
8005.25,0
8005.5,1
8007.5,0
8007.75,1
8008.0,0
8008.25,1
8009.0,0
8022.75,1
8023.0,0
8025.0,1
8026.5,0
8026.75,1
8029.5,0
8029.75,1
8030.25,0
8030.5,1
8031.75,0
8032.0,1
8032.5,0
8032.75,1
8033.0,0
8033.25,1
8033.5,0
8097.0,1
8098.75,0
8099.0,1
8100.25,0
8100.5,1
8101.5,0
8101.75,1
8102.0,0
8102.25,1
8102.75,0
8103.0,1
8104.5,0
8105.0,1
8105.25,0
8109.5,1
8109.75,0
8117.75,1
8118.0,0
8119.5,1
8119.75,0
8121.0,1
8122.0,0
8122.5,1
8123.5,0
8123.75,1
8124.5,0
8124.75,1
8125.5,0
8125.75,1
8126.25,0
8126.5,1
8126.75,0
8127.0,1
8127.25,0
8127.5,1
8129.5,0
8144.5,1
8145.0,0
8145.25,1
8146.0,0
8146.25,1
8147.0,0
8147.25,1
8150.75,0
8151.0,1
8153.0,0
8155.25,1
8155.5,0
8157.0,1
8157.25,0
8167.25,1
8167.5,0
8169.5,1
8172.0,0
8172.25,1
8173.25,0
8173.5,1
8175.25,0
8175.5,1
8175.75,0
8176.0,1
8176.75,0
8192.75,1
8193.5,0
8193.75,1
8194.0,0
8194.5,1
8196.0,0
8196.25,1
8198.0,0
8198.25,1
8199.25,0
8199.5,1
8200.25,0
8200.5,1
8201.0,0
8201.5,1
8201.75,0
8206.0,1
8206.25,0
8263.0,1
8263.25,0
8264.75,1
8266.0,0
8266.25,1
8267.0,0
8267.25,1
8268.25,0
8268.5,1
8269.25,0
8269.5,1
8272.5,0
8273.0,1
8273.25,0
8285.5,1
8285.75,0
8287.5,1
8287.75,0
8288.0,1
8288.25,0
8289.25,1
8290.25,0
8290.5,1
8291.25,0
8291.5,1
8294.5,0
8294.75,1
8296.75,0
8297.0,1
8297.25,0
8312.5,1
8312.75,0
8313.0,1
8314.75,0
8315.0,1
8315.75,0
8316.0,1
8318.5,0
8319.0,1
8320.75,0
8321.0,1
8321.5,0
8325.0,1
8325.25,0
8334.5,1
8334.75,0
8337.25,1
8337.75,0
8338.0,1
8340.25,0
8340.5,1
8341.25,0
8341.5,1
8343.5,0
8343.75,1
8344.5,0
8345.25,1
8345.5,0
8347.25,1
8347.5,0
8359.0,1
8359.25,0
8361.0,1
8362.25,0
8362.5,1
8363.0,0
8363.25,1
8363.5,0
8363.75,1
8365.25,0
8365.5,1
8365.75,0
8366.0,1
8368.25,0
8370.0,1
8370.25,0
8432.75,1
8433.0,0
8433.75,1
8434.0,0
8435.25,1
8435.75,0
8436.0,1
8438.75,0
8439.0,1
8439.5,0
8440.0,1
8440.75,0
8441.0,1
8441.25,0
8444.75,1
8445.0,0
8445.5,1
8445.75,0
8446.25,1
8446.5,0
8456.75,1
8457.25,0
8457.5,1
8458.25,0
8458.5,1
8458.75,0
8459.0,1
8459.75,0
8460.0,1
8460.75,0
8461.0,1
8461.25,0
8461.5,1
8462.25,0
8462.5,1
8462.75,0
8463.0,1
8463.25,0
8463.5,1
8465.0,0
8480.5,1
8480.75,0
8481.25,1
8482.75,0
8483.0,1
8483.5,0
8483.75,1
8484.5,0
8484.75,1
8485.25,0
8485.5,1
8485.75,0
8486.0,1
8488.0,0
8488.25,1
8489.25,0
8491.5,1
8491.75,0
8502.25,1
8502.5,0
8504.0,1
8504.25,0
8505.0,1
8505.5,0
8505.75,1
8506.75,0
8507.0,1
8508.25,0
8508.5,1
8509.25,0
8509.5,1
8509.75,0
8510.0,1
8510.25,0
8510.5,1
8511.25,0
8511.5,1
8513.25,0
8513.5,1
8513.75,0
8516.5,1
8516.75,0
8525.75,1
8526.0,0
8528.25,1
8529.0,0
8529.25,1
8530.0,0
8530.75,1
8531.25,0
8531.5,1
8532.25,0
8532.75,1
8533.0,0
8533.25,1
8533.5,0
8533.75,1
8535.25,0
8535.5,1
8535.75,0
8536.0,1
8536.5,0
8537.0,1
8537.25,0
8622.0,1
8622.5,0
8623.5,1
8623.75,0
8625.75,1
8627.25,0
8627.5,1
8628.5,0
8628.75,1
8629.0,0
8629.25,1
8630.25,0
8630.5,1
8631.25,0
8631.75,1
8632.75,0
8637.25,1
8637.5,0
8646.25,1
8646.5,0
8647.75,1
8648.0,0
8649.25,1
8649.5,0
8649.75,1
8650.0,0
8650.25,1
8651.0,0
8651.25,1
8652.25,0
8652.75,1
8653.0,0
8653.25,1
8653.5,0
8653.75,1
8654.75,0
8655.0,1
8656.0,0
8656.25,1
8657.0,0
8657.25,1
8657.5,0
8660.5,1
8660.75,0
8671.75,1
8672.0,0
8673.0,1
8673.25,0
8673.5,1
8674.0,0
8674.25,1
8675.25,0
8675.75,1
8678.5,0
8678.75,1
8679.0,0
8679.25,1
8680.0,0
8680.25,1
8680.75,0
8681.0,1
8681.25,0
8681.75,1
8682.0,0
8694.75,1
8695.5,0
8696.25,1
8696.5,0
8698.0,1
8700.0,0
8700.5,1
8701.0,0
8701.25,1
8703.0,0
8703.25,1
8704.5,0
8704.75,1
8705.0,0
8708.5,1
8708.75,0
