#1


float Room-209 (4385,2)
0.0,0
31.5,1
31.75,0
33.0,1
33.75,0
34.25,1
36.75,0
37.0,1
39.75,0
40.0,1
40.75,0
41.0,1
41.25,0
44.25,1
44.5,0
55.25,1
55.5,0
56.75,1
57.25,0
57.5,1
58.5,0
58.75,1
59.0,0
59.25,1
60.75,0
61.25,1
62.0,0
62.5,1
62.75,0
63.0,1
63.25,0
63.5,1
63.75,0
64.0,1
64.5,0
64.75,1
65.25,0
69.5,1
69.75,0
79.5,1
80.0,0
80.25,1
80.75,0
81.0,1
81.25,0
81.5,1
84.0,0
84.5,1
86.0,0
86.25,1
86.5,0
86.75,1
88.0,0
88.25,1
88.75,0
105.0,1
105.5,0
106.0,1
106.25,0
106.5,1
107.25,0
107.5,1
109.0,0
109.25,1
110.75,0
111.0,1
112.5,0
113.5,1
113.75,0
125.5,1
125.75,0
128.75,1
129.5,0
129.75,1
132.25,0
132.5,1
133.0,0
133.5,1
133.75,0
134.25,1
135.0,0
135.25,1
136.0,0
136.25,1
137.25,0
199.0,1
199.5,0
200.5,1
201.0,0
201.25,1
202.75,0
203.0,1
204.25,0
204.5,1
205.25,0
205.5,1
206.0,0
206.25,1
206.5,0
206.75,1
207.5,0
207.75,1
209.25,0
209.5,1
209.75,0
224.5,1
224.75,0
225.75,1
227.5,0
228.0,1
229.0,0
229.25,1
230.25,0
230.5,1
230.75,0
231.5,1
231.75,0
232.5,1
233.0,0
233.25,1
233.5,0
248.0,1
248.25,0
248.5,1
248.75,0
249.0,1
250.5,0
250.75,1
252.75,0
253.0,1
253.5,0
253.75,1
254.25,0
254.5,1
255.0,0
255.25,1
255.75,0
256.0,1
256.75,0
257.5,1
257.75,0
260.75,1
261.0,0
270.25,1
270.5,0
270.75,1
271.0,0
272.75,1
273.0,0
273.25,1
273.75,0
274.0,1
275.5,0
275.75,1
276.0,0
276.25,1
277.0,0
277.25,1
277.75,0
278.0,1
278.25,0
278.75,1
279.0,0
279.5,1
280.5,0
281.0,1
281.25,0
288.75,1
289.0,0
294.75,1
295.0,0
295.25,1
295.5,0
297.25,1
297.5,0
298.0,1
299.0,0
299.25,1
301.0,0
301.25,1
302.0,0
302.25,1
303.75,0
304.0,1
305.25,0
305.75,1
306.25,0
366.75,1
367.0,0
369.0,1
369.25,0
369.5,1
370.75,0
371.0,1
371.5,0
371.75,1
372.5,0
372.75,1
373.0,0
373.25,1
374.0,0
374.5,1
374.75,0
375.0,1
375.5,0
375.75,1
377.0,0
377.25,1
377.5,0
390.75,1
391.0,0
392.25,1
392.5,0
393.0,1
393.25,0
393.5,1
395.0,0
395.75,1
396.25,0
396.5,1
397.0,0
397.25,1
398.75,0
399.25,1
400.75,0
401.0,1
401.25,0
438.75,1
439.5,0
440.75,1
441.5,0
442.0,1
442.25,0
442.75,1
443.0,0
443.75,1
444.0,0
444.25,1
444.75,0
445.0,1
446.25,0
446.5,1
448.75,0
465.25,1
466.0,0
466.5,1
468.25,0
468.75,1
469.5,0
469.75,1
470.0,0
470.25,1
471.0,0
471.25,1
471.75,0
472.0,1
472.25,0
472.75,1
473.5,0
476.25,1
476.5,0
537.75,1
538.5,0
539.0,1
539.75,0
540.0,1
542.0,0
542.25,1
542.75,0
543.0,1
544.0,0
544.25,1
544.5,0
545.25,1
545.5,0
546.0,1
546.25,0
549.0,1
549.25,0
557.25,1
557.5,0
561.25,1
561.5,0
561.75,1
562.0,0
562.5,1
562.75,0
563.0,1
563.75,0
564.5,1
565.0,0
565.25,1
565.5,0
565.75,1
566.0,0
566.25,1
568.5,0
568.75,1
569.5,0
585.0,1
585.5,0
585.75,1
586.0,0
586.25,1
588.0,0
588.25,1
589.25,0
589.5,1
591.25,0
591.5,1
592.25,0
592.5,1
592.75,0
608.75,1
609.0,0
609.25,1
610.25,0
610.5,1
611.25,0
611.5,1
612.0,0
612.25,1
612.75,0
613.25,1
614.75,0
615.0,1
616.5,0
616.75,1
617.0,0
620.0,1
620.25,0
630.0,1
630.25,0
630.75,1
631.0,0
631.25,1
631.5,0
633.0,1
633.25,0
633.75,1
634.75,0
635.0,1
635.25,0
635.5,1
636.25,0
636.5,1
639.0,0
639.25,1
640.0,0
640.25,1
640.5,0
641.0,1
641.25,0
645.0,1
645.25,0
705.0,1
705.75,0
706.0,1
707.0,0
707.25,1
708.0,0
708.5,1
709.0,0
709.25,1
709.5,0
709.75,1
710.5,0
710.75,1
711.0,0
711.25,1
711.75,0
712.0,1
712.25,0
712.5,1
713.0,0
713.25,1
713.75,0
727.75,1
728.0,0
728.75,1
729.5,0
729.75,1
730.0,0
730.25,1
733.5,0
733.75,1
734.5,0
734.75,1
737.25,0
750.75,1
751.0,0
753.0,1
753.75,0
754.25,1
755.25,0
755.5,1
759.0,0
759.25,1
760.0,0
760.25,1
761.0,0
761.25,1
761.5,0
764.25,1
764.5,0
776.0,1
776.25,0
776.75,1
779.0,0
779.25,1
781.5,0
782.0,1
782.75,0
783.25,1
784.0,0
784.25,1
784.75,0
798.75,1
799.0,0
801.0,1
801.5,0
801.75,1
803.5,0
803.75,1
804.5,0
804.75,1
807.25,0
807.75,1
809.0,0
809.25,1
809.5,0
812.5,1
812.75,0
870.75,1
871.0,0
871.25,1
871.5,0
873.0,1
873.5,0
873.75,1
874.5,0
875.0,1
875.5,0
876.0,1
876.5,0
876.75,1
877.0,0
877.25,1
878.5,0
879.0,1
879.5,0
879.75,1
880.0,0
880.25,1
880.75,0
893.75,1
894.0,0
894.25,1
894.5,0
896.75,1
897.0,0
897.5,1
897.75,0
898.0,1
898.75,0
899.0,1
899.25,0
899.5,1
901.25,0
901.75,1
904.0,0
904.5,1
904.75,0
908.75,1
909.0,0
920.5,1
920.75,0
921.25,1
921.5,0
921.75,1
922.25,0
922.5,1
923.0,0
923.25,1
924.25,0
925.25,1
925.75,0
926.0,1
926.5,0
927.0,1
927.25,0
927.75,1
929.5,0
932.5,1
932.75,0
933.0,1
933.25,0
942.5,1
942.75,0
943.0,1
943.25,0
944.75,1
945.0,0
945.75,1
946.0,0
946.25,1
946.75,0
947.0,1
948.0,0
948.25,1
948.75,0
949.25,1
951.5,0
951.75,1
952.25,0
952.5,1
953.25,0
956.0,1
956.25,0
966.0,1
966.25,0
968.75,1
969.25,0
969.5,1
972.25,0
972.5,1
972.75,0
973.0,1
975.25,0
975.5,1
975.75,0
976.25,1
977.25,0
1038.75,1
1039.0,0
1041.25,1
1041.5,0
1041.75,1
1042.0,0
1042.5,1
1043.5,0
1043.75,1
1044.5,0
1044.75,1
1045.5,0
1045.75,1
1046.0,0
1046.25,1
1047.25,0
1047.5,1
1048.0,0
1048.25,1
1048.5,0
1048.75,1
1049.0,0
1049.25,1
1049.5,0
1062.25,1
1062.5,0
1064.75,1
1065.0,0
1065.25,1
1066.25,0
1066.5,1
1066.75,0
1067.0,1
1069.0,0
1069.25,1
1070.25,0
1070.75,1
1071.5,0
1071.75,1
1072.5,0
1073.5,1
1073.75,0
1110.0,1
1110.25,0
1112.75,1
1113.5,0
1113.75,1
1114.75,0
1115.25,1
1116.75,0
1117.25,1
1119.75,0
1120.0,1
1120.25,0
1120.5,1
1120.75,0
1121.25,1
1121.5,0
1134.0,1
1134.25,0
1134.5,1
1134.75,0
1135.25,1
1135.5,0
1137.25,1
1140.5,0
1141.0,1
1141.25,0
1141.5,1
1142.25,0
1142.5,1
1143.5,0
1143.75,1
1145.0,0
1205.75,1
1206.0,0
1208.25,1
1210.5,0
1210.75,1
1212.75,0
1213.0,1
1213.25,0
1213.5,1
1214.0,0
1214.25,1
1214.75,0
1215.0,1
1217.25,0
1217.5,1
1217.75,0
1232.25,1
1232.5,0
1233.25,1
1233.5,0
1234.0,1
1234.25,0
1234.5,1
1236.0,0
1236.25,1
1236.5,0
1236.75,1
1237.0,0
1237.25,1
1238.5,0
1238.75,1
1240.75,0
1241.25,1
1241.5,0
1245.25,1
1245.5,0
1245.75,1
1246.0,0
1255.0,1
1255.25,0
1256.75,1
1259.5,0
1260.25,1
1261.25,0
1261.5,1
1264.5,0
1264.75,1
1265.25,0
1269.75,1
1270.0,0
1273.0,1
1273.25,0
1281.25,1
1281.5,0
1281.75,1
1284.0,0
1284.25,1
1285.0,0
1285.25,1
1285.75,0
1286.0,1
1288.75,0
1289.5,1
1289.75,0
1303.0,1
1303.5,0
1304.25,1
1304.75,0
1305.25,1
1305.75,0
1306.25,1
1307.0,0
1307.25,1
1308.75,0
1309.0,1
1310.25,0
1310.5,1
1311.75,0
1312.0,1
1313.25,0
1374.0,1
1374.25,0
1375.25,1
1375.5,0
1377.0,1
1377.5,0
1377.75,1
1380.0,0
1380.25,1
1381.5,0
1381.75,1
1382.0,0
1382.25,1
1382.75,0
1383.25,1
1383.5,0
1383.75,1
1384.25,0
1384.5,1
1385.0,0
1385.5,1
1385.75,0
1400.5,1
1401.0,0
1401.25,1
1401.75,0
1402.0,1
1402.5,0
1403.0,1
1404.25,0
1404.75,1
1405.25,0
1405.5,1
1406.0,0
1406.25,1
1408.25,0
1408.5,1
1408.75,0
1409.0,1
1409.5,0
1413.25,1
1413.5,0
1422.75,1
1423.0,0
1425.5,1
1425.75,0
1426.0,1
1426.25,0
1426.5,1
1427.25,0
1427.5,1
1428.5,0
1428.75,1
1430.25,0
1430.5,1
1432.0,0
1432.25,1
1432.75,0
1433.25,1
1433.5,0
1438.0,1
1438.25,0
1446.0,1
1446.25,0
1446.5,1
1447.0,0
1447.75,1
1448.0,0
1449.5,1
1450.25,0
1450.5,1
1451.25,0
1451.5,1
1452.75,0
1453.0,1
1453.75,0
1454.0,1
1455.0,0
1455.25,1
1455.5,0
1455.75,1
1456.25,0
1456.5,1
1457.0,0
1472.0,1
1472.25,0
1473.25,1
1473.75,0
1474.0,1
1474.5,0
1474.75,1
1476.25,0
1476.5,1
1477.25,0
1477.5,1
1477.75,0
1478.0,1
1478.5,0
1479.0,1
1480.5,0
1481.0,1
1481.25,0
1481.75,1
1482.0,0
1485.25,1
1485.5,0
1486.25,1
1486.5,0
1545.25,1
1547.0,0
1547.25,1
1549.5,0
1549.75,1
1550.5,0
1550.75,1
1551.25,0
1551.5,1
1553.25,0
1556.25,1
1556.5,0
1568.5,1
1569.0,0
1569.25,1
1569.5,0
1570.0,1
1572.5,0
1572.75,1
1574.25,0
1574.5,1
1575.0,0
1575.75,1
1576.5,0
1577.0,1
1577.25,0
1581.0,1
1581.25,0
1582.25,1
1582.5,0
1592.25,1
1592.5,0
1593.0,1
1593.25,0
1593.5,1
1595.5,0
1596.5,1
1596.75,0
1597.0,1
1597.75,0
1598.0,1
1599.5,0
1600.0,1
1600.25,0
1600.5,1
1601.25,0
1604.25,1
1604.5,0
1614.25,1
1614.75,0
1617.25,1
1618.25,0
1618.75,1
1620.25,0
1620.5,1
1623.25,0
1623.5,1
1624.0,0
1624.5,1
1624.75,0
1625.25,1
1625.5,0
1629.75,1
1630.0,0
1638.0,1
1638.25,0
1640.25,1
1640.5,0
1640.75,1
1641.0,0
1641.5,1
1642.75,0
1643.0,1
1645.25,0
1645.5,1
1645.75,0
1646.0,1
1646.5,0
1646.75,1
1647.0,0
1647.25,1
1647.5,0
1647.75,1
1648.25,0
1649.25,1
1649.5,0
1713.25,1
1714.0,0
1714.25,1
1715.25,0
1715.5,1
1716.0,0
1716.75,1
1717.25,0
1717.5,1
1717.75,0
1718.25,1
1720.25,0
1720.5,1
1721.0,0
1736.5,1
1737.25,0
1737.5,1
1740.5,0
1740.75,1
1741.25,0
1741.5,1
1742.5,0
1742.75,1
1743.0,0
1743.25,1
1744.5,0
1748.0,1
1748.25,0
1761.0,1
1761.25,0
1761.5,1
1763.25,0
1763.5,1
1764.5,0
1764.75,1
1765.5,0
1765.75,1
1766.5,0
1766.75,1
1767.75,0
1768.0,1
1768.5,0
1768.75,1
1769.0,0
1773.25,1
1773.5,0
1782.75,1
1783.0,0
1783.5,1
1783.75,0
1784.0,1
1784.25,0
1785.25,1
1788.25,0
1788.5,1
1791.75,0
1792.0,1
1792.5,0
1793.0,1
1793.25,0
1809.0,1
1810.25,0
1810.5,1
1812.0,0
1812.25,1
1814.5,0
1814.75,1
1815.25,0
1815.5,1
1815.75,0
1816.0,1
1817.25,0
1879.25,1
1879.5,0
1880.25,1
1880.5,0
1880.75,1
1881.0,0
1881.25,1
1883.25,0
1883.5,1
1883.75,0
1884.25,1
1884.75,0
1885.25,1
1886.25,0
1886.5,1
1887.25,0
1887.5,1
1889.25,0
1894.25,1
1894.5,0
1903.0,1
1903.25,0
1906.0,1
1907.75,0
1908.0,1
1908.75,0
1909.0,1
1910.25,0
1910.5,1
1911.25,0
1911.5,1
1912.0,0
1912.25,1
1912.5,0
1912.75,1
1913.0,0
1916.75,1
1917.0,0
1917.5,1
1917.75,0
1926.25,1
1926.5,0
1927.75,1
1928.0,0
1928.75,1
1929.0,0
1929.25,1
1929.5,0
1930.0,1
1931.5,0
1931.75,1
1932.5,0
1932.75,1
1934.75,0
1935.25,1
1935.75,0
1936.0,1
1936.25,0
1936.5,1
1937.0,0
1937.25,1
1937.5,0
1950.75,1
1951.0,0
1951.5,1
1951.75,0
1952.5,1
1954.75,0
1955.0,1
1956.5,0
1956.75,1
1957.5,0
1957.75,1
1958.0,0
1958.5,1
1959.25,0
1959.5,1
1959.75,0
1960.0,1
1960.5,0
1960.75,1
1961.25,0
1974.0,1
1974.25,0
1976.0,1
1976.25,0
1976.5,1
1977.25,0
1977.5,1
1977.75,0
1978.0,1
1980.0,0
1980.25,1
1980.5,0
1980.75,1
1982.0,0
1982.25,1
1983.75,0
1984.0,1
1985.25,0
2048.75,1
2050.0,0
2050.25,1
2053.0,0
2053.25,1
2053.75,0
2054.0,1
2054.25,0
2054.5,1
2056.25,0
2056.75,1
2057.0,0
2072.75,1
2073.25,0
2073.75,1
2074.25,0
2074.5,1
2075.25,0
2075.5,1
2076.75,0
2077.0,1
2078.0,0
2078.5,1
2080.0,0
2080.5,1
2080.75,0
2081.5,1
2081.75,0
2084.25,1
2084.5,0
2096.0,1
2096.25,0
2096.5,1
2096.75,0
2097.25,1
2097.5,0
2097.75,1
2101.0,0
2101.25,1
2101.75,0
2102.0,1
2102.5,0
2102.75,1
2104.0,0
2104.5,1
2104.75,0
2121.25,1
2122.5,0
2122.75,1
2123.75,0
2124.25,1
2126.5,0
2126.75,1
2127.75,0
2128.0,1
2129.0,0
2129.25,1
2129.5,0
2143.25,1
2143.5,0
2143.75,1
2144.25,0
2144.5,1
2144.75,0
2145.0,1
2146.25,0
2146.5,1
2152.25,0
2152.5,1
2153.5,0
2157.25,1
2157.5,0
2217.5,1
2217.75,0
2218.0,1
2219.75,0
2220.0,1
2221.0,0
2221.25,1
2223.75,0
2224.0,1
2225.25,0
2239.25,1
2240.0,0
2241.0,1
2244.75,0
2245.0,1
2246.25,0
2246.5,1
2247.75,0
2248.0,1
2248.75,0
2249.75,1
2250.0,0
2252.75,1
2253.0,0
2264.5,1
2264.75,0
2265.0,1
2268.0,0
2268.25,1
2269.25,0
2269.5,1
2273.25,0
2276.5,1
2276.75,0
2287.5,1
2287.75,0
2288.5,1
2289.0,0
2289.25,1
2289.5,0
2289.75,1
2290.5,0
2290.75,1
2291.0,0
2291.25,1
2291.5,0
2292.25,1
2293.25,0
2294.0,1
2295.0,0
2295.5,1
2297.0,0
2311.25,1
2311.5,0
2312.5,1
2313.0,0
2313.5,1
2314.0,0
2314.25,1
2315.5,0
2316.0,1
2316.75,0
2317.25,1
2317.5,0
2317.75,1
2320.0,0
2320.25,1
2320.75,0
2321.75,1
2322.0,0
2384.75,1
2386.25,0
2386.5,1
2387.0,0
2387.25,1
2388.0,0
2388.25,1
2389.0,0
2389.25,1
2391.0,0
2391.25,1
2391.75,0
2392.25,1
2392.5,0
2393.0,1
2393.25,0
2407.0,1
2407.25,0
2407.5,1
2407.75,0
2408.0,1
2408.25,0
2408.5,1
2408.75,0
2409.5,1
2413.25,0
2413.5,1
2414.25,0
2414.5,1
2415.75,0
2416.0,1
2416.25,0
2416.5,1
2417.25,0
2430.75,1
2431.0,0
2432.25,1
2432.5,0
2432.75,1
2433.25,0
2433.75,1
2435.5,0
2436.0,1
2438.75,0
2439.5,1
2441.0,0
2454.25,1
2454.5,0
2454.75,1
2455.0,0
2455.75,1
2456.0,0
2457.25,1
2460.25,0
2460.5,1
2460.75,0
2461.0,1
2461.5,0
2461.75,1
2463.75,0
2464.0,1
2464.75,0
2465.75,1
2466.0,0
2469.25,1
2469.75,0
2479.25,1
2480.0,0
2480.75,1
2482.25,0
2482.5,1
2483.0,0
2483.5,1
2484.75,0
2485.0,1
2486.0,0
2486.25,1
2486.75,0
2487.0,1
2488.25,0
2488.5,1
2489.0,0
2550.25,1
2550.5,0
2551.75,1
2552.25,0
2553.25,1
2553.5,0
2553.75,1
2554.0,0
2554.25,1
2557.25,0
2557.5,1
2558.25,0
2558.5,1
2558.75,0
2559.0,1
2559.75,0
2560.0,1
2560.5,0
2560.75,1
2561.0,0
2561.5,1
2562.0,0
2565.75,1
2566.0,0
2575.25,1
2576.5,0
2576.75,1
2577.0,0
2577.75,1
2578.5,0
2578.75,1
2579.0,0
2579.25,1
2580.25,0
2580.5,1
2581.0,0
2582.25,1
2583.25,0
2583.5,1
2585.5,0
2588.5,1
2588.75,0
2598.25,1
2598.5,0
2600.5,1
2600.75,0
2601.5,1
2602.0,0
2602.25,1
2603.0,0
2603.25,1
2604.0,0
2604.25,1
2604.75,0
2605.0,1
2605.25,0
2605.75,1
2606.25,0
2606.5,1
2607.75,0
2608.25,1
2609.0,0
2623.5,1
2623.75,0
2624.5,1
2625.0,0
2625.5,1
2626.25,0
2626.5,1
2627.25,0
2627.5,1
2628.25,0
2628.75,1
2629.25,0
2629.5,1
2631.5,0
2632.75,1
2633.25,0
2633.5,1
2633.75,0
2645.25,1
2645.5,0
2647.0,1
2647.5,0
2647.75,1
2648.0,0
2649.0,1
2651.0,0
2651.25,1
2653.0,0
2653.5,1
2654.75,0
2655.25,1
2655.5,0
2655.75,1
2656.25,0
2656.75,1
2657.0,0
2657.25,1
2657.5,0
2660.75,1
2661.0,0
2718.75,1
2719.0,0
2720.5,1
2720.75,0
2721.0,1
2721.25,0
2721.75,1
2722.25,0
2722.5,1
2724.5,0
2724.75,1
2725.0,0
2725.25,1
2725.75,0
2726.0,1
2726.25,0
2726.5,1
2727.0,0
2727.25,1
2728.5,0
2729.0,1
2729.5,0
2743.5,1
2743.75,0
2744.0,1
2744.5,0
2744.75,1
2745.75,0
2746.0,1
2746.25,0
2746.5,1
2748.25,0
2748.5,1
2750.75,0
2751.0,1
2753.0,0
2757.75,1
2758.0,0
2766.5,1
2766.75,0
2767.5,1
2767.75,0
2769.25,1
2770.0,0
2770.25,1
2771.25,0
2771.75,1
2772.75,0
2773.0,1
2773.5,0
2773.75,1
2776.75,0
2781.75,1
2782.0,0
2790.0,1
2790.25,0
2790.5,1
2790.75,0
2791.25,1
2791.5,0
2792.5,1
2793.0,0
2793.25,1
2797.5,0
2798.0,1
2799.0,0
2799.25,1
2800.5,0
2801.0,1
2801.5,0
2803.75,1
2804.0,0
2806.0,1
2806.25,0
2817.5,1
2821.75,0
2822.0,1
2822.5,0
2822.75,1
2823.25,0
2823.5,1
2824.75,0
2825.5,1
2825.75,0
2888.25,1
2888.5,0
2889.25,1
2890.25,0
2890.5,1
2891.0,0
2891.25,1
2892.75,0
2893.0,1
2894.25,0
2894.75,1
2895.25,0
2895.5,1
2895.75,0
2896.0,1
2896.75,0
2897.5,1
2897.75,0
2902.0,1
2902.25,0
2902.75,1
2903.0,0
2913.75,1
2914.0,0
2914.25,1
2915.75,0
2916.0,1
2916.25,0
2916.5,1
2919.0,0
2919.5,1
2920.25,0
2920.5,1
2920.75,0
2921.0,1
2921.25,0
2935.5,1
2935.75,0
2936.0,1
2936.25,0
2937.0,1
2937.75,0
2938.0,1
2938.5,0
2938.75,1
2939.5,0
2940.0,1
2940.5,0
2940.75,1
2941.0,0
2941.25,1
2942.5,0
2942.75,1
2945.0,0
2958.5,1
2958.75,0
2959.5,1
2960.0,0
2960.75,1
2961.0,0
2961.5,1
2964.0,0
2964.25,1
2965.0,0
2965.25,1
2968.75,0
2974.0,1
2974.25,0
2982.25,1
2982.75,0
2984.75,1
2988.0,0
2988.25,1
2990.25,0
2990.75,1
2992.0,0
2992.25,1
2993.5,0
3054.75,1
3055.0,0
3057.25,1
3057.5,0
3058.0,1
3058.5,0
3059.0,1
3059.5,0
3059.75,1
3060.5,0
3061.0,1
3061.5,0
3061.75,1
3062.0,0
3062.25,1
3063.25,0
3063.5,1
3063.75,0
3064.0,1
3064.75,0
3065.0,1
3065.25,0
3065.75,1
3066.0,0
3068.5,1
3068.75,0
3073.5,1
3073.75,0
3081.0,1
3081.5,0
3081.75,1
3082.0,0
3082.25,1
3082.5,0
3082.75,1
3084.5,0
3084.75,1
3085.25,0
3085.5,1
3086.5,0
3086.75,1
3088.0,0
3088.25,1
3089.25,0
3102.5,1
3102.75,0
3103.5,1
3103.75,0
3104.5,1
3105.75,0
3106.25,1
3108.25,0
3108.5,1
3111.5,0
3112.25,1
3112.75,0
3113.0,1
3113.25,0
3114.0,1
3114.25,0
3128.0,1
3128.5,0
3128.75,1
3130.75,0
3131.0,1
3131.5,0
3131.75,1
3134.0,0
3134.25,1
3135.25,0
3135.5,1
3136.25,0
3136.5,1
3137.0,0
3141.25,1
3141.5,0
3152.25,1
3153.25,0
3153.5,1
3154.5,0
3154.75,1
3155.5,0
3155.75,1
3156.25,0
3156.5,1
3159.25,0
3159.5,1
3160.25,0
3160.5,1
3161.25,0
3165.25,1
3165.5,0
3223.0,1
3223.25,0
3225.0,1
3226.75,0
3227.5,1
3227.75,0
3228.75,1
3229.25,0
3229.75,1
3230.0,0
3230.25,1
3232.75,0
3233.0,1
3233.25,0
3249.5,1
3250.75,0
3251.0,1
3251.5,0
3251.75,1
3252.25,0
3252.5,1
3253.5,0
3253.75,1
3254.0,0
3254.25,1
3254.75,0
3255.0,1
3255.25,0
3255.5,1
3256.25,0
3256.5,1
3257.0,0
3257.25,1
3257.5,0
3260.25,1
3260.5,0
3260.75,1
3261.0,0
3261.25,1
3261.5,0
3261.75,1
3262.0,0
3272.75,1
3273.0,0
3273.25,1
3273.75,0
3274.0,1
3275.25,0
3275.75,1
3277.0,0
3277.25,1
3278.0,0
3278.5,1
3278.75,0
3279.0,1
3279.5,0
3279.75,1
3280.25,0
3280.5,1
3281.25,0
3281.5,1
3281.75,0
3285.75,1
3286.0,0
3294.25,1
3294.5,0
3297.0,1
3297.25,0
3297.5,1
3297.75,0
3298.25,1
3298.5,0
3298.75,1
3300.5,0
3300.75,1
3301.5,0
3302.0,1
3304.75,0
3305.25,1
3305.5,0
3305.75,1
3306.0,0
3309.25,1
3309.5,0
3318.25,1
3318.5,0
3319.25,1
3319.5,0
3320.5,1
3320.75,0
3321.5,1
3322.0,0
3322.5,1
3326.5,0
3326.75,1
3328.75,0
3329.0,1
3329.25,0
3332.0,1
3332.25,0
3390.75,1
3391.0,0
3393.0,1
3393.25,0
3393.75,1
3394.0,0
3394.25,1
3395.0,0
3395.25,1
3395.75,0
3396.0,1
3399.25,0
3399.5,1
3400.0,0
3400.25,1
3400.75,0
3401.25,1
3401.5,0
3414.5,1
3414.75,0
3416.5,1
3417.25,0
3417.5,1
3418.25,0
3418.5,1
3419.0,0
3419.5,1
3420.25,0
3421.25,1
3421.75,0
3422.0,1
3424.5,0
3425.25,1
3425.5,0
3429.0,1
3429.25,0
3440.5,1
3440.75,0
3441.0,1
3441.25,0
3441.5,1
3442.5,0
3442.75,1
3443.5,0
3443.75,1
3445.0,0
3445.25,1
3445.75,0
3446.25,1
3447.0,0
3447.25,1
3448.5,0
3448.75,1
3449.25,0
3452.5,1
3452.75,0
3465.0,1
3465.5,0
3465.75,1
3466.75,0
3467.0,1
3467.75,0
3468.0,1
3469.0,0
3469.25,1
3469.75,0
3470.25,1
3471.75,0
3472.0,1
3472.75,0
3473.25,1
3473.5,0
3486.0,1
3486.25,0
3487.0,1
3487.25,0
3488.5,1
3491.75,0
3492.0,1
3493.5,0
3493.75,1
3494.0,0
3494.25,1
3494.5,0
3495.0,1
3495.5,0
3496.0,1
3496.5,0
3497.0,1
3497.25,0
3558.25,1
3558.5,0
3559.0,1
3559.25,0
3559.75,1
3560.0,0
3560.5,1
3561.0,0
3561.25,1
3561.75,0
3562.0,1
3563.75,0
3564.0,1
3566.5,0
3566.75,1
3567.25,0
3567.75,1
3568.75,0
3569.25,1
3569.5,0
3573.0,1
3573.25,0
3609.5,1
3610.5,0
3610.75,1
3611.5,0
3611.75,1
3612.0,0
3612.25,1
3613.25,0
3613.75,1
3614.25,0
3614.75,1
3616.25,0
3616.5,1
3617.0,0
3617.75,1
3618.0,0
3631.75,1
3632.0,0
3632.25,1
3632.5,0
3632.75,1
3633.25,0
3633.75,1
3634.25,0
3634.5,1
3635.25,0
3635.5,1
3635.75,0
3636.0,1
3638.5,0
3639.0,1
3641.25,0
3644.75,1
3645.0,0
3654.0,1
3654.25,0
3657.25,1
3657.75,0
3658.0,1
3659.0,0
3659.25,1
3659.75,0
3660.25,1
3661.5,0
3661.75,1
3664.25,0
3664.5,1
3665.0,0
3728.5,1
3728.75,0
3729.0,1
3732.5,0
3732.75,1
3733.75,0
3734.0,1
3735.0,0
3735.5,1
3736.25,0
3736.5,1
3737.25,0
3753.25,1
3755.0,0
3755.25,1
3756.5,0
3757.0,1
3757.25,0
3757.5,1
3758.0,0
3758.25,1
3761.0,0
3775.5,1
3775.75,0
3777.5,1
3779.25,0
3779.5,1
3780.75,0
3781.0,1
3781.5,0
3782.0,1
3782.25,0
3782.75,1
3783.5,0
3783.75,1
3784.25,0
3784.5,1
3785.5,0
3798.5,1
3798.75,0
3800.5,1
3800.75,0
3801.0,1
3801.25,0
3801.5,1
3802.0,0
3802.25,1
3804.0,0
3804.25,1
3804.5,0
3804.75,1
3806.0,0
3806.25,1
3807.0,0
3807.25,1
3808.5,0
3809.0,1
3809.25,0
3825.25,1
3826.0,0
3826.25,1
3828.5,0
3828.75,1
3829.5,0
3830.0,1
3830.5,0
3830.75,1
3831.0,0
3831.25,1
3832.25,0
3832.5,1
3833.25,0
3833.5,1
3833.75,0
3838.25,1
3838.5,0
3894.0,1
3894.5,0
3896.25,1
3896.5,0
3897.0,1
3897.25,0
3897.5,1
3897.75,0
3898.0,1
3899.75,0
3900.0,1
3901.5,0
3901.75,1
3902.5,0
3903.25,1
3904.0,0
3904.5,1
3905.25,0
3905.5,1
3905.75,0
3920.75,1
3921.0,0
3921.25,1
3921.5,0
3921.75,1
3923.5,0
3924.25,1
3925.5,0
3925.75,1
3926.25,0
3926.5,1
3926.75,0
3927.0,1
3929.25,0
3929.75,1
3930.0,0
3945.25,1
3945.5,0
3945.75,1
3946.0,0
3946.25,1
3947.5,0
3947.75,1
3949.0,0
3949.25,1
3949.5,0
3950.0,1
3950.5,0
3951.0,1
3952.0,0
3952.5,1
3953.25,0
3957.25,1
3957.5,0
3967.25,1
3967.5,0
3967.75,1
3968.0,0
3969.25,1
3969.75,0
3970.25,1
3970.75,0
3971.0,1
3972.25,0
3972.75,1
3973.5,0
3973.75,1
3974.5,0
3975.0,1
3976.0,0
3976.25,1
3977.0,0
3981.0,1
3981.25,0
3990.25,1
3990.5,0
3991.0,1
3991.25,0
3993.25,1
3993.75,0
3994.0,1
3994.25,0
3994.5,1
3996.5,0
3997.0,1
3997.25,0
3997.5,1
3998.0,0
3998.25,1
3998.5,0
3998.75,1
3999.25,0
3999.5,1
4001.0,0
4001.5,1
4001.75,0
4063.25,1
4063.5,0
4063.75,1
4064.0,0
4064.5,1
4070.25,0
4070.5,1
4072.25,0
4072.5,1
4072.75,0
4073.25,1
4073.5,0
4077.25,1
4077.75,0
4088.5,1
4089.0,0
4089.25,1
4090.25,0
4090.5,1
4091.0,0
4091.25,1
4092.25,0
4092.5,1
4093.75,0
4094.25,1
4095.75,0
4096.0,1
4096.75,0
4097.5,1
4097.75,0
4112.0,1
4112.25,0
4113.0,1
4115.25,0
4115.5,1
4117.0,0
4117.5,1
4117.75,0
4118.0,1
4118.25,0
4118.5,1
4120.5,0
4120.75,1
4121.25,0
4134.25,1
4134.5,0
4135.0,1
4135.25,0
4135.5,1
4136.0,0
4136.75,1
4137.0,0
4137.75,1
4138.25,0
4138.5,1
4138.75,0
4139.0,1
4139.5,0
4139.75,1
4142.5,0
4142.75,1
4144.75,0
4147.5,1
4147.75,0
4149.5,1
4149.75,0
4160.75,1
4161.0,0
4161.25,1
4162.5,0
4163.0,1
4163.5,0
4163.75,1
4164.25,0
4164.5,1
4165.0,0
4165.25,1
4166.5,0
4166.75,1
4167.25,0
4167.75,1
4169.0,0
4172.25,1
4172.5,0
4232.25,1
4232.5,0
4232.75,1
4233.25,0
4233.5,1
4233.75,0
4234.5,1
4235.75,0
4236.0,1
4237.5,0
4237.75,1
4238.25,0
4238.5,1
4238.75,0
4239.0,1
4239.25,0
4239.5,1
4241.0,0
4245.25,1
4245.5,0
4257.0,1
4257.75,0
4258.75,1
4259.0,0
4259.25,1
4259.5,0
4259.75,1
4262.25,0
4262.75,1
4265.0,0
4268.75,1
4269.0,0
4270.75,1
4271.0,0
4278.25,1
4278.5,0
4280.5,1
4280.75,0
4281.0,1
4281.25,0
4281.5,1
4282.25,0
4282.5,1
4282.75,0
4283.0,1
4283.75,0
4284.0,1
4284.25,0
4284.5,1
4285.5,0
4285.75,1
4286.25,0
4286.5,1
4286.75,0
4287.0,1
4288.75,0
4290.0,1
4290.25,0
4293.5,1
4293.75,0
4302.25,1
4302.5,0
4303.0,1
4303.25,0
4305.0,1
4306.5,0
4306.75,1
4309.0,0
4309.25,1
4310.0,0
4310.25,1
4311.0,0
4311.25,1
4312.0,0
4312.25,1
4313.25,0
4327.75,1
4328.0,0
4329.25,1
4329.5,0
4329.75,1
4331.0,0
4331.25,1
4332.5,0
4332.75,1
4333.0,0
4333.5,1
4333.75,0
4334.0,1
4335.5,0
4335.75,1
4336.0,0
4336.25,1
4336.5,0
4337.0,1
4337.25,0
4400.25,1
4400.5,0
4401.0,1
4401.25,0
4401.75,1
4402.0,0
4402.25,1
4403.75,0
4404.0,1
4404.75,0
4405.0,1
4405.25,0
4405.5,1
4406.0,0
4406.25,1
4407.0,0
4407.25,1
4407.5,0
4408.0,1
4408.5,0
4409.0,1
4409.5,0
4413.0,1
4413.25,0
4445.75,1
4446.0,0
4447.25,1
4447.5,0
4447.75,1
4448.0,0
4448.75,1
4449.0,0
4449.25,1
4449.75,0
4450.0,1
4452.0,0
4452.75,1
4455.5,0
4455.75,1
4456.75,0
4457.0,1
4457.25,0
4460.25,1
4460.5,0
4469.5,1
4469.75,0
4472.75,1
4474.5,0
4474.75,1
4475.75,0
4476.25,1
4476.75,0
4477.0,1
4477.5,0
4477.75,1
4478.25,0
4478.5,1
4480.5,0
4480.75,1
4481.0,0
4494.75,1
4495.25,0
4496.25,1
4496.5,0
4497.25,1
4499.25,0
4499.5,1
4501.0,0
4501.25,1
4502.25,0
4502.5,1
4502.75,0
4503.0,1
4503.5,0
4503.75,1
4504.5,0
4504.75,1
4505.0,0
4508.75,1
4509.0,0
4568.5,1
4568.75,0
4569.25,1
4569.5,0
4570.0,1
4572.0,0
4572.25,1
4575.75,0
4576.0,1
4576.5,0
4576.75,1
4577.25,0
4581.5,1
4581.75,0
4592.25,1
4592.5,0
4593.0,1
4593.25,0
4593.5,1
4594.0,0
4594.25,1
4596.0,0
4596.5,1
4597.75,0
4598.0,1
4599.0,0
4599.25,1
4600.25,0
4600.5,1
4601.0,0
4605.25,1
4605.5,0
4617.5,1
4618.0,0
4618.25,1
4619.25,0
4619.5,1
4620.25,0
4621.0,1
4621.5,0
4621.75,1
4624.0,0
4624.5,1
4625.0,0
4625.25,1
4625.5,0
4638.0,1
4638.5,0
4640.0,1
4640.25,0
4640.75,1
4641.0,0
4641.25,1
4641.75,0
4642.0,1
4642.5,0
4643.0,1
4643.75,0
4644.5,1
4645.25,0
4645.5,1
4647.25,0
4647.5,1
4648.25,0
4649.75,1
4650.0,0
4662.0,1
4662.25,0
4664.5,1
4664.75,0
4665.25,1
4665.5,0
4665.75,1
4669.75,0
4670.0,1
4671.5,0
4672.0,1
4673.25,0
4678.0,1
4678.25,0
4736.75,1
4738.0,0
4738.25,1
4740.0,0
4740.25,1
4740.5,0
4740.75,1
4741.0,0
4741.5,1
4741.75,0
4742.5,1
4745.0,0
4761.0,1
4761.25,0
4761.5,1
4761.75,0
4762.5,1
4763.75,0
4764.0,1
4765.25,0
4765.5,1
4766.0,0
4766.75,1
4768.25,0
4768.5,1
4769.25,0
4782.25,1
4782.5,0
4785.25,1
4786.0,0
4786.25,1
4786.75,0
4787.0,1
4788.5,0
4788.75,1
4790.0,0
4790.5,1
4790.75,0
4791.0,1
4792.0,0
4792.25,1
4793.0,0
4797.75,1
4798.0,0
4807.25,1
4807.5,0
4808.5,1
4808.75,0
4809.0,1
4810.25,0
4810.75,1
4811.0,0
4811.25,1
4813.75,0
4814.0,1
4815.5,0
4815.75,1
4816.5,0
4816.75,1
4817.25,0
4829.75,1
4830.0,0
4832.0,1
4832.25,0
4832.5,1
4833.0,0
4833.25,1
4833.75,0
4834.0,1
4834.25,0
4834.5,1
4837.0,0
4837.25,1
4838.0,0
4838.25,1
4838.75,0
4839.25,1
4840.5,0
4840.75,1
4841.0,0
4844.75,1
4845.0,0
4845.25,1
4845.5,0
4902.5,1
4902.75,0
4903.25,1
4903.5,0
4904.0,1
4904.5,0
4905.0,1
4907.25,0
4907.5,1
4908.75,0
4909.0,1
4910.25,0
4911.0,1
4912.25,0
4912.5,1
4913.5,0
4927.0,1
4927.25,0
4928.0,1
4928.25,0
4929.0,1
4935.5,0
4935.75,1
4936.25,0
4936.5,1
4937.25,0
4942.25,1
4942.5,0
4951.0,1
4951.5,0
4951.75,1
4952.0,0
4953.0,1
4956.0,0
4956.25,1
4960.0,0
4960.25,1
4961.25,0
4976.5,1
4976.75,0
4977.25,1
4977.5,0
4977.75,1
4979.75,0
4980.0,1
4981.25,0
4981.5,1
4983.0,0
4983.5,1
4984.5,0
4984.75,1
4985.0,0
4990.0,1
4990.25,0
4999.25,1
4999.5,0
5000.0,1
5000.25,0
5001.25,1
5004.75,0
5005.25,1
5006.25,0
5006.5,1
5006.75,0
5007.0,1
5008.0,0
5008.25,1
5009.25,0
5013.25,1
5013.5,0
5071.25,1
5071.75,0
5073.0,1
5073.75,0
5074.0,1
5074.25,0
5074.5,1
5076.25,0
5076.75,1
5077.5,0
5077.75,1
5079.25,0
5079.5,1
5081.0,0
5081.25,1
5081.5,0
5097.0,1
5100.5,0
5100.75,1
5101.0,0
5101.25,1
5102.75,0
5103.0,1
5104.5,0
5105.0,1
5105.25,0
5105.5,1
5105.75,0
5120.75,1
5122.5,0
5122.75,1
5123.0,0
5123.5,1
5125.0,0
5125.25,1
5125.75,0
5126.5,1
5128.25,0
5128.5,1
5129.0,0
5143.0,1
5143.25,0
5144.75,1
5145.5,0
5145.75,1
5148.0,0
5148.5,1
5149.0,0
5149.25,1
5149.75,0
5150.0,1
5151.25,0
5151.5,1
5152.0,0
5152.25,1
5152.5,0
5152.75,1
5153.25,0
5167.0,1
5167.25,0
5168.0,1
5168.25,0
5169.25,1
5173.0,0
5173.25,1
5174.0,0
5174.25,1
5175.5,0
5175.75,1
5176.0,0
5176.25,1
5176.75,0
5177.25,1
5177.75,0
5180.5,1
5180.75,0
5181.0,1
5181.25,0
5239.0,1
5239.25,0
5239.75,1
5240.0,0
5241.0,1
5242.25,0
5242.5,1
5242.75,0
5243.25,1
5244.5,0
5244.75,1
5245.75,0
5246.0,1
5246.75,0
5247.0,1
5248.25,0
5248.75,1
5249.0,0
5263.5,1
5263.75,0
5264.25,1
5264.5,0
5265.25,1
5267.0,0
5267.25,1
5267.5,0
5268.25,1
5268.5,0
5269.25,1
5269.75,0
5270.0,1
5270.25,0
5270.5,1
5272.25,0
5272.5,1
5273.0,0
5273.5,1
5273.75,0
5277.0,1
5277.5,0
5288.5,1
5289.0,0
5289.25,1
5289.5,0
5289.75,1
5290.0,0
5290.25,1
5290.75,0
5291.0,1
5291.25,0
5291.5,1
5296.25,0
5296.5,1
5297.0,0
5297.25,1
5297.5,0
5313.25,1
5313.5,0
5313.75,1
5316.0,0
5316.25,1
5316.5,0
5316.75,1
5317.0,0
5317.5,1
5317.75,0
5318.0,1
5318.75,0
5319.0,1
5320.5,0
5320.75,1
5321.25,0
5335.0,1
5335.25,0
5335.5,1
5335.75,0
5336.5,1
5336.75,0
5337.75,1
5338.5,0
5338.75,1
5339.25,0
5339.75,1
5340.5,0
5341.0,1
5341.25,0
5341.5,1
5343.0,0
5343.25,1
5345.0,0
5348.25,1
5348.5,0
5406.0,1
5406.25,0
5408.25,1
5408.75,0
5409.5,1
5410.0,0
5410.5,1
5411.25,0
5411.5,1
5412.0,0
5412.25,1
5413.5,0
5413.75,1
5414.5,0
5415.0,1
5416.5,0
5416.75,1
5417.0,0
5417.5,1
5418.0,0
5422.25,1
5422.5,0
5430.25,1
5430.5,0
5432.0,1
5432.25,0
5432.75,1
5433.0,0
5433.75,1
5436.25,0
5436.5,1
5437.75,0
5438.0,1
5438.25,0
5439.0,1
5439.25,0
5439.5,1
5439.75,0
5440.0,1
5440.5,0
5440.75,1
5441.0,0
5441.25,1
5441.75,0
5453.75,1
5454.0,0
5456.0,1
5456.25,0
5457.0,1
5458.0,0
5458.25,1
5459.0,0
5459.25,1
5460.0,0
5460.25,1
5461.5,0
5462.0,1
5462.75,0
5463.25,1
5463.5,0
5464.25,1
5464.5,0
5464.75,1
5465.25,0
5478.5,1
5479.0,0
5480.75,1
5483.5,0
5483.75,1
5485.25,0
5485.5,1
5485.75,0
5486.25,1
5487.75,0
5488.0,1
5489.25,0
5490.25,1
5490.5,0
5502.0,1
5502.25,0
5502.5,1
5502.75,0
5503.25,1
5503.5,0
5504.0,1
5504.5,0
5505.0,1
5507.75,0
5508.0,1
5509.25,0
5509.75,1
5512.25,0
5512.5,1
5512.75,0
5576.5,1
5577.0,0
5577.25,1
5577.75,0
5578.0,1
5580.25,0
5580.5,1
5580.75,0
5581.25,1
5581.75,0
5582.25,1
5582.75,0
5583.25,1
5583.75,0
5584.0,1
5585.25,0
5585.5,1
5585.75,0
5600.0,1
5600.25,0
5600.5,1
5601.5,0
5602.0,1
5603.25,0
5603.5,1
5604.75,0
5605.0,1
5606.25,0
5606.5,1
5608.75,0
5609.0,1
5609.25,0
5623.0,1
5623.5,0
5623.75,1
5624.0,0
5624.75,1
5625.0,0
5625.25,1
5629.25,0
5629.75,1
5630.25,0
5630.5,1
5631.0,0
5631.25,1
5632.75,0
5637.0,1
5637.25,0
5645.75,1
5646.0,0
5646.75,1
5647.0,0
5649.5,1
5651.75,0
5652.0,1
5652.25,0
5652.5,1
5653.5,0
5653.75,1
5654.5,0
5654.75,1
5657.0,0
5657.25,1
5657.5,0
5659.25,1
5659.5,0
5660.5,1
5660.75,0
5672.75,1
5673.25,0
5673.5,1
5673.75,0
5674.5,1
5674.75,0
5675.0,1
5675.5,0
5676.5,1
5679.25,0
5679.75,1
5680.75,0
5741.75,1
5742.0,0
5744.25,1
5744.75,0
5745.0,1
5745.5,0
5745.75,1
5751.0,0
5751.25,1
5751.5,0
5751.75,1
5753.0,0
5753.25,1
5753.5,0
5757.25,1
5757.5,0
5758.25,1
5758.5,0
5768.25,1
5768.5,0
5769.5,1
5770.75,0
5771.0,1
5772.25,0
5772.5,1
5774.0,0
5774.5,1
5775.25,0
5775.5,1
5776.5,0
5779.75,1
5780.0,0
5790.5,1
5790.75,0
5792.5,1
5792.75,0
5793.75,1
5794.0,0
5794.25,1
5796.75,0
5797.0,1
5797.25,0
5797.5,1
5798.0,0
5798.25,1
5798.5,0
5798.75,1
5800.5,0
5800.75,1
5801.0,0
5805.0,1
5805.75,0
5813.5,1
5814.0,0
5816.5,1
5817.5,0
5817.75,1
5821.0,0
5821.25,1
5823.75,0
5824.25,1
5825.5,0
5840.5,1
5840.75,0
5841.25,1
5841.5,0
5841.75,1
5845.0,0
5845.25,1
5847.25,0
5847.5,1
5849.25,0
5851.75,1
5852.0,0
5852.25,1
5852.5,0
5905.0,1
5905.25,0
5910.0,1
5910.25,0
5913.25,1
5914.0,0
5914.25,1
5914.5,0
5914.75,1
5915.75,0
5916.0,1
5916.25,0
5916.5,1
5916.75,0
5917.0,1
5917.75,0
5918.25,1
5918.75,0
5919.0,1
5920.75,0
5921.0,1
5921.25,0
5923.75,1
5924.0,0
5958.5,1
5959.0,0
5961.0,1
5961.5,0
5961.75,1
5963.25,0
5964.0,1
5965.0,0
5965.25,1
5965.75,0
5966.0,1
5967.0,0
5967.25,1
5968.75,0
5969.0,1
5969.25,0
5974.25,1
5974.5,0
5983.5,1
5983.75,0
5985.0,1
5986.0,0
5986.5,1
5987.25,0
5987.5,1
5987.75,0
5988.0,1
5988.75,0
5989.0,1
5989.5,0
5989.75,1
5990.0,0
5990.25,1
5990.75,0
5991.0,1
5991.75,0
5992.25,1
5992.5,0
5992.75,1
5993.25,0
5993.75,1
5994.0,0
5995.75,1
5996.0,0
6009.0,1
6010.25,0
6010.5,1
6010.75,0
6011.0,1
6012.25,0
6012.5,1
6013.25,0
6013.5,1
6013.75,0
6014.25,1
6017.25,0
6020.0,1
6020.25,0
6080.25,1
6080.75,0
6081.0,1
6083.0,0
6083.25,1
6083.5,0
6083.75,1
6084.0,0
6084.25,1
6084.75,0
6085.0,1
6085.75,0
6086.0,1
6087.25,0
6087.5,1
6088.25,0
6088.75,1
6089.5,0
6102.5,1
6102.75,0
6104.0,1
6104.25,0
6104.5,1
6104.75,0
6105.0,1
6105.5,0
6105.75,1
6106.25,0
6106.5,1
6109.75,0
6110.0,1
6111.0,0
6111.5,1
6112.75,0
6126.0,1
6126.25,0
6127.5,1
6128.0,0
6128.5,1
6128.75,0
6129.5,1
6132.75,0
6133.0,1
6133.25,0
6133.5,1
6134.0,0
6134.5,1
6135.5,0
6135.75,1
6137.25,0
6140.25,1
6140.5,0
6151.25,1
6151.5,0
6153.0,1
6155.0,0
6155.25,1
6155.5,0
6155.75,1
6156.0,0
6156.25,1
6157.25,0
6157.5,1
6158.0,0
6158.25,1
6159.25,0
6159.75,1
6160.5,0
6160.75,1
6161.0,0
6174.75,1
6175.0,0
6177.25,1
6177.5,0
6177.75,1
6178.25,0
6178.75,1
6179.75,0
6180.0,1
6181.5,0
6181.75,1
6183.5,0
6183.75,1
6184.0,0
6184.25,1
6185.0,0
6188.75,1
6189.0,0
6247.0,1
6247.25,0
6248.5,1
6248.75,0
6249.0,1
6249.5,0
6249.75,1
6251.5,0
6251.75,1
6252.75,0
6253.0,1
6253.25,0
6253.75,1
6254.0,0
6254.25,1
6257.5,0
6273.0,1
6273.25,0
6273.5,1
6275.0,0
6275.25,1
6275.75,0
6276.75,1
6277.5,0
6277.75,1
6278.25,0
6278.5,1
6281.0,0
6294.25,1
6294.5,0
6296.5,1
6296.75,0
6297.25,1
6298.75,0
6299.75,1
6301.5,0
6301.75,1
6302.0,0
6302.25,1
6302.5,0
6303.0,1
6304.25,0
6304.5,1
6304.75,0
6305.0,1
6305.25,0
6318.75,1
6319.25,0
6321.0,1
6324.75,0
6325.0,1
6326.5,0
6327.0,1
6327.25,0
6327.5,1
6328.25,0
6328.5,1
6329.25,0
6344.0,1
6344.25,0
6344.75,1
6345.0,0
6345.5,1
6346.0,0
6346.25,1
6347.5,0
6347.75,1
6348.25,0
6348.75,1
6349.25,0
6349.5,1
6350.0,0
6350.25,1
6351.0,0
6351.25,1
6352.75,0
6353.0,1
6353.25,0
6356.5,1
6356.75,0
6417.0,1
6418.0,0
6418.25,1
6418.75,0
6419.0,1
6419.25,0
6419.5,1
6420.0,0
6420.25,1
6421.0,0
6421.25,1
6421.75,0
6422.0,1
6423.0,0
6423.5,1
6424.0,0
6424.25,1
6425.0,0
6425.5,1
6425.75,0
6429.25,1
6429.75,0
6438.25,1
6438.5,0
6439.5,1
6439.75,0
6441.0,1
6442.25,0
6442.5,1
6442.75,0
6443.0,1
6444.0,0
6444.25,1
6444.75,0
6445.0,1
6447.0,0
6447.25,1
6447.75,0
6448.0,1
6448.25,0
6448.5,1
6449.0,0
6449.25,1
6449.5,0
6463.5,1
6464.0,0
6464.5,1
6464.75,0
6465.25,1
6466.5,0
6466.75,1
6467.25,0
6467.5,1
6468.0,0
6468.5,1
6468.75,0
6469.0,1
6469.5,0
6470.0,1
6470.5,0
6470.75,1
6471.25,0
6471.5,1
6472.75,0
6473.0,1
6473.25,0
6478.0,1
6478.25,0
6486.75,1
6487.0,0
6487.25,1
6487.5,0
6488.5,1
6489.5,0
6490.25,1
6490.5,0
6491.0,1
6493.25,0
6493.5,1
6496.75,0
6497.0,1
6497.25,0
6497.75,1
6498.0,0
6502.0,1
6502.25,0
6510.25,1
6510.5,0
6511.5,1
6511.75,0
6512.0,1
6512.5,0
6513.25,1
6514.5,0
6514.75,1
6515.5,0
6515.75,1
6516.0,0
6516.25,1
6516.75,0
6517.0,1
6517.5,0
6517.75,1
6520.5,0
6520.75,1
6521.0,0
6524.5,1
6524.75,0
6584.0,1
6584.25,0
6585.25,1
6586.25,0
6586.5,1
6588.5,0
6588.75,1
6589.5,0
6589.75,1
6591.5,0
6591.75,1
6593.5,0
6609.0,1
6609.25,0
6609.5,1
6611.25,0
6611.75,1
6612.0,0
6612.5,1
6612.75,0
6613.0,1
6614.0,0
6614.25,1
6615.5,0
6615.75,1
6617.0,0
6630.5,1
6630.75,0
6633.5,1
6634.25,0
6634.5,1
6637.5,0
6638.0,1
6638.75,0
6639.0,1
6639.25,0
6639.5,1
6639.75,0
6640.0,1
6641.5,0
6642.0,1
6642.25,0
6656.75,1
6657.25,0
6657.5,1
6660.25,0
6661.0,1
6661.25,0
6661.5,1
6661.75,0
6662.0,1
6662.5,0
6662.75,1
6663.75,0
6664.0,1
6665.0,0
6665.25,1
6665.5,0
6668.0,1
6668.25,0
6678.75,1
6679.25,0
6680.25,1
6680.5,0
6681.5,1
6682.0,0
6682.25,1
6682.5,0
6683.0,1
6683.5,0
6683.75,1
6684.0,0
6684.25,1
6685.5,0
6685.75,1
6689.0,0
6689.25,1
6689.5,0
6751.0,1
6751.25,0
6751.5,1
6752.0,0
6752.75,1
6753.0,0
6753.25,1
6754.75,0
6755.0,1
6755.75,0
6756.0,1
6756.5,0
6756.75,1
6757.75,0
6758.0,1
6759.5,0
6759.75,1
6760.25,0
6760.5,1
6760.75,0
6761.0,1
6761.25,0
6800.75,1
6802.25,0
6802.5,1
6803.75,0
6804.0,1
6804.5,0
6804.75,1
6805.5,0
6805.75,1
6806.0,0
6806.25,1
6808.75,0
6809.25,1
6809.5,0
6822.0,1
6822.25,0
6822.75,1
6823.0,0
6823.75,1
6824.0,0
6824.75,1
6825.0,0
6825.25,1
6828.25,0
6828.5,1
6829.0,0
6829.5,1
6830.5,0
6830.75,1
6831.0,0
6831.25,1
6832.5,0
6832.75,1
6833.0,0
6836.25,1
6836.5,0
6848.75,1
6849.0,0
6849.25,1
6849.5,0
6849.75,1
6851.75,0
6852.0,1
6852.5,0
6852.75,1
6853.75,0
6854.0,1
6854.25,0
6854.5,1
6854.75,0
6855.0,1
6856.25,0
6857.25,1
6857.5,0
6861.25,1
6861.5,0
6917.75,1
6918.0,0
6918.25,1
6918.5,0
6921.0,1
6921.25,0
6921.5,1
6923.0,0
6923.5,1
6924.0,0
6924.25,1
6925.0,0
6925.25,1
6925.5,0
6926.0,1
6928.0,0
6928.25,1
6928.5,0
6928.75,1
6929.25,0
6929.75,1
6930.0,0
6943.0,1
6943.25,0
6943.75,1
6944.0,0
6944.5,1
6944.75,0
6945.25,1
6945.75,0
6946.0,1
6946.75,0
6947.0,1
6947.75,0
6948.0,1
6949.25,0
6949.5,1
6950.5,0
6950.75,1
6951.5,0
6951.75,1
6953.25,0
6958.0,1
6958.25,0
6967.75,1
6968.0,0
6969.0,1
6970.0,0
6970.25,1
6971.0,0
6971.25,1
6972.0,0
6972.25,1
6972.5,0
6973.25,1
6973.5,0
6973.75,1
6974.25,0
6975.25,1
6976.5,0
6976.75,1
6977.0,0
6977.25,1
6977.5,0
6992.25,1
6992.5,0
6993.0,1
6993.75,0
6994.0,1
6994.75,0
6995.0,1
6995.5,0
6995.75,1
6997.0,0
6997.25,1
7000.25,0
7000.75,1
7001.0,0
7003.5,1
7003.75,0
7004.0,1
7004.25,0
7014.0,1
7014.25,0
7014.5,1
7014.75,0
7015.75,1
7016.0,0
7016.25,1
7016.5,0
7017.25,1
7017.75,0
7018.0,1
7018.25,0
7018.5,1
7019.5,0
7019.75,1
7020.25,0
7020.5,1
7021.75,0
7022.0,1
7023.25,0
7023.75,1
7024.0,0
7024.25,1
7025.5,0
7028.75,1
7029.0,0
7088.75,1
7089.0,0
7089.25,1
7090.75,0
7091.0,1
7092.25,0
7092.75,1
7093.0,0
7093.25,1
7094.25,0
7094.75,1
7095.0,0
7095.25,1
7095.75,0
7096.0,1
7096.25,0
7096.75,1
7097.5,0
7110.5,1
7110.75,0
7113.25,1
7116.0,0
7116.25,1
7118.25,0
7118.5,1
7118.75,0
7119.0,1
7119.25,0
7119.75,1
7121.5,0
7137.0,1
7138.25,0
7138.5,1
7139.0,0
7139.25,1
7140.5,0
7140.75,1
7141.25,0
7142.25,1
7142.5,0
7142.75,1
7143.25,0
7143.5,1
7143.75,0
7144.0,1
7144.75,0
7145.0,1
7145.25,0
7159.75,1
7160.0,0
7160.5,1
7160.75,0
7161.0,1
7161.25,0
7161.5,1
7162.0,0
7162.25,1
7163.75,0
7164.5,1
7165.0,0
7165.25,1
7165.5,0
7166.0,1
7167.25,0
7167.5,1
7169.75,0
7172.75,1
7173.0,0
7184.75,1
7185.5,0
7185.75,1
7186.75,0
7187.0,1
7189.25,0
7190.0,1
7192.0,0
7192.25,1
7193.5,0
7196.5,1
7196.75,0
7254.75,1
7255.0,0
7255.5,1
7255.75,0
7256.0,1
7256.25,0
7257.0,1
7257.25,0
7257.5,1
7258.25,0
7259.0,1
7259.5,0
7259.75,1
7260.25,0
7260.5,1
7262.25,0
7262.5,1
7264.25,0
7264.75,1
7265.0,0
7265.25,1
7265.75,0
7268.0,1
7268.25,0
7269.5,1
7270.0,0
7279.75,1
7280.0,0
7280.25,1
7280.75,0
7281.0,1
7281.75,0
7282.25,1
7283.0,0
7283.25,1
7284.25,0
7284.5,1
7285.5,0
7285.75,1
7286.25,0
7286.5,1
7287.5,0
7287.75,1
7288.25,0
7288.75,1
7289.25,0
7293.75,1
7294.0,0
7305.5,1
7306.75,0
7307.0,1
7308.0,0
7308.25,1
7309.0,0
7309.25,1
7312.0,0
7312.5,1
7312.75,0
7327.25,1
7327.5,0
7329.0,1
7329.25,0
7329.5,1
7330.0,0
7330.5,1
7334.5,0
7334.75,1
7336.25,0
7336.5,1
7336.75,0
7337.0,1
7337.25,0
7340.75,1
7341.0,0
7342.75,1
7343.0,0
7351.0,1
7351.25,0
7353.5,1
7356.5,0
7356.75,1
7357.25,0
7357.5,1
7360.5,0
7361.25,1
7361.5,0
7364.75,1
7365.0,0
7422.75,1
7423.0,0
7425.0,1
7425.5,0
7425.75,1
7426.5,0
7426.75,1
7428.25,0
7428.5,1
7428.75,0
7429.0,1
7430.25,0
7430.5,1
7431.0,0
7431.25,1
7432.25,0
7432.5,1
7432.75,0
7449.0,1
7450.75,0
7451.25,1
7451.5,0
7451.75,1
7453.5,0
7453.75,1
7454.5,0
7454.75,1
7456.0,0
7456.25,1
7457.25,0
7470.25,1
7470.5,0
7473.25,1
7473.5,0
7474.0,1
7475.25,0
7475.5,1
7478.5,0
7478.75,1
7480.5,0
7480.75,1
7481.25,0
7494.5,1
7494.75,0
7497.0,1
7498.25,0
7498.75,1
7499.25,0
7499.5,1
7502.0,0
7502.25,1
7505.25,0
7508.5,1
7508.75,0
7510.25,1
7510.5,0
7518.0,1
7518.25,0
7518.75,1
7519.0,0
7519.75,1
7520.0,0
7520.5,1
7520.75,0
7521.0,1
7521.25,0
7521.5,1
7521.75,0
7522.0,1
7525.5,0
7526.0,1
7526.5,0
7526.75,1
7528.0,0
7528.5,1
7529.0,0
7529.5,1
7529.75,0
7531.5,1
7531.75,0
7532.5,1
7532.75,0
7533.75,1
7534.0,0
7534.25,1
7534.5,0
7592.5,1
7592.75,0
7593.25,1
7594.0,0
7594.25,1
7595.75,0
7596.5,1
7598.0,0
7598.25,1
7600.75,0
7601.25,1
7601.75,0
7615.75,1
7616.0,0
7616.25,1
7616.75,0
7617.0,1
7620.5,0
7620.75,1
7621.75,0
7622.0,1
7623.0,0
7623.25,1
7624.5,0
7624.75,1
7625.25,0
7641.75,1
7642.75,0
7643.0,1
7643.5,0
7643.75,1
7645.5,0
7646.25,1
7649.0,0
7653.0,1
7653.25,0
7665.25,1
7666.0,0
7666.25,1
7669.0,0
7669.25,1
7670.0,0
7670.25,1
7670.75,0
7671.0,1
7671.75,0
7672.0,1
7672.5,0
7673.0,1
7673.25,0
7676.75,1
7677.0,0
7689.5,1
7690.75,0
7691.0,1
7692.75,0
7693.25,1
7694.75,0
7695.0,1
7695.25,0
7695.5,1
7696.75,0
7697.0,1
7697.5,0
7702.25,1
7702.5,0
7759.0,1
7759.25,0
7761.0,1
7762.5,0
7762.75,1
7764.0,0
7764.5,1
7764.75,0
7765.0,1
7765.5,0
7765.75,1
7766.25,0
7766.5,1
7766.75,0
7767.0,1
7767.5,0
7767.75,1
7768.0,0
7768.5,1
7769.0,0
7772.0,1
7772.25,0
7784.25,1
7784.5,0
7785.25,1
7785.75,0
7786.25,1
7786.75,0
7787.25,1
7787.75,0
7788.0,1
7791.0,0
7791.25,1
7791.5,0
7791.75,1
7793.0,0
7805.75,1
7806.0,0
7808.5,1
7808.75,0
7809.25,1
7810.75,0
7811.0,1
7812.5,0
7812.75,1
7813.75,0
7814.0,1
7814.25,0
7814.5,1
7816.0,0
7816.75,1
7817.0,0
7817.25,1
7817.5,0
7832.25,1
7832.5,0
7833.25,1
7833.75,0
7834.0,1
7835.25,0
7835.5,1
7836.5,0
7837.0,1
7837.5,0
7838.5,1
7840.25,0
7840.5,1
7841.25,0
7926.5,1
7926.75,0
7928.5,1
7929.25,0
7929.5,1
7931.5,0
7932.0,1
7932.25,0
7932.5,1
7934.75,0
7935.0,1
7935.25,0
7935.5,1
7936.75,0
7937.0,1
7937.25,0
7949.75,1
7950.25,0
7951.0,1
7951.25,0
7952.75,1
7953.0,0
7953.25,1
7953.5,0
7953.75,1
7955.0,0
7955.5,1
7957.5,0
7958.75,1
7961.25,0
7974.0,1
7974.25,0
7976.75,1
7979.0,0
7979.25,1
7979.5,0
7979.75,1
7980.25,0
7980.75,1
7982.5,0
7982.75,1
7983.25,0
7983.75,1
7984.5,0
7984.75,1
7985.25,0
8000.75,1
8001.0,0
8001.25,1
8005.25,0
8005.5,1
8006.25,0
8006.5,1
8008.0,0
8008.25,1
8008.75,0
8009.0,1
8009.5,0
8013.5,1
8013.75,0
8025.0,1
8025.25,0
8025.5,1
8028.0,0
8028.25,1
8029.5,0
8029.75,1
8030.5,0
8030.75,1
8031.75,0
8032.0,1
8032.25,0
8032.5,1
8033.25,0
8097.0,1
8097.25,0
8097.5,1
8098.25,0
8098.5,1
8100.5,0
8101.25,1
8102.25,0
8102.5,1
8104.5,0
8104.75,1
8105.25,0
8108.0,1
8108.25,0
8117.75,1
8118.25,0
8118.75,1
8119.0,0
8121.5,1
8122.25,0
8122.5,1
8123.75,0
8124.0,1
8126.0,0
8126.25,1
8126.75,0
8127.0,1
8129.25,0
8129.5,1
8129.75,0
8144.25,1
8144.5,0
8145.25,1
8145.5,0
8145.75,1
8146.5,0
8146.75,1
8148.75,0
8149.0,1
8150.0,0
8150.5,1
8151.0,0
8151.25,1
8151.75,0
8152.0,1
8152.25,0
8152.5,1
8152.75,0
8153.0,1
8153.25,0
8167.25,1
8167.5,0
8168.25,1
8168.5,0
8169.25,1
8169.5,0
8169.75,1
8170.0,0
8170.5,1
8171.0,0
8171.25,1
8172.0,0
8172.25,1
8173.25,0
8173.5,1
8173.75,0
8174.0,1
8176.0,0
8176.25,1
8177.0,0
8177.25,1
8177.5,0
8181.0,1
8181.25,0
8193.0,1
8193.25,0
8193.5,1
8194.25,0
8194.75,1
8195.5,0
8195.75,1
8196.0,0
8196.5,1
8197.75,0
8198.75,1
8199.5,0
8199.75,1
8200.25,0
8200.75,1
8201.25,0
8201.5,1
8201.75,0
8261.0,1
8261.25,0
8262.0,1
8262.25,0
8264.25,1
8269.75,0
8270.0,1
8270.75,0
8271.0,1
8271.75,0
8272.0,1
8272.25,0
8272.5,1
8273.0,0
8275.75,1
8276.0,0
8288.25,1
8288.5,0
8289.5,1
8292.5,0
8292.75,1
8293.5,0
8294.0,1
8295.5,0
8296.25,1
8296.5,0
8296.75,1
8297.25,0
8311.75,1
8312.0,0
8312.75,1
8314.5,0
8314.75,1
8316.25,0
8316.5,1
8317.0,0
8317.5,1
8318.25,0
8318.5,1
8319.0,0
8319.25,1
8321.0,0
8334.5,1
8335.0,0
8335.5,1
8335.75,0
8337.0,1
8341.0,0
8341.25,1
8341.5,0
8342.0,1
8342.75,0
8343.0,1
8343.25,0
8343.5,1
8344.5,0
8344.75,1
8345.25,0
8350.5,1
8350.75,0
8358.75,1
8359.0,0
8360.25,1
8360.5,0
8361.25,1
8361.5,0
8361.75,1
8362.5,0
8362.75,1
8363.0,0
8363.25,1
8363.75,0
8364.0,1
8366.0,0
8366.25,1
8366.75,0
8367.0,1
8369.25,0
8373.25,1
8373.75,0
8433.0,1
8433.25,0
8433.5,1
8434.5,0
8434.75,1
8435.5,0
8435.75,1
8436.25,0
8436.5,1
8437.0,0
8437.25,1
8437.75,0
8438.25,1
8439.0,0
8439.25,1
8439.5,0
8439.75,1
8441.0,0
8457.0,1
8457.25,0
8457.5,1
8458.25,0
8458.5,1
8458.75,0
8459.0,1
8460.25,0
8460.5,1
8461.25,0
8461.5,1
8464.5,0
8464.75,1
8465.25,0
8469.5,1
8469.75,0
8477.75,1
8478.0,0
8480.0,1
8480.5,0
8481.0,1
8481.25,0
8481.75,1
8482.5,0
8482.75,1
8483.5,0
8483.75,1
8484.25,0
8484.5,1
8485.25,0
8485.5,1
8486.5,0
8486.75,1
8487.0,0
8487.25,1
8488.75,0
8503.0,1
8503.25,0
8504.25,1
8504.5,0
8505.5,1
8506.75,0
8507.0,1
8507.75,0
8508.0,1
8510.0,0
8510.25,1
8510.75,0
8511.0,1
8511.75,0
8512.0,1
8513.25,0
8528.0,1
8528.25,0
8528.75,1
8529.0,0
8529.25,1
8531.5,0
8531.75,1
8532.25,0
8532.5,1
8535.25,0
8535.5,1
8536.5,0
8536.75,1
8537.25,0
8624.0,1
8624.25,0
8624.5,1
8625.0,0
8625.5,1
8625.75,0
8626.0,1
8632.0,0
8632.25,1
8633.0,0
8637.5,1
8637.75,0
8647.25,1
8647.5,0
8647.75,1
8648.0,0
8649.0,1
8649.75,0
8650.25,1
8652.5,0
8652.75,1
8653.25,0
8654.25,1
8655.5,0
8655.75,1
8656.0,0
8656.25,1
8656.5,0
8656.75,1
8657.0,0
8661.25,1
8661.5,0
8672.25,1
8672.5,0
8673.25,1
8673.5,0
8673.75,1
8674.5,0
8674.75,1
8676.5,0
8676.75,1
8678.5,0
8678.75,1
8680.0,0
8680.25,1
8680.75,0
8684.5,1
8684.75,0
8694.75,1
8695.0,0
8695.5,1
8695.75,0
8696.5,1
8697.0,0
8697.25,1
8697.5,0
8697.75,1
8698.5,0
8699.0,1
8699.25,0
8699.5,1
8703.25,0
8704.25,1
8705.0,0
8705.5,1
8705.75,0
