#1


float Room-340A (1153,2)
0.0,0
31.0,1
31.5,0
32.5,1
41.75,0
42.0,1
42.25,0
54.25,1
55.0,0
56.25,1
66.0,0
78.5,1
78.75,0
80.5,1
89.5,0
92.75,1
93.0,0
93.75,1
94.0,0
104.75,1
113.75,0
116.25,1
116.5,0
128.5,1
137.75,0
138.0,1
138.25,0
141.25,1
141.5,0
200.0,1
200.25,0
200.5,1
209.25,0
212.25,1
212.5,0
221.75,1
222.0,0
224.75,1
233.75,0
246.75,1
247.0,0
248.5,1
257.5,0
272.0,1
281.0,0
281.5,1
281.75,0
289.25,1
289.5,0
295.0,1
295.25,0
296.25,1
305.75,0
367.75,1
368.5,0
368.75,1
378.0,0
392.75,1
402.25,0
439.75,1
450.25,0
464.5,1
473.75,0
536.5,1
546.5,0
558.5,1
558.75,0
560.25,1
569.5,0
584.5,1
594.0,0
596.0,1
596.25,0
596.75,1
597.0,0
606.5,1
606.75,0
607.0,1
607.25,0
608.25,1
617.75,0
631.25,1
631.5,0
632.5,1
642.0,0
704.25,1
713.75,0
728.0,1
737.5,0
752.75,1
761.75,0
775.25,1
785.5,0
798.5,1
798.75,0
800.25,1
809.25,0
809.5,1
809.75,0
812.5,1
812.75,0
872.75,1
881.25,0
895.75,1
896.0,0
896.5,1
905.5,0
919.5,1
929.5,0
942.75,1
943.0,0
944.5,1
954.0,0
968.5,1
977.5,0
1038.25,1
1038.5,0
1039.75,1
1049.5,0
1063.25,1
1063.5,0
1064.5,1
1073.75,0
1074.0,1
1074.25,0
1077.25,1
1077.5,0
1110.5,1
1110.75,0
1112.0,1
1121.75,0
1122.0,1
1122.25,0
1125.0,1
1125.25,0
1134.0,1
1134.25,0
1136.25,1
1145.75,0
1149.25,1
1149.5,0
1208.25,1
1218.0,0
1230.75,1
1231.0,0
1231.5,1
1241.25,0
1241.5,1
1241.75,0
1245.0,1
1245.25,0
1245.75,1
1246.0,0
1256.5,1
1265.5,0
1269.25,1
1269.5,0
1272.25,1
1272.5,0
1278.25,1
1278.5,0
1280.25,1
1289.25,0
1289.5,1
1289.75,0
1301.25,1
1301.5,0
1304.0,1
1313.75,0
1316.0,1
1316.25,0
1376.5,1
1385.5,0
1388.5,1
1388.75,0
1389.0,1
1389.25,0
1400.0,1
1409.75,0
1422.25,1
1422.5,0
1424.75,1
1433.75,0
1436.75,1
1437.0,0
1447.75,1
1448.0,0
1448.25,1
1457.25,0
1472.25,1
1481.5,0
1541.5,1
1541.75,0
1542.25,1
1542.5,0
1544.25,1
1554.25,0
1556.5,1
1556.75,0
1558.75,1
1559.0,0
1567.25,1
1567.5,0
1567.75,1
1568.0,0
1568.5,1
1577.5,0
1578.0,1
1578.25,0
1581.75,1
1582.0,0
1591.75,1
1592.0,0
1592.5,1
1601.25,0
1616.75,1
1625.25,0
1625.5,1
1625.75,0
1630.0,1
1630.25,0
1637.75,1
1638.0,0
1639.75,1
1640.0,0
1640.5,1
1649.5,0
1712.25,1
1721.5,0
1736.5,1
1745.5,0
1749.0,1
1749.25,0
1760.75,1
1770.0,0
1783.0,1
1783.25,0
1784.25,1
1793.25,0
1793.5,1
1793.75,0
1794.0,1
1794.25,0
1797.25,1
1797.5,0
1807.25,1
1807.5,0
1808.0,1
1817.25,0
1817.5,1
1817.75,0
1880.25,1
1880.5,0
1880.75,1
1890.0,0
1893.0,1
1893.25,0
1894.0,1
1894.25,0
1904.75,1
1913.75,0
1916.25,1
1916.5,0
1917.75,1
1918.0,0
1925.5,1
1925.75,0
1928.5,1
1937.5,0
1950.5,1
1950.75,0
1952.5,1
1961.25,0
1961.5,1
1961.75,0
1964.5,1
1964.75,0
1965.25,1
1965.5,0
1965.75,1
1966.0,0
1976.25,1
1986.0,0
1988.75,1
1989.0,0
2048.25,1
2057.75,0
2061.0,1
2061.25,0
2070.25,1
2070.5,0
2072.5,1
2081.75,0
2095.25,1
2095.5,0
2096.75,1
2105.25,0
2105.5,1
2105.75,0
2107.75,1
2108.0,0
2108.5,1
2108.75,0
2109.0,1
2109.25,0
2120.0,1
2129.5,0
2134.25,1
2134.5,0
2142.0,1
2142.25,0
2144.25,1
2153.0,0
2153.5,1
2154.0,0
2154.75,1
2155.0,0
2157.5,1
2157.75,0
2215.5,1
2215.75,0
2216.5,1
2225.5,0
2225.75,1
2226.0,0
2240.25,1
2249.5,0
2254.0,1
2254.25,0
2262.75,1
2263.0,0
2264.75,1
2273.75,0
2285.75,1
2286.0,0
2286.25,1
2286.5,0
2287.0,1
2287.25,0
2288.0,1
2297.25,0
2302.5,1
2302.75,0
2311.75,1
2322.0,0
2384.75,1
2393.5,0
2408.0,1
2418.0,0
2421.0,1
2421.5,0
2432.5,1
2441.75,0
2456.25,1
2465.75,0
2480.25,1
2489.25,0
2552.5,1
2561.75,0
2573.5,1
2573.75,0
2575.5,1
2575.75,0
2576.0,1
2576.25,0
2576.75,1
2583.25,0
2583.5,1
2586.25,0
2600.5,1
2609.5,0
2621.75,1
2622.0,0
2624.0,1
2633.75,0
2636.0,1
2636.25,0
2647.25,1
2647.5,0
2648.5,1
2658.0,0
2718.5,1
2718.75,0
2719.25,1
2719.5,0
2720.0,1
2730.0,0
2741.75,1
2742.0,0
2744.25,1
2753.5,0
2768.0,1
2777.75,0
2792.25,1
2801.75,0
2816.5,1
2825.25,0
2825.5,1
2825.75,0
2827.5,1
2827.75,0
2829.5,1
2829.75,0
2888.5,1
2897.75,0
2901.75,1
2902.0,0
2912.25,1
2921.75,0
2936.5,1
2945.5,0
2950.25,1
2950.5,0
2959.0,1
2959.25,0
2959.75,1
2969.75,0
2970.0,1
2970.25,0
2970.5,1
2970.75,0
2973.5,1
2973.75,0
2982.25,1
2982.5,0
2984.75,1
2993.5,0
3055.25,1
3055.5,0
3056.75,1
3065.5,0
3069.75,1
3070.0,0
3074.0,1
3074.25,0
3079.75,1
3089.75,0
3090.25,1
3090.5,0
3104.5,1
3113.75,0
3128.5,1
3138.0,0
3152.5,1
3161.75,0
3223.75,1
3233.25,0
3233.5,1
3233.75,0
3247.0,1
3247.25,0
3248.0,1
3257.5,0
3272.5,1
3281.5,0
3295.25,1
3295.5,0
3296.25,1
3305.25,0
3309.0,1
3309.25,0
3317.75,1
3318.0,0
3319.25,1
3319.5,0
3320.75,1
3329.5,0
3391.75,1
3392.0,0
3392.25,1
3401.25,0
3401.5,1
3401.75,0
3404.25,1
3405.0,0
3416.5,1
3425.75,0
3440.75,1
3449.5,0
3464.0,1
3464.5,0
3464.75,1
3473.5,0
3487.0,1
3487.25,0
3488.75,1
3497.5,0
3558.5,1
3558.75,0
3559.75,1
3570.0,0
3572.75,1
3573.0,0
3574.75,1
3575.0,0
3607.25,1
3607.5,0
3608.75,1
3617.75,0
3621.0,1
3621.25,0
3632.25,1
3641.25,0
3641.5,1
3642.0,0
3656.0,1
3666.0,0
3726.25,1
3726.5,0
3728.0,1
3728.5,0
3728.75,1
3737.75,0
3741.5,1
3741.75,0
3752.5,1
3762.25,0
3773.25,1
3773.5,0
3776.5,1
3785.25,0
3789.25,1
3789.5,0
3800.5,1
3809.5,0
3812.75,1
3813.0,0
3824.0,1
3824.5,0
3824.75,1
3833.5,0
3836.25,1
3836.5,0
3837.5,1
3838.0,0
3896.75,1
3905.75,0
3919.5,1
3929.75,0
3944.25,1
3953.75,0
3955.75,1
3956.0,0
3968.75,1
3977.25,0
3977.5,1
3978.25,0
3992.25,1
4001.25,0
4001.75,1
4002.0,0
4064.25,1
4074.25,0
4086.75,1
4087.0,0
4088.25,1
4097.5,0
4102.5,1
4102.75,0
4112.5,1
4121.5,0
4136.25,1
4145.25,0
4145.75,1
4146.0,0
4160.5,1
4170.0,0
4231.75,1
4232.25,0
4233.0,1
4241.5,0
4242.75,1
4243.0,0
4256.5,1
4265.75,0
4269.5,1
4269.75,0
4280.0,1
4290.25,0
4292.75,1
4293.0,0
4304.25,1
4313.5,0
4328.5,1
4337.75,0
4340.25,1
4340.5,0
4400.0,1
4409.5,0
4446.75,1
4447.0,0
4447.5,1
4447.75,0
4448.75,1
4457.25,0
4472.5,1
4481.5,0
4496.75,1
4505.75,0
4508.5,1
4508.75,0
4566.25,1
4566.75,0
4568.5,1
4577.5,0
4592.5,1
4602.0,0
4615.5,1
4615.75,0
4616.25,1
4625.5,0
4639.75,1
4640.0,0
4640.5,1
4649.75,0
4664.25,1
4673.75,0
4734.75,1
4735.0,0
4736.25,1
4745.75,0
4760.5,1
4769.75,0
4773.25,1
4773.5,0
4784.0,1
4793.0,0
4796.5,1
4796.75,0
4805.75,1
4806.0,0
4807.5,1
4817.75,0
4821.25,1
4821.5,0
4832.25,1
4842.0,0
4904.5,1
4914.0,0
4917.0,1
4917.5,0
4928.75,1
4938.0,0
4940.0,1
4940.25,0
4941.25,1
4941.5,0
4952.5,1
4961.25,0
4961.5,1
4961.75,0
4974.25,1
4974.5,0
4976.0,1
4985.75,0
4990.0,1
4990.25,0
5000.5,1
5009.25,0
5009.5,1
5010.0,0
5013.0,1
5013.25,0
5072.0,1
5081.25,0
5085.75,1
5086.0,0
5096.75,1
5105.75,0
5118.25,1
5118.5,0
5120.5,1
5129.75,0
5144.0,1
5153.5,0
5168.5,1
5177.5,0
5238.75,1
5239.0,0
5239.5,1
5240.0,0
5240.25,1
5249.5,0
5251.5,1
5251.75,0
5253.25,1
5253.5,0
5264.5,1
5273.5,0
5288.5,1
5288.75,0
5289.0,1
5297.75,0
5311.0,1
5311.25,0
5312.0,1
5321.75,0
5336.25,1
5345.5,0
5348.75,1
5349.0,0
5408.0,1
5408.75,0
5409.0,1
5417.75,0
5420.5,1
5420.75,0
5430.5,1
5430.75,0
5432.5,1
5441.5,0
5445.75,1
5446.0,0
5455.0,1
5455.25,0
5456.25,1
5466.25,0
5468.0,1
5468.25,0
5468.5,1
5468.75,0
5480.5,1
5490.0,0
5493.25,1
5493.5,0
5502.75,1
5503.0,0
5503.25,1
5503.5,0
5504.0,1
5514.0,0
5517.5,1
5517.75,0
5576.75,1
5585.75,0
5598.5,1
5598.75,0
5600.25,1
5609.5,0
5613.5,1
5613.75,0
5623.75,1
5624.0,0
5624.5,1
5633.5,0
5636.5,1
5636.75,0
5645.75,1
5646.0,0
5647.5,1
5647.75,0
5648.25,1
5657.75,0
5662.0,1
5662.25,0
5662.5,1
5662.75,0
5671.75,1
5682.0,0
5744.75,1
5753.75,0
5768.25,1
5777.5,0
5777.75,1
5778.0,0
5790.75,1
5791.0,0
5792.0,1
5802.25,0
5815.25,1
5815.5,0
5816.5,1
5825.5,0
5825.75,1
5826.0,0
5829.25,1
5829.5,0
5840.5,1
5850.0,0
5853.0,1
5853.25,0
5906.5,1
5906.75,0
5911.5,1
5911.75,0
5912.0,1
5922.0,0
5960.5,1
5960.75,0
5961.0,1
5969.5,0
5969.75,1
5970.0,0
5984.5,1
5994.25,0
5997.5,1
5997.75,0
5998.25,1
5998.5,0
6008.5,1
6017.5,0
6080.0,1
6089.5,0
6103.0,1
6103.25,0
6103.75,1
6113.5,0
6126.0,1
6126.25,0
6127.75,1
6137.75,0
6152.25,1
6162.75,0
6176.5,1
6185.25,0
6188.75,1
6189.0,0
6248.0,1
6257.5,0
6272.0,1
6272.25,0
6272.75,1
6281.75,0
6284.5,1
6284.75,0
6296.5,1
6305.5,0
6320.5,1
6329.75,0
6343.25,1
6343.5,0
6344.75,1
6354.25,0
6356.25,1
6356.5,0
6415.75,1
6425.25,0
6425.5,1
6426.0,0
6438.25,1
6438.5,0
6438.75,1
6439.0,0
6440.5,1
6449.75,0
6451.5,1
6451.75,0
6452.5,1
6452.75,0
6463.5,1
6463.75,0
6464.25,1
6473.5,0
6477.5,1
6477.75,0
6486.25,1
6486.5,0
6488.5,1
6497.75,0
6512.0,1
6521.75,0
6583.5,1
6583.75,0
6584.25,1
6593.75,0
6608.75,1
6617.75,0
6632.25,1
6632.5,0
6632.75,1
6641.75,0
6656.0,1
6665.25,0
6668.5,1
6668.75,0
6669.5,1
6669.75,0
6679.0,1
6679.25,0
6680.25,1
6689.75,0
6751.0,1
6751.25,0
6751.5,1
6751.75,0
6752.25,1
6761.75,0
6800.75,1
6809.75,0
6824.5,1
6833.25,0
6833.5,1
6834.0,0
6836.5,1
6836.75,0
6848.5,1
6857.5,0
6857.75,1
6858.0,0
6919.75,1
6929.75,0
6944.25,1
6953.75,0
6956.0,1
6956.25,0
6968.5,1
6977.0,0
6977.25,1
6978.0,0
6981.5,1
6981.75,0
6990.25,1
6990.5,0
6992.75,1
7001.75,0
7016.75,1
7025.75,0
7086.25,1
7086.5,0
7088.0,1
7088.5,0
7088.75,1
7097.75,0
7110.25,1
7110.5,0
7112.5,1
7121.5,0
7136.75,1
7145.5,0
7149.5,1
7149.75,0
7158.75,1
7159.0,0
7160.25,1
7169.5,0
7184.0,1
7193.5,0
7254.25,1
7254.5,0
7255.75,1
7256.0,0
7256.25,1
7265.5,0
7268.5,1
7268.75,0
7280.5,1
7289.25,0
7289.5,1
7290.0,0
7293.5,1
7293.75,0
7301.5,1
7301.75,0
7304.0,1
7304.25,0
7304.5,1
7314.25,0
7328.0,1
7328.25,0
7328.5,1
7337.5,0
7351.25,1
7351.5,0
7352.5,1
7361.5,0
7366.5,1
7366.75,0
7423.25,1
7423.5,0
7424.25,1
7434.25,0
7445.75,1
7446.0,0
7448.5,1
7457.25,0
7461.75,1
7462.0,0
7472.0,1
7481.25,0
7481.5,1
7481.75,0
7485.0,1
7485.5,0
7494.25,1
7494.5,0
7496.75,1
7505.5,0
7508.5,1
7508.75,0
7520.5,1
7529.75,0
7530.0,1
7530.25,0
7532.5,1
7532.75,0
7533.25,1
7533.5,0
7592.25,1
7602.0,0
7605.75,1
7606.0,0
7614.25,1
7614.5,0
7616.25,1
7625.5,0
7629.5,1
7630.0,0
7636.75,1
7637.0,0
7640.75,1
7649.25,0
7651.5,1
7651.75,0
7653.5,1
7653.75,0
7664.25,1
7673.5,0
7676.5,1
7676.75,0
7677.5,1
7677.75,0
7688.5,1
7697.25,0
7697.75,1
7698.0,0
7759.5,1
7760.0,0
7760.25,1
7769.5,0
7782.0,1
7782.25,0
7784.75,1
7793.25,0
7795.25,1
7795.5,0
7797.25,1
7797.5,0
7808.75,1
7817.5,0
7820.75,1
7821.0,0
7832.25,1
7841.0,0
7841.5,1
7841.75,0
7842.0,1
7842.25,0
7844.25,1
7844.5,0
7929.0,1
7938.0,0
7940.25,1
7940.5,0
7952.5,1
7961.75,0
7973.5,1
7973.75,0
7976.75,1
7985.75,0
7998.0,1
7998.25,0
8000.5,1
8009.5,0
8013.75,1
8014.0,0
8024.5,1
8033.5,0
8036.5,1
8036.75,0
8096.5,1
8105.75,0
8119.0,1
8119.25,0
8120.5,1
8129.25,0
8133.5,1
8133.75,0
8144.25,1
8153.75,0
8154.0,1
8154.5,0
8156.5,1
8156.75,0
8158.0,1
8158.25,0
8168.5,1
8177.25,0
8177.5,1
8177.75,0
8192.25,1
8202.0,0
8204.25,1
8204.5,0
8259.5,1
8259.75,0
8262.25,1
8262.5,0
8263.0,1
8263.25,0
8264.0,1
8273.75,0
8288.25,1
8298.0,0
8310.75,1
8311.0,0
8312.5,1
8321.5,0
8336.0,1
8336.25,0
8336.5,1
8345.0,0
8348.25,1
8348.5,0
8360.5,1
8369.5,0
8369.75,1
8370.0,0
8429.5,1
8429.75,0
8430.75,1
8431.0,0
8432.25,1
8442.0,0
8445.5,1
8445.75,0
8456.0,1
8465.5,0
8480.25,1
8481.0,0
8481.25,1
8489.5,0
8504.5,1
8513.75,0
8527.75,1
8537.75,0
8541.25,1
8541.5,0
8623.0,1
8623.25,0
8624.5,1
8633.75,0
8637.25,1
8637.5,0
8647.25,1
8647.5,0
8648.5,1
8657.75,0
8672.5,1
8682.25,0
8683.75,1
8684.0,0
8696.5,1
8706.0,0
