#1


float Room-111 (1031,2)
0.0,0
58.5,1
61.0,0
81.0,1
82.5,0
83.0,1
84.0,0
86.0,1
87.0,0
88.5,1
89.5,0
112.5,1
113.0,0
135.0,1
136.5,0
206.0,1
206.5,0
229.0,1
231.0,0
231.5,1
233.0,0
254.0,1
255.0,0
273.5,1
274.0,0
274.5,1
277.0,0
277.5,1
278.0,0
279.0,1
280.0,0
368.5,1
370.5,0
396.0,1
398.0,0
444.5,1
446.0,0
447.0,1
449.0,0
467.5,1
469.0,0
536.5,1
537.5,0
538.0,1
538.5,0
541.5,1
544.0,0
544.5,1
545.5,0
560.5,1
562.5,0
563.0,1
564.5,0
565.0,1
566.5,0
567.0,1
568.0,0
585.5,1
586.0,0
588.5,1
589.0,0
591.5,1
593.5,0
610.0,1
611.5,0
613.5,1
614.0,0
632.5,1
634.0,0
635.0,1
636.0,0
639.0,1
639.5,0
640.0,1
641.0,0
707.0,1
707.5,0
709.5,1
710.5,0
729.0,1
730.0,0
732.0,1
735.0,0
751.0,1
751.5,0
752.0,1
753.0,0
755.0,1
756.0,0
756.5,1
758.0,0
758.5,1
759.0,0
782.0,1
783.5,0
799.5,1
801.5,0
804.0,1
806.0,0
807.0,1
808.0,0
874.5,1
875.0,0
877.0,1
880.0,0
880.5,1
881.5,0
896.0,1
897.0,0
898.0,1
898.5,0
900.0,1
901.5,0
902.0,1
905.5,0
920.0,1
920.5,0
921.0,1
921.5,0
945.5,1
946.5,0
968.5,1
970.0,0
973.0,1
973.5,0
1045.5,1
1047.0,0
1047.5,1
1049.0,0
1066.5,1
1068.5,0
1069.0,1
1069.5,0
1070.0,1
1072.0,0
1115.0,1
1117.5,0
1119.0,1
1120.0,0
1139.0,1
1140.0,0
1141.0,1
1144.0,0
1210.5,1
1212.0,0
1235.0,1
1236.5,0
1238.0,1
1239.0,0
1263.5,1
1264.0,0
1281.0,1
1283.5,0
1284.0,1
1285.5,0
1286.0,1
1289.0,0
1304.0,1
1307.0,0
1309.0,1
1310.0,0
1311.0,1
1313.5,0
1402.0,1
1404.0,0
1427.0,1
1427.5,0
1452.5,1
1454.0,0
1454.5,1
1455.5,0
1456.5,1
1457.5,0
1473.5,1
1474.5,0
1475.0,1
1476.5,0
1479.5,1
1481.0,0
1545.0,1
1546.5,0
1547.0,1
1549.0,0
1551.0,1
1553.0,0
1568.5,1
1569.0,0
1575.0,1
1578.0,0
1593.0,1
1596.0,0
1596.5,1
1597.0,0
1598.0,1
1600.5,0
1618.5,1
1619.5,0
1711.0,1
1713.0,0
1714.5,1
1715.5,0
1717.0,1
1718.5,0
1719.0,1
1720.5,0
1739.0,1
1741.0,0
1742.0,1
1743.0,0
1743.5,1
1744.5,0
1785.5,1
1789.0,0
1790.5,1
1792.5,0
1878.5,1
1880.0,0
1880.5,1
1881.5,0
1884.5,1
1885.5,0
1888.5,1
1889.0,0
1906.0,1
1907.0,0
1909.5,1
1911.0,0
1911.5,1
1912.0,0
1912.5,1
1913.5,0
1928.0,1
1928.5,0
1929.5,1
1930.5,0
1936.0,1
1937.0,0
1951.0,1
1953.0,0
1954.0,1
1954.5,0
1956.0,1
1956.5,0
1957.5,1
1958.5,0
1960.0,1
1962.0,0
1976.0,1
1976.5,0
1984.5,1
1985.0,0
2079.0,1
2080.0,0
2100.5,1
2101.5,0
2104.0,1
2105.5,0
2120.0,1
2121.0,0
2144.5,1
2146.0,0
2151.5,1
2152.0,0
2219.0,1
2220.0,0
2220.5,1
2222.0,0
2222.5,1
2223.5,0
2238.5,1
2239.0,0
2241.5,1
2243.0,0
2243.5,1
2244.5,0
2246.0,1
2246.5,0
2266.0,1
2268.5,0
2270.0,1
2271.0,0
2271.5,1
2273.0,0
2288.5,1
2289.5,0
2290.0,1
2291.0,0
2292.5,1
2294.0,0
2294.5,1
2296.0,0
2384.5,1
2386.5,0
2387.5,1
2388.5,0
2389.0,1
2389.5,0
2390.0,1
2393.0,0
2439.0,1
2441.0,0
2457.5,1
2458.5,0
2465.0,1
2465.5,0
2481.5,1
2482.5,0
2555.0,1
2556.5,0
2558.0,1
2559.0,0
2560.0,1
2561.0,0
2579.5,1
2581.0,0
2581.5,1
2582.5,0
2583.0,1
2584.0,0
2584.5,1
2585.5,0
2602.0,1
2603.0,0
2604.5,1
2607.0,0
2624.5,1
2626.5,0
2627.5,1
2628.0,0
2628.5,1
2629.5,0
2630.5,1
2633.5,0
2650.0,1
2654.0,0
2654.5,1
2655.0,0
2724.5,1
2725.5,0
2748.0,1
2749.5,0
2768.0,1
2769.0,0
2770.5,1
2772.0,0
2774.0,1
2775.0,0
2799.5,1
2801.0,0
2816.5,1
2818.0,0
2821.0,1
2821.5,0
2823.5,1
2826.0,0
2892.5,1
2894.5,0
2912.5,1
2914.0,0
2915.0,1
2916.5,0
2919.5,1
2921.5,0
2938.0,1
2939.5,0
2940.0,1
2941.0,0
2942.5,1
2944.5,0
2961.0,1
2962.5,0
2963.0,1
2967.0,0
3104.0,1
3104.5,0
3110.0,1
3111.0,0
3129.0,1
3131.0,0
3155.0,1
3155.5,0
3225.5,1
3228.0,0
3228.5,1
3230.0,0
3232.5,1
3233.5,0
3248.0,1
3248.5,0
3249.0,1
3252.0,0
3254.0,1
3255.0,0
3256.0,1
3257.0,0
3280.5,1
3281.5,0
3303.0,1
3305.0,0
3320.5,1
3322.5,0
3325.0,1
3326.5,0
3327.5,1
3328.5,0
3396.0,1
3397.5,0
3441.0,1
3442.0,0
3442.5,1
3444.5,0
3445.5,1
3447.0,0
3448.5,1
3449.0,0
3464.5,1
3469.0,0
3493.5,1
3494.5,0
3496.0,1
3498.0,0
3561.5,1
3563.5,0
3564.0,1
3566.0,0
3567.0,1
3569.0,0
3613.0,1
3614.0,0
3632.5,1
3636.0,0
3639.5,1
3640.0,0
3661.5,1
3663.5,0
3730.5,1
3732.5,0
3756.0,1
3758.5,0
3760.5,1
3761.5,0
3777.0,1
3778.5,0
3781.0,1
3783.0,0
3783.5,1
3784.0,0
3830.5,1
3832.0,0
3897.5,1
3899.0,0
3899.5,1
3900.0,0
3901.5,1
3902.0,0
3919.0,1
3920.5,0
3924.0,1
3924.5,0
3925.0,1
3926.0,0
3976.0,1
3977.0,0
3997.5,1
3998.0,0
3999.0,1
4000.0,0
4067.0,1
4068.0,0
4089.5,1
4090.0,0
4113.0,1
4113.5,0
4118.5,1
4119.5,0
4136.5,1
4137.5,0
4140.5,1
4142.5,0
4144.0,1
4144.5,0
4162.5,1
4163.5,0
4166.0,1
4166.5,0
4232.5,1
4233.5,0
4235.5,1
4236.5,0
4237.0,1
4237.5,0
4238.5,1
4239.5,0
4240.0,1
4240.5,0
4256.0,1
4260.0,0
4262.5,1
4263.5,0
4281.0,1
4282.0,0
4288.0,1
4289.5,0
4306.0,1
4307.5,0
4308.5,1
4309.0,0
4312.0,1
4313.0,0
4328.5,1
4330.5,0
4331.0,1
4333.0,0
4333.5,1
4334.0,0
4334.5,1
4336.5,0
4401.5,1
4403.0,0
4403.5,1
4405.0,0
4406.0,1
4408.5,0
4450.5,1
4451.0,0
4452.5,1
4453.0,0
4454.0,1
4455.5,0
4501.0,1
4503.0,0
4570.0,1
4571.0,0
4572.0,1
4573.0,0
4576.0,1
4578.0,0
4594.0,1
4596.0,0
4640.5,1
4641.0,0
4641.5,1
4642.0,0
4643.0,1
4643.5,0
4646.5,1
4647.5,0
4648.0,1
4649.5,0
4664.5,1
4665.5,0
4667.0,1
4668.5,0
4669.0,1
4671.0,0
4671.5,1
4672.5,0
4736.0,1
4737.0,0
4738.5,1
4741.5,0
4742.0,1
4745.0,0
4761.0,1
4763.0,0
4764.0,1
4765.5,0
4766.5,1
4767.5,0
4768.5,1
4769.0,0
4784.5,1
4785.5,0
4786.5,1
4787.5,0
4789.5,1
4792.0,0
4806.5,1
4807.0,0
4814.0,1
4815.5,0
4905.0,1
4905.5,0
4907.0,1
4908.5,0
4911.0,1
4911.5,0
4912.0,1
4914.0,0
4954.5,1
4957.5,0
4978.0,1
4978.5,0
4979.5,1
4980.0,0
4982.5,1
4984.0,0
5122.0,1
5124.0,0
5127.5,1
5128.0,0
5129.5,1
5130.0,0
5145.5,1
5147.5,0
5148.5,1
5149.5,0
5152.0,1
5153.0,0
5170.0,1
5170.5,0
5171.0,1
5172.0,0
5172.5,1
5173.5,0
5175.0,1
5175.5,0
5264.5,1
5266.5,0
5267.5,1
5269.5,0
5270.0,1
5271.0,0
5289.5,1
5290.0,0
5291.0,1
5292.0,0
5292.5,1
5294.0,0
5295.0,1
5296.5,0
5313.5,1
5314.0,0
5315.0,1
5317.0,0
5318.0,1
5319.0,0
5319.5,1
5321.0,0
5336.5,1
5337.0,0
5339.0,1
5340.0,0
5343.0,1
5346.0,0
5409.0,1
5410.0,0
5411.5,1
5412.0,0
5415.0,1
5415.5,0
5434.5,1
5435.0,0
5435.5,1
5436.0,0
5436.5,1
5438.0,0
5438.5,1
5439.5,0
5458.0,1
5458.5,0
5462.5,1
5464.0,0
5465.0,1
5465.5,0
5480.5,1
5481.5,0
5484.0,1
5485.5,0
5486.5,1
5488.5,0
5505.5,1
5506.0,0
5506.5,1
5507.0,0
5509.5,1
5512.0,0
5581.5,1
5583.5,0
5602.5,1
5603.5,0
5625.0,1
5625.5,0
5626.0,1
5627.5,0
5629.5,1
5630.5,0
5631.5,1
5633.5,0
5649.5,1
5650.5,0
5655.5,1
5656.5,0
5672.5,1
5674.5,0
5675.5,1
5676.5,0
5677.0,1
5677.5,0
5678.5,1
5679.0,0
5679.5,1
5681.0,0
5770.0,1
5771.0,0
5816.5,1
5817.5,0
5818.0,1
5820.0,0
5822.0,1
5822.5,0
5823.0,1
5824.0,0
5824.5,1
5825.5,0
5840.5,1
5841.0,0
5961.0,1
5962.0,0
5967.0,1
5968.0,0
5968.5,1
5969.5,0
5987.5,1
5988.5,0
5991.5,1
5993.5,0
6010.0,1
6013.5,0
6014.5,1
6015.0,0
6017.0,1
6017.5,0
6105.0,1
6106.0,0
6106.5,1
6107.5,0
6133.0,1
6134.0,0
6136.0,1
6136.5,0
6155.0,1
6157.0,0
6160.5,1
6161.5,0
6249.0,1
6251.0,0
6253.0,1
6256.5,0
6275.0,1
6275.5,0
6297.5,1
6298.0,0
6301.5,1
6302.5,0
6325.5,1
6326.0,0
6345.0,1
6345.5,0
6419.0,1
6419.5,0
6422.0,1
6423.0,0
6440.5,1
6442.5,0
6466.0,1
6466.5,0
6468.0,1
6470.0,0
6470.5,1
6472.5,0
6490.0,1
6491.0,0
6491.5,1
6492.0,0
6496.5,1
6497.5,0
6513.0,1
6514.0,0
6515.5,1
6518.0,0
6519.0,1
6521.5,0
6593.0,1
6593.5,0
6609.5,1
6611.5,0
6612.0,1
6612.5,0
6614.5,1
6616.0,0
6632.5,1
6636.5,0
6637.0,1
6638.0,0
6638.5,1
6640.0,0
6657.5,1
6658.5,0
6660.0,1
6661.5,0
6680.5,1
6681.5,0
6682.0,1
6684.0,0
6685.5,1
6687.5,0
6754.0,1
6755.0,0
6828.0,1
6829.5,0
6847.5,1
6848.0,0
6850.0,1
6851.5,0
6852.5,1
6853.0,0
6855.5,1
6856.5,0
6944.0,1
6948.0,0
6949.5,1
6950.0,0
6968.5,1
6969.0,0
6970.0,1
6971.0,0
6971.5,1
6973.0,0
6976.5,1
6977.0,0
7000.0,1
7001.5,0
7089.0,1
7091.0,0
7091.5,1
7092.5,0
7093.0,1
7096.5,0
7112.5,1
7116.5,0
7118.5,1
7119.5,0
7138.0,1
7139.0,0
7162.0,1
7162.5,0
7164.0,1
7165.0,0
7166.0,1
7167.5,0
7168.0,1
7168.5,0
7186.0,1
7189.5,0
7190.0,1
7191.0,0
7256.0,1
7256.5,0
7257.0,1
7259.0,0
7262.0,1
7263.0,0
7265.0,1
7265.5,0
7280.5,1
7281.5,0
7282.0,1
7284.0,0
7286.0,1
7289.0,0
7352.5,1
7353.0,0
7354.5,1
7356.5,0
7359.0,1
7361.5,0
7424.0,1
7425.5,0
7427.5,1
7428.5,0
7429.0,1
7432.0,0
7433.0,1
7433.5,0
7448.0,1
7449.0,0
7450.5,1
7455.0,0
7455.5,1
7457.5,0
7495.0,1
7496.5,0
7498.0,1
7501.5,0
7590.5,1
7591.0,0
7592.5,1
7594.0,0
7595.0,1
7595.5,0
7620.5,1
7622.0,0
7642.5,1
7643.5,0
7646.0,1
7647.5,0
7648.0,1
7649.0,0
7662.0,1
7663.0,0
7665.0,1
7666.5,0
7667.0,1
7672.0,0
7686.5,1
7688.0,0
7688.5,1
7690.0,0
7691.0,1
7692.0,0
7693.0,1
7694.0,0
7766.5,1
7767.5,0
7786.0,1
7787.5,0
7810.0,1
7811.5,0
7812.5,1
7814.5,0
7815.5,1
7816.0,0
7816.5,1
7817.5,0
7834.0,1
7835.0,0
7836.0,1
7842.0,0
7934.0,1
7935.5,0
7936.0,1
7937.0,0
7953.5,1
7954.0,0
7955.5,1
7956.0,0
7980.5,1
7982.5,0
8003.5,1
8004.0,0
8007.0,1
8008.0,0
8027.5,1
8031.0,0
8095.0,1
8096.5,0
8123.0,1
8124.0,0
8150.5,1
8151.0,0
8151.5,1
8154.0,0
8169.0,1
8170.5,0
8174.0,1
8174.5,0
8177.0,1
8178.0,0
8197.0,1
8198.5,0
8199.0,1
8200.5,0
8313.5,1
8314.0,0
8315.0,1
8317.0,0
8318.5,1
8320.0,0
8337.0,1
8337.5,0
8338.5,1
8340.0,0
8343.0,1
8343.5,0
8344.5,1
8345.5,0
8361.0,1
8363.5,0
8366.5,1
8369.0,0
8433.5,1
8436.5,0
8437.0,1
8439.0,0
8440.5,1
8441.0,0
8456.5,1
8457.5,0
8459.0,1
8462.0,0
8462.5,1
8464.0,0
8481.5,1
8483.5,0
8487.5,1
8488.5,0
8505.5,1
8506.5,0
8507.5,1
8512.5,0
8528.5,1
8529.0,0
8530.0,1
8532.0,0
8632.5,1
8634.0,0
8655.5,1
8657.0,0
8676.5,1
8678.5,0
8679.5,1
8681.0,0
8698.0,1
8699.5,0
8700.5,1
8701.5,0
8703.5,1
8704.0,0
8704.5,1
8705.5,0
