#1


float Room-205 (4313,2)
0.0,0
31.0,1
31.5,0
32.5,1
32.75,0
33.0,1
33.25,0
33.5,1
34.75,0
35.0,1
36.0,0
36.5,1
38.0,0
38.5,1
39.25,0
39.5,1
40.75,0
54.0,1
54.25,0
57.0,1
57.75,0
58.0,1
58.75,0
59.0,1
59.25,0
59.75,1
60.0,0
60.25,1
61.0,0
61.25,1
61.5,0
61.75,1
65.25,0
70.75,1
71.0,0
79.0,1
79.5,0
80.5,1
80.75,0
81.0,1
81.25,0
81.5,1
81.75,0
82.0,1
84.75,0
85.0,1
86.5,0
87.0,1
88.0,0
88.25,1
89.0,0
89.25,1
89.5,0
104.25,1
104.5,0
104.75,1
107.0,0
107.25,1
107.5,0
107.75,1
111.5,0
111.75,1
113.0,0
113.25,1
113.5,0
128.75,1
129.0,0
129.5,1
131.25,0
131.5,1
131.75,0
132.0,1
133.0,0
133.25,1
133.5,0
133.75,1
134.5,0
134.75,1
136.75,0
137.25,1
137.75,0
198.75,1
199.0,0
199.25,1
199.5,0
200.0,1
200.25,0
201.25,1
203.0,0
203.25,1
203.5,0
204.0,1
205.25,0
205.5,1
206.0,0
206.75,1
207.0,0
207.25,1
207.5,0
207.75,1
209.0,0
209.25,1
209.75,0
221.75,1
222.0,0
224.5,1
224.75,0
225.0,1
225.25,0
226.0,1
228.75,0
229.25,1
229.5,0
229.75,1
231.25,0
231.75,1
232.25,0
232.5,1
233.25,0
247.0,1
247.25,0
247.5,1
247.75,0
249.25,1
249.75,0
250.0,1
251.0,0
251.25,1
251.5,0
251.75,1
255.0,0
255.25,1
256.75,0
257.0,1
257.5,0
260.25,1
260.5,0
271.0,1
271.25,0
273.5,1
273.75,0
274.0,1
275.0,0
275.25,1
275.5,0
275.75,1
277.75,0
278.0,1
278.5,0
279.0,1
279.25,0
279.75,1
281.25,0
296.75,1
297.25,0
298.0,1
299.25,0
299.5,1
300.25,0
300.5,1
301.75,0
302.0,1
303.5,0
303.75,1
304.0,0
304.25,1
305.25,0
308.5,1
308.75,0
366.75,1
367.0,0
368.75,1
369.75,0
370.0,1
370.75,0
371.0,1
373.5,0
373.75,1
374.0,0
374.25,1
374.5,0
375.0,1
375.25,0
375.5,1
376.0,0
376.25,1
377.0,0
390.75,1
391.0,0
392.75,1
393.0,0
393.25,1
394.0,0
394.25,1
396.5,0
396.75,1
397.0,0
397.25,1
397.75,0
398.0,1
398.75,0
399.0,1
400.5,0
400.75,1
401.25,0
439.5,1
439.75,0
440.25,1
440.5,0
441.0,1
441.5,0
441.75,1
444.0,0
444.25,1
445.0,0
445.25,1
445.5,0
446.0,1
446.5,0
446.75,1
447.5,0
447.75,1
449.0,0
463.0,1
463.25,0
464.75,1
468.0,0
468.25,1
471.0,0
471.5,1
472.0,0
472.25,1
472.75,0
473.0,1
473.25,0
534.75,1
535.0,0
535.25,1
535.75,0
537.25,1
540.75,0
541.0,1
541.5,0
541.75,1
543.0,0
543.25,1
543.75,0
544.0,1
545.25,0
557.5,1
557.75,0
558.0,1
558.25,0
560.75,1
561.0,0
561.75,1
562.0,0
562.25,1
563.5,0
563.75,1
564.25,0
564.5,1
564.75,0
565.25,1
566.25,0
566.75,1
567.5,0
567.75,1
568.5,0
568.75,1
569.25,0
573.75,1
574.0,0
584.75,1
585.0,0
585.25,1
586.0,0
586.25,1
587.0,0
587.25,1
588.0,0
588.25,1
588.5,0
588.75,1
591.75,0
592.0,1
592.75,0
593.0,1
593.25,0
609.25,1
610.0,0
610.25,1
611.75,0
612.0,1
615.25,0
615.5,1
616.25,0
616.5,1
617.5,0
630.5,1
631.25,0
633.25,1
634.5,0
634.75,1
635.25,0
635.5,1
635.75,0
636.0,1
636.25,0
637.0,1
639.0,0
639.5,1
641.0,0
642.0,1
642.25,0
644.0,1
644.25,0
704.75,1
705.25,0
705.5,1
707.25,0
707.5,1
708.25,0
708.5,1
709.25,0
709.5,1
710.25,0
710.5,1
712.25,0
712.5,1
713.0,0
727.75,1
728.0,0
728.5,1
728.75,0
729.0,1
731.75,0
732.0,1
732.75,0
733.0,1
734.75,0
735.0,1
736.25,0
736.75,1
737.5,0
750.5,1
750.75,0
751.0,1
751.5,0
752.75,1
753.0,0
753.5,1
755.25,0
755.5,1
756.25,0
756.5,1
757.5,0
757.75,1
758.0,0
758.25,1
759.5,0
759.75,1
761.0,0
761.75,1
762.0,0
776.25,1
776.5,0
776.75,1
777.0,0
777.25,1
779.75,0
780.0,1
781.0,0
781.5,1
782.0,0
782.25,1
782.75,0
783.5,1
783.75,0
784.0,1
784.75,0
785.0,1
785.25,0
788.0,1
788.25,0
788.5,1
788.75,0
800.75,1
801.0,0
801.5,1
802.5,0
802.75,1
804.0,0
804.25,1
805.5,0
805.75,1
806.0,0
806.25,1
806.5,0
806.75,1
807.5,0
808.0,1
809.0,0
809.25,1
809.75,0
812.25,1
812.5,0
813.25,1
813.5,0
873.25,1
873.5,0
873.75,1
874.75,0
875.0,1
876.0,0
876.25,1
876.75,0
877.0,1
879.5,0
879.75,1
880.5,0
880.75,1
881.0,0
881.5,1
881.75,0
884.5,1
884.75,0
885.5,1
885.75,0
886.25,1
886.5,0
894.5,1
894.75,0
897.0,1
897.75,0
898.0,1
901.5,0
902.0,1
903.25,0
903.5,1
903.75,0
904.0,1
905.0,0
908.25,1
908.5,0
919.5,1
920.0,0
921.0,1
923.5,0
924.0,1
924.5,0
924.75,1
925.25,0
925.75,1
926.0,0
926.25,1
927.5,0
928.0,1
929.0,0
929.5,1
929.75,0
945.25,1
945.5,0
946.25,1
947.5,0
947.75,1
949.0,0
949.25,1
950.0,0
950.25,1
951.0,0
951.25,1
951.5,0
951.75,1
953.25,0
953.75,1
954.0,0
957.25,1
957.5,0
966.25,1
966.75,0
968.75,1
969.0,0
969.25,1
971.5,0
971.75,1
973.5,0
973.75,1
975.25,0
976.0,1
976.75,0
1040.25,1
1040.75,0
1041.25,1
1042.25,0
1043.0,1
1043.5,0
1043.75,1
1044.25,0
1044.5,1
1045.75,0
1046.0,1
1047.75,0
1048.0,1
1048.25,0
1048.75,1
1049.25,0
1049.5,1
1049.75,0
1062.25,1
1062.5,0
1065.25,1
1066.0,0
1066.25,1
1067.0,0
1067.25,1
1069.0,0
1069.25,1
1070.5,0
1070.75,1
1071.5,0
1071.75,1
1073.5,0
1077.75,1
1078.0,0
1110.5,1
1110.75,0
1111.0,1
1111.25,0
1112.75,1
1114.25,0
1114.5,1
1115.5,0
1115.75,1
1116.0,0
1117.0,1
1117.5,0
1117.75,1
1118.25,0
1118.5,1
1119.0,0
1119.25,1
1120.5,0
1121.0,1
1121.5,0
1126.5,1
1126.75,0
1135.0,1
1135.25,0
1137.25,1
1138.0,0
1138.25,1
1138.5,0
1138.75,1
1141.0,0
1142.5,1
1144.0,0
1144.25,1
1145.0,0
1145.25,1
1145.5,0
1149.5,1
1149.75,0
1208.25,1
1208.5,0
1209.5,1
1212.25,0
1212.75,1
1214.25,0
1214.5,1
1216.0,0
1216.25,1
1217.25,0
1231.5,1
1231.75,0
1232.25,1
1232.5,0
1232.75,1
1233.0,0
1233.25,1
1234.0,0
1234.25,1
1236.75,0
1237.25,1
1239.25,0
1239.5,1
1239.75,0
1240.0,1
1240.25,0
1240.75,1
1241.5,0
1255.25,1
1256.0,0
1256.5,1
1257.0,0
1257.25,1
1257.5,0
1257.75,1
1258.0,0
1258.25,1
1258.5,0
1258.75,1
1260.75,0
1261.0,1
1261.75,0
1262.0,1
1262.5,0
1262.75,1
1263.75,0
1264.0,1
1265.25,0
1279.25,1
1280.0,0
1281.25,1
1282.0,0
1282.25,1
1283.5,0
1283.75,1
1284.25,0
1284.5,1
1285.25,0
1285.75,1
1286.25,0
1286.5,1
1288.5,0
1289.0,1
1289.25,0
1293.75,1
1294.25,0
1302.25,1
1302.5,0
1303.0,1
1303.25,0
1305.0,1
1305.25,0
1305.5,1
1309.5,0
1309.75,1
1310.0,0
1310.25,1
1310.75,0
1311.0,1
1312.5,0
1312.75,1
1313.0,0
1313.25,1
1313.5,0
1375.0,1
1375.25,0
1377.0,1
1377.5,0
1377.75,1
1378.0,0
1378.25,1
1379.75,0
1380.25,1
1380.5,0
1380.75,1
1381.0,0
1381.75,1
1382.5,0
1382.75,1
1383.0,0
1383.25,1
1384.0,0
1384.5,1
1385.25,0
1398.75,1
1399.0,0
1400.25,1
1400.5,0
1400.75,1
1401.0,0
1401.25,1
1401.5,0
1401.75,1
1402.5,0
1402.75,1
1404.25,0
1404.5,1
1405.25,0
1405.5,1
1406.0,0
1406.25,1
1408.25,0
1408.5,1
1409.0,0
1422.5,1
1422.75,0
1423.75,1
1424.0,0
1424.75,1
1426.0,0
1426.25,1
1427.25,0
1427.5,1
1430.5,0
1430.75,1
1431.25,0
1431.5,1
1432.0,0
1432.5,1
1433.0,0
1446.0,1
1446.25,0
1449.5,1
1450.0,0
1450.25,1
1453.25,0
1453.5,1
1455.25,0
1455.5,1
1456.5,0
1456.75,1
1457.0,0
1470.75,1
1471.0,0
1473.5,1
1474.5,0
1475.0,1
1475.75,0
1476.0,1
1477.5,0
1477.75,1
1478.0,0
1478.5,1
1479.75,0
1480.25,1
1480.5,0
1481.5,1
1481.75,0
1485.0,1
1485.25,0
1541.75,1
1542.0,0
1543.75,1
1544.0,0
1544.5,1
1545.25,0
1545.5,1
1546.0,0
1546.25,1
1547.5,0
1547.75,1
1549.5,0
1549.75,1
1550.0,0
1550.25,1
1550.5,0
1550.75,1
1551.25,0
1551.5,1
1553.25,0
1566.25,1
1566.5,0
1567.0,1
1567.25,0
1567.75,1
1568.25,0
1568.75,1
1569.0,0
1569.5,1
1570.25,0
1570.5,1
1571.5,0
1571.75,1
1572.5,0
1573.0,1
1573.75,0
1574.0,1
1577.5,0
1591.0,1
1591.25,0
1593.25,1
1594.5,0
1594.75,1
1595.75,0
1596.0,1
1596.5,0
1596.75,1
1597.5,0
1598.25,1
1599.0,0
1599.25,1
1600.0,0
1600.25,1
1600.5,0
1601.25,1
1601.5,0
1604.5,1
1604.75,0
1615.0,1
1615.5,0
1617.0,1
1617.75,0
1618.0,1
1619.0,0
1619.25,1
1620.25,0
1620.75,1
1621.0,0
1621.25,1
1621.5,0
1622.0,1
1622.25,0
1622.5,1
1623.25,0
1623.5,1
1624.25,0
1624.5,1
1625.25,0
1628.75,1
1629.0,0
1629.5,1
1629.75,0
1638.0,1
1638.25,0
1638.5,1
1638.75,0
1639.0,1
1639.25,0
1641.25,1
1641.5,0
1641.75,1
1642.25,0
1642.5,1
1644.25,0
1644.5,1
1645.5,0
1645.75,1
1647.0,0
1647.25,1
1647.5,0
1648.0,1
1648.75,0
1649.0,1
1649.25,0
1712.75,1
1713.0,0
1713.75,1
1715.5,0
1715.75,1
1717.25,0
1717.75,1
1718.25,0
1718.5,1
1718.75,0
1719.0,1
1719.5,0
1719.75,1
1720.25,0
1720.5,1
1721.25,0
1734.5,1
1735.0,0
1736.75,1
1739.5,0
1739.75,1
1740.25,0
1740.5,1
1742.25,0
1742.5,1
1742.75,0
1743.0,1
1744.25,0
1744.5,1
1744.75,0
1745.0,1
1745.25,0
1747.5,1
1747.75,0
1749.0,1
1749.25,0
1760.0,1
1760.25,0
1761.0,1
1761.25,0
1761.5,1
1761.75,0
1762.25,1
1762.75,0
1763.0,1
1763.5,0
1763.75,1
1765.5,0
1766.0,1
1766.75,0
1767.0,1
1769.25,0
1769.5,1
1769.75,0
1782.5,1
1783.0,0
1785.5,1
1786.0,0
1786.25,1
1787.5,0
1788.0,1
1790.0,0
1790.25,1
1791.0,0
1791.5,1
1791.75,0
1792.0,1
1792.5,0
1793.0,1
1793.5,0
1797.75,1
1798.0,0
1806.0,1
1806.25,0
1806.5,1
1806.75,0
1808.75,1
1810.5,0
1810.75,1
1812.25,0
1812.5,1
1813.0,0
1813.5,1
1817.75,0
1880.75,1
1881.5,0
1882.5,1
1883.5,0
1883.75,1
1885.0,0
1885.25,1
1888.75,0
1889.75,1
1890.0,0
1902.5,1
1902.75,0
1905.25,1
1907.25,0
1907.5,1
1907.75,0
1908.0,1
1908.25,0
1908.5,1
1909.25,0
1909.5,1
1910.0,0
1910.25,1
1912.5,0
1913.0,1
1913.25,0
1913.5,1
1914.0,0
1929.25,1
1930.0,0
1930.25,1
1931.0,0
1931.25,1
1932.0,0
1932.25,1
1932.5,0
1932.75,1
1933.25,0
1933.5,1
1933.75,0
1934.0,1
1935.0,0
1935.25,1
1937.25,0
1937.5,1
1937.75,0
1950.0,1
1950.25,0
1950.75,1
1951.0,0
1953.0,1
1953.25,0
1953.5,1
1954.75,0
1955.0,1
1957.0,0
1957.25,1
1957.75,0
1958.0,1
1958.25,0
1958.5,1
1959.25,0
1959.5,1
1961.0,0
1965.25,1
1965.5,0
1974.5,1
1974.75,0
1976.5,1
1977.25,0
1977.75,1
1978.5,0
1978.75,1
1979.25,0
1979.5,1
1983.0,0
1983.25,1
1984.75,0
1985.0,1
1985.25,0
1989.5,1
1989.75,0
2049.0,1
2049.75,0
2050.0,1
2050.25,0
2050.5,1
2052.5,0
2053.5,1
2054.5,0
2054.75,1
2055.25,0
2055.5,1
2055.75,0
2056.0,1
2057.0,0
2060.75,1
2061.0,0
2072.0,1
2072.25,0
2073.0,1
2073.5,0
2073.75,1
2076.75,0
2077.0,1
2077.75,0
2078.25,1
2078.75,0
2079.0,1
2080.0,0
2080.5,1
2081.0,0
2081.25,1
2081.75,0
2097.0,1
2099.5,0
2099.75,1
2100.25,0
2100.5,1
2104.25,0
2104.75,1
2105.25,0
2118.25,1
2118.5,0
2119.0,1
2119.25,0
2119.75,1
2120.0,0
2120.75,1
2121.0,0
2121.25,1
2121.75,0
2122.0,1
2123.25,0
2123.5,1
2123.75,0
2124.25,1
2127.75,0
2128.0,1
2128.75,0
2143.25,1
2143.5,0
2144.75,1
2145.0,0
2145.25,1
2146.5,0
2146.75,1
2148.75,0
2149.0,1
2149.5,0
2149.75,1
2150.25,0
2150.75,1
2153.0,0
2213.75,1
2214.0,0
2215.0,1
2215.25,0
2216.75,1
2220.75,0
2221.25,1
2222.75,0
2223.0,1
2223.25,0
2223.5,1
2225.25,0
2227.0,1
2227.25,0
2227.5,1
2227.75,0
2228.5,1
2228.75,0
2238.5,1
2238.75,0
2239.75,1
2240.0,0
2241.0,1
2241.25,0
2241.5,1
2242.25,0
2242.5,1
2244.5,0
2245.0,1
2245.25,0
2245.5,1
2247.0,0
2247.25,1
2249.0,0
2251.5,1
2251.75,0
2265.25,1
2265.5,0
2265.75,1
2266.25,0
2266.5,1
2268.25,0
2268.5,1
2269.5,0
2269.75,1
2270.75,0
2271.0,1
2272.0,0
2272.25,1
2272.5,0
2273.25,1
2273.5,0
2276.0,1
2276.25,0
2288.0,1
2288.25,0
2289.0,1
2289.25,0
2289.5,1
2290.0,0
2290.25,1
2290.75,0
2291.0,1
2295.25,0
2295.5,1
2297.0,0
2299.75,1
2300.0,0
2311.0,1
2311.25,0
2311.5,1
2312.0,0
2312.25,1
2312.5,0
2312.75,1
2314.25,0
2314.5,1
2317.25,0
2318.0,1
2318.75,0
2319.0,1
2321.25,0
2384.25,1
2384.5,0
2385.75,1
2386.25,0
2386.5,1
2386.75,0
2387.0,1
2388.25,0
2388.5,1
2389.5,0
2389.75,1
2390.25,0
2390.5,1
2391.5,0
2391.75,1
2392.0,0
2392.25,1
2393.0,0
2407.25,1
2407.5,0
2408.5,1
2409.0,0
2409.25,1
2410.25,0
2410.5,1
2413.0,0
2413.25,1
2413.75,0
2414.0,1
2414.5,0
2414.75,1
2416.25,0
2416.75,1
2417.0,0
2417.25,1
2417.5,0
2431.0,1
2431.25,0
2431.75,1
2432.0,0
2432.25,1
2432.5,0
2432.75,1
2433.0,0
2433.5,1
2434.0,0
2434.25,1
2436.25,0
2436.75,1
2437.0,0
2437.25,1
2438.0,0
2438.5,1
2440.0,0
2440.25,1
2440.5,0
2455.0,1
2455.25,0
2456.75,1
2457.75,0
2458.0,1
2459.75,0
2460.0,1
2460.75,0
2461.0,1
2461.25,0
2461.5,1
2465.0,0
2470.0,1
2470.25,0
2479.25,1
2479.5,0
2480.0,1
2480.25,0
2481.0,1
2482.25,0
2482.5,1
2483.5,0
2483.75,1
2484.25,0
2484.5,1
2485.5,0
2486.25,1
2488.0,0
2488.25,1
2488.75,0
2550.5,1
2550.75,0
2552.5,1
2553.75,0
2554.25,1
2555.25,0
2555.5,1
2556.25,0
2556.5,1
2557.75,0
2558.25,1
2558.5,0
2558.75,1
2559.5,0
2559.75,1
2560.5,0
2560.75,1
2561.0,0
2575.0,1
2575.25,0
2576.5,1
2576.75,0
2577.0,1
2580.0,0
2580.25,1
2581.75,0
2582.0,1
2583.25,0
2583.5,1
2583.75,0
2584.0,1
2585.0,0
2585.25,1
2585.5,0
2588.75,1
2589.0,0
2598.5,1
2598.75,0
2599.0,1
2599.25,0
2601.25,1
2601.5,0
2601.75,1
2602.0,0
2602.25,1
2603.0,0
2603.25,1
2605.5,0
2605.75,1
2607.0,0
2607.25,1
2607.75,0
2608.0,1
2609.5,0
2622.75,1
2623.0,0
2624.0,1
2624.5,0
2625.5,1
2627.5,0
2627.75,1
2628.0,0
2628.5,1
2628.75,0
2629.0,1
2629.5,0
2629.75,1
2630.0,0
2630.25,1
2631.5,0
2631.75,1
2633.0,0
2647.5,1
2648.0,0
2648.25,1
2649.5,0
2650.0,1
2650.75,0
2651.0,1
2652.0,0
2652.25,1
2652.5,0
2652.75,1
2653.5,0
2654.0,1
2656.5,0
2657.25,1
2657.5,0
2657.75,1
2658.0,0
2719.0,1
2719.25,0
2721.5,1
2722.25,0
2722.5,1
2722.75,0
2723.0,1
2724.25,0
2724.5,1
2725.0,0
2725.25,1
2725.5,0
2725.75,1
2726.0,0
2726.25,1
2727.25,0
2727.5,1
2728.5,0
2729.0,1
2729.5,0
2732.25,1
2732.5,0
2743.5,1
2744.25,0
2744.75,1
2745.0,0
2745.25,1
2747.75,0
2748.0,1
2749.0,0
2749.25,1
2750.0,0
2750.25,1
2750.5,0
2750.75,1
2751.0,0
2751.25,1
2752.0,0
2752.25,1
2752.75,0
2757.5,1
2757.75,0
2758.0,1
2758.25,0
2767.75,1
2768.0,0
2769.0,1
2770.0,0
2770.5,1
2772.25,0
2772.5,1
2773.5,0
2774.0,1
2775.25,0
2775.5,1
2776.75,0
2793.25,1
2795.0,0
2795.25,1
2796.25,0
2796.5,1
2797.5,0
2797.75,1
2800.0,0
2800.5,1
2800.75,0
2801.0,1
2801.5,0
2816.25,1
2816.75,0
2817.0,1
2818.0,0
2818.25,1
2819.75,0
2820.0,1
2821.0,0
2821.5,1
2823.75,0
2824.25,1
2825.25,0
2829.25,1
2829.5,0
2886.5,1
2886.75,0
2888.0,1
2888.25,0
2888.75,1
2889.0,0
2889.5,1
2891.5,0
2891.75,1
2892.75,0
2893.25,1
2893.5,0
2893.75,1
2894.25,0
2894.75,1
2895.25,0
2895.75,1
2896.0,0
2896.25,1
2896.5,0
2896.75,1
2897.0,0
2910.5,1
2910.75,0
2911.5,1
2912.0,0
2912.5,1
2913.0,0
2913.75,1
2915.5,0
2915.75,1
2916.5,0
2916.75,1
2917.0,0
2917.5,1
2917.75,0
2918.0,1
2919.25,0
2919.5,1
2920.5,0
2936.25,1
2936.5,0
2937.0,1
2939.25,0
2939.5,1
2939.75,0
2940.0,1
2940.25,0
2940.5,1
2940.75,0
2941.0,1
2941.75,0
2942.0,1
2942.5,0
2942.75,1
2943.5,0
2943.75,1
2944.25,0
2944.5,1
2945.0,0
2958.25,1
2958.5,0
2959.75,1
2960.0,0
2960.5,1
2960.75,0
2961.0,1
2962.0,0
2962.25,1
2962.5,0
2962.75,1
2964.0,0
2964.25,1
2964.5,0
2964.75,1
2965.25,0
2965.5,1
2966.0,0
2966.25,1
2966.75,0
2967.0,1
2967.5,0
2967.75,1
2968.25,0
2968.75,1
2969.0,0
2969.25,1
2969.5,0
2972.75,1
2973.0,0
2973.25,1
2973.5,0
2983.0,1
2983.25,0
2985.25,1
2985.5,0
2986.0,1
2989.25,0
2990.0,1
2993.25,0
3055.25,1
3055.5,0
3056.75,1
3057.0,0
3057.25,1
3057.5,0
3057.75,1
3058.25,0
3059.0,1
3059.5,0
3059.75,1
3065.0,0
3068.25,1
3068.5,0
3072.5,1
3072.75,0
3080.25,1
3080.5,0
3081.0,1
3084.25,0
3084.75,1
3086.0,0
3086.25,1
3087.5,0
3088.0,1
3088.75,0
3089.0,1
3089.25,0
3102.75,1
3103.0,0
3104.5,1
3105.0,0
3105.25,1
3105.5,0
3105.75,1
3106.75,0
3107.0,1
3107.75,0
3108.0,1
3108.5,0
3108.75,1
3109.0,0
3109.25,1
3110.5,0
3110.75,1
3112.5,0
3112.75,1
3113.25,0
3118.25,1
3118.5,0
3127.75,1
3128.0,0
3128.75,1
3131.0,0
3131.25,1
3133.5,0
3133.75,1
3136.0,0
3136.25,1
3136.75,0
3141.0,1
3141.5,0
3150.5,1
3150.75,0
3152.75,1
3157.5,0
3157.75,1
3160.5,0
3160.75,1
3161.0,0
3164.75,1
3165.0,0
3222.25,1
3222.5,0
3224.75,1
3225.0,0
3225.5,1
3226.5,0
3226.75,1
3228.5,0
3228.75,1
3229.5,0
3229.75,1
3230.25,0
3230.75,1
3231.5,0
3231.75,1
3232.75,0
3236.5,1
3236.75,0
3237.25,1
3237.5,0
3249.25,1
3250.25,0
3250.5,1
3250.75,0
3251.5,1
3252.25,0
3252.5,1
3253.0,0
3253.25,1
3255.5,0
3255.75,1
3256.75,0
3257.75,1
3258.0,0
3262.25,1
3262.5,0
3271.0,1
3271.25,0
3271.75,1
3272.0,0
3273.25,1
3273.5,0
3273.75,1
3275.25,0
3275.5,1
3277.5,0
3277.75,1
3278.25,0
3278.5,1
3278.75,0
3279.5,1
3280.5,0
3280.75,1
3281.5,0
3285.25,1
3285.5,0
3286.75,1
3287.0,0
3294.0,1
3294.25,0
3294.5,1
3294.75,0
3296.5,1
3297.0,0
3297.25,1
3298.0,0
3298.25,1
3298.5,0
3298.75,1
3299.5,0
3299.75,1
3301.75,0
3302.0,1
3302.25,0
3302.75,1
3303.0,0
3303.25,1
3303.5,0
3303.75,1
3304.0,0
3304.25,1
3305.5,0
3318.75,1
3319.0,0
3320.0,1
3320.25,0
3320.75,1
3321.0,0
3321.5,1
3323.75,0
3324.25,1
3325.0,0
3325.25,1
3326.5,0
3326.75,1
3329.0,0
3332.5,1
3332.75,0
3390.25,1
3390.5,0
3391.25,1
3391.5,0
3393.0,1
3395.5,0
3395.75,1
3396.25,0
3396.75,1
3397.5,0
3398.0,1
3398.25,0
3398.75,1
3400.5,0
3400.75,1
3401.25,0
3401.5,1
3401.75,0
3415.25,1
3415.5,0
3415.75,1
3416.25,0
3417.0,1
3417.25,0
3418.25,1
3420.75,0
3421.0,1
3421.5,0
3421.75,1
3422.5,0
3422.75,1
3423.0,0
3423.25,1
3423.5,0
3423.75,1
3424.25,0
3424.5,1
3425.25,0
3440.0,1
3440.25,0
3441.25,1
3442.0,0
3442.25,1
3444.25,0
3444.5,1
3445.25,0
3445.5,1
3446.75,0
3447.0,1
3447.25,0
3447.5,1
3448.0,0
3448.25,1
3448.75,0
3463.0,1
3464.0,0
3464.5,1
3467.75,0
3468.0,1
3468.5,0
3468.75,1
3472.5,0
3472.75,1
3473.25,0
3474.0,1
3474.25,0
3476.0,1
3476.25,0
3487.25,1
3487.5,0
3488.5,1
3488.75,0
3489.0,1
3490.0,0
3490.25,1
3491.25,0
3491.5,1
3492.0,0
3492.5,1
3493.25,0
3493.75,1
3497.25,0
3500.0,1
3500.25,0
3560.25,1
3560.5,0
3561.0,1
3561.25,0
3561.5,1
3564.25,0
3564.5,1
3565.75,0
3566.0,1
3568.75,0
3569.0,1
3569.5,0
3572.75,1
3573.0,0
3608.5,1
3608.75,0
3609.0,1
3609.5,0
3609.75,1
3610.75,0
3611.0,1
3611.25,0
3611.5,1
3612.5,0
3612.75,1
3613.0,0
3613.25,1
3613.75,0
3614.0,1
3614.75,0
3615.0,1
3615.25,0
3615.5,1
3615.75,0
3616.0,1
3616.5,0
3617.0,1
3617.5,0
3632.75,1
3633.25,0
3633.5,1
3635.75,0
3636.0,1
3639.75,0
3640.0,1
3640.25,0
3640.5,1
3641.0,0
3644.75,1
3645.0,0
3653.0,1
3653.25,0
3653.75,1
3654.0,0
3656.25,1
3656.5,0
3657.0,1
3657.25,0
3657.5,1
3659.25,0
3659.5,1
3660.5,0
3660.75,1
3663.0,0
3663.25,1
3663.5,0
3663.75,1
3664.25,0
3664.5,1
3664.75,0
3727.0,1
3727.25,0
3728.0,1
3728.5,0
3729.25,1
3731.25,0
3731.5,1
3732.0,0
3732.25,1
3732.75,0
3733.0,1
3733.5,0
3733.75,1
3734.25,0
3734.5,1
3735.0,0
3735.25,1
3735.75,0
3736.0,1
3736.5,0
3736.75,1
3737.25,0
3739.75,1
3740.0,0
3753.0,1
3753.75,0
3754.0,1
3755.0,0
3755.25,1
3756.0,0
3756.25,1
3757.0,0
3757.25,1
3758.5,0
3758.75,1
3759.75,0
3760.0,1
3760.5,0
3764.5,1
3764.75,0
3776.5,1
3777.25,0
3777.5,1
3778.25,0
3778.5,1
3780.0,0
3780.25,1
3780.5,0
3780.75,1
3781.5,0
3781.75,1
3782.75,0
3783.0,1
3783.5,0
3783.75,1
3784.5,0
3784.75,1
3785.5,0
3797.75,1
3798.0,0
3800.75,1
3801.0,0
3801.25,1
3801.5,0
3801.75,1
3802.75,0
3803.0,1
3804.0,0
3804.5,1
3805.5,0
3806.0,1
3806.25,0
3806.5,1
3808.5,0
3808.75,1
3809.0,0
3824.75,1
3825.0,0
3825.25,1
3827.5,0
3828.25,1
3829.0,0
3829.25,1
3831.0,0
3831.25,1
3833.0,0
3894.25,1
3894.5,0
3895.0,1
3895.25,0
3895.5,1
3895.75,0
3896.5,1
3896.75,0
3897.25,1
3900.5,0
3900.75,1
3903.75,0
3904.25,1
3905.75,0
3918.5,1
3918.75,0
3920.5,1
3920.75,0
3921.0,1
3922.25,0
3922.5,1
3926.0,0
3926.25,1
3927.75,0
3928.0,1
3928.75,0
3929.0,1
3929.5,0
3942.75,1
3943.0,0
3944.0,1
3944.25,0
3945.0,1
3949.25,0
3949.5,1
3950.0,0
3950.5,1
3950.75,0
3951.25,1
3953.0,0
3953.25,1
3953.75,0
3956.75,1
3957.0,0
3957.5,1
3957.75,0
3967.75,1
3968.0,0
3969.0,1
3970.5,0
3970.75,1
3973.0,0
3973.25,1
3973.5,0
3974.0,1
3974.25,0
3974.5,1
3975.0,0
3975.25,1
3976.0,0
3976.25,1
3976.5,0
3976.75,1
3977.25,0
3993.25,1
3993.5,0
3993.75,1
3995.75,0
3996.0,1
3999.25,0
3999.5,1
4000.5,0
4000.75,1
4001.0,0
4003.5,1
4003.75,0
4004.75,1
4005.0,0
4062.25,1
4062.5,0
4062.75,1
4063.0,0
4064.5,1
4064.75,0
4065.0,1
4065.25,0
4065.5,1
4066.0,0
4066.5,1
4068.0,0
4068.25,1
4070.5,0
4070.75,1
4072.75,0
4087.5,1
4087.75,0
4089.0,1
4091.75,0
4092.0,1
4092.5,0
4092.75,1
4094.0,0
4094.25,1
4094.5,0
4094.75,1
4095.25,0
4095.5,1
4096.5,0
4096.75,1
4097.0,0
4112.5,1
4113.5,0
4114.0,1
4119.0,0
4119.25,1
4119.75,0
4120.0,1
4120.25,0
4120.5,1
4120.75,0
4121.25,1
4121.5,0
4124.75,1
4125.0,0
4137.5,1
4140.25,0
4140.75,1
4141.25,0
4142.0,1
4143.0,0
4143.25,1
4143.5,0
4144.0,1
4145.0,0
4147.25,1
4147.5,0
4148.0,1
4148.25,0
4162.0,1
4163.0,0
4163.25,1
4164.0,0
4164.25,1
4164.5,0
4165.0,1
4167.25,0
4167.5,1
4168.0,0
4168.25,1
4168.75,0
4169.75,1
4170.0,0
4172.0,1
4172.25,0
4230.25,1
4230.5,0
4232.75,1
4235.0,0
4235.5,1
4236.0,0
4236.5,1
4237.5,0
4237.75,1
4240.25,0
4241.25,1
4241.5,0
4255.75,1
4256.0,0
4257.0,1
4257.25,0
4257.5,1
4258.5,0
4258.75,1
4260.5,0
4260.75,1
4261.5,0
4261.75,1
4262.5,0
4262.75,1
4264.25,0
4264.5,1
4264.75,0
4279.75,1
4280.25,0
4280.75,1
4284.75,0
4285.0,1
4285.75,0
4286.0,1
4286.25,0
4286.5,1
4286.75,0
4287.0,1
4288.0,0
4288.25,1
4288.75,0
4289.0,1
4289.25,0
4292.75,1
4293.0,0
4303.5,1
4303.75,0
4304.75,1
4305.75,0
4306.0,1
4307.0,0
4307.25,1
4308.5,0
4309.0,1
4309.5,0
4309.75,1
4310.25,0
4310.5,1
4312.25,0
4312.5,1
4313.0,0
4313.25,1
4313.5,0
4326.5,1
4326.75,0
4328.25,1
4328.5,0
4328.75,1
4330.0,0
4330.25,1
4331.25,0
4332.5,1
4336.75,0
4337.0,1
4337.25,0
4342.0,1
4342.25,0
4401.0,1
4401.25,0
4401.5,1
4402.0,0
4402.5,1
4402.75,0
4403.5,1
4404.25,0
4404.5,1
4407.25,0
4407.5,1
4409.25,0
4449.0,1
4450.25,0
4450.5,1
4451.0,0
4451.25,1
4452.0,0
4452.5,1
4453.25,0
4453.5,1
4454.0,0
4454.5,1
4454.75,0
4455.25,1
4456.75,0
4457.0,1
4457.5,0
4470.25,1
4470.5,0
4471.0,1
4471.5,0
4472.25,1
4472.5,0
4473.0,1
4475.0,0
4475.25,1
4475.5,0
4475.75,1
4478.0,0
4478.25,1
4479.75,0
4480.25,1
4480.75,0
4481.0,1
4481.5,0
4495.25,1
4495.5,0
4496.75,1
4497.0,0
4497.25,1
4497.5,0
4497.75,1
4498.25,0
4498.5,1
4499.0,0
4499.25,1
4499.5,0
4500.0,1
4501.0,0
4501.25,1
4501.75,0
4502.25,1
4504.25,0
4504.5,1
4505.75,0
4508.75,1
4509.0,0
4566.25,1
4566.75,0
4567.0,1
4567.25,0
4567.5,1
4567.75,0
4568.5,1
4569.75,0
4570.25,1
4573.0,0
4573.25,1
4576.25,0
4576.75,1
4577.25,0
4592.75,1
4593.0,0
4593.25,1
4593.5,0
4594.0,1
4594.25,0
4594.75,1
4595.25,0
4595.5,1
4596.0,0
4596.25,1
4596.75,0
4597.75,1
4598.25,0
4598.5,1
4600.0,0
4600.25,1
4600.5,0
4601.0,1
4601.25,0
4605.75,1
4606.0,0
4615.0,1
4615.25,0
4615.75,1
4616.0,0
4617.5,1
4618.5,0
4618.75,1
4619.25,0
4619.5,1
4620.0,0
4620.25,1
4622.75,0
4623.0,1
4625.25,0
4625.5,1
4625.75,0
4628.25,1
4628.5,0
4629.0,1
4629.25,0
4630.75,1
4631.0,0
4638.25,1
4638.5,0
4640.5,1
4640.75,0
4641.0,1
4644.5,0
4644.75,1
4645.0,0
4645.5,1
4646.25,0
4646.5,1
4648.75,0
4662.75,1
4663.0,0
4663.5,1
4663.75,0
4664.25,1
4665.5,0
4666.0,1
4666.5,0
4667.0,1
4669.5,0
4670.0,1
4670.25,0
4670.5,1
4671.5,0
4672.25,1
4672.75,0
4736.5,1
4737.0,0
4737.75,1
4738.75,0
4739.0,1
4739.25,0
4739.5,1
4739.75,0
4740.0,1
4741.75,0
4742.0,1
4744.0,0
4744.25,1
4744.5,0
4744.75,1
4745.5,0
4748.25,1
4748.5,0
4758.25,1
4758.5,0
4759.25,1
4759.5,0
4760.75,1
4761.0,0
4761.5,1
4761.75,0
4762.0,1
4763.25,0
4763.5,1
4764.0,0
4764.25,1
4764.75,0
4765.0,1
4766.5,0
4766.75,1
4767.0,0
4767.25,1
4768.75,0
4769.0,1
4769.25,0
4782.75,1
4783.0,0
4785.25,1
4786.0,0
4787.0,1
4787.5,0
4787.75,1
4788.0,0
4788.25,1
4789.0,0
4789.25,1
4790.0,0
4790.25,1
4792.25,0
4792.5,1
4793.0,0
4793.25,1
4793.5,0
4807.75,1
4808.0,0
4808.5,1
4808.75,0
4809.0,1
4809.5,0
4809.75,1
4810.5,0
4810.75,1
4811.5,0
4811.75,1
4812.75,0
4813.0,1
4814.0,0
4814.25,1
4816.5,0
4816.75,1
4817.5,0
4821.75,1
4822.0,0
4833.0,1
4833.5,0
4833.75,1
4835.25,0
4835.5,1
4836.5,0
4836.75,1
4837.5,0
4837.75,1
4841.0,0
4841.25,1
4841.5,0
4903.75,1
4904.25,0
4905.25,1
4905.5,0
4905.75,1
4909.0,0
4909.75,1
4910.0,0
4910.25,1
4910.5,0
4910.75,1
4911.0,0
4911.25,1
4913.0,0
4918.25,1
4918.5,0
4926.75,1
4927.0,0
4927.5,1
4927.75,0
4928.25,1
4928.5,0
4929.0,1
4932.25,0
4932.5,1
4932.75,0
4933.0,1
4934.0,0
4934.25,1
4936.0,0
4936.25,1
4937.5,0
4940.75,1
4941.0,0
4951.75,1
4952.0,0
4952.25,1
4952.5,0
4953.0,1
4953.25,0
4953.75,1
4954.5,0
4954.75,1
4955.25,0
4955.5,1
4960.0,0
4960.25,1
4960.5,0
4960.75,1
4961.25,0
4961.75,1
4962.0,0
4964.25,1
4964.5,0
4973.5,1
4973.75,0
4976.25,1
4977.5,0
4977.75,1
4978.0,0
4978.25,1
4978.5,0
4978.75,1
4979.5,0
4979.75,1
4980.5,0
4980.75,1
4981.0,0
4981.25,1
4982.5,0
4982.75,1
4983.0,0
4983.25,1
4983.5,0
4983.75,1
4984.25,0
4984.5,1
4985.0,0
4985.5,1
4985.75,0
4999.25,1
4999.5,0
5000.5,1
5001.0,0
5001.5,1
5002.5,0
5002.75,1
5004.5,0
5004.75,1
5006.25,0
5006.5,1
5007.0,0
5007.25,1
5007.5,0
5007.75,1
5008.75,0
5009.0,1
5009.25,0
5014.5,1
5014.75,0
5072.5,1
5073.25,0
5073.5,1
5074.0,0
5074.25,1
5075.25,0
5075.5,1
5078.0,0
5078.5,1
5079.75,0
5080.25,1
5080.5,0
5080.75,1
5081.0,0
5081.75,1
5082.0,0
5085.25,1
5085.5,0
5095.25,1
5095.5,0
5096.75,1
5097.0,0
5097.25,1
5097.5,0
5097.75,1
5098.25,0
5098.5,1
5099.75,0
5100.0,1
5100.25,0
5100.5,1
5101.0,0
5101.75,1
5102.5,0
5103.25,1
5104.25,0
5104.5,1
5104.75,0
5105.0,1
5105.5,0
5105.75,1
5106.0,0
5118.0,1
5118.25,0
5120.5,1
5120.75,0
5121.0,1
5125.75,0
5126.25,1
5127.75,0
5128.75,1
5129.0,0
5133.5,1
5133.75,0
5142.0,1
5142.25,0
5144.25,1
5144.5,0
5144.75,1
5145.0,0
5145.25,1
5146.75,0
5147.0,1
5150.25,0
5150.5,1
5151.25,0
5151.5,1
5152.75,0
5166.0,1
5166.25,0
5167.0,1
5167.25,0
5167.75,1
5168.0,0
5168.25,1
5168.5,0
5169.25,1
5169.5,0
5169.75,1
5171.25,0
5171.5,1
5172.0,0
5172.25,1
5173.0,0
5173.25,1
5173.5,0
5173.75,1
5174.75,0
5175.0,1
5175.25,0
5175.5,1
5176.0,0
5176.25,1
5177.5,0
5238.5,1
5238.75,0
5241.0,1
5243.5,0
5243.75,1
5244.75,0
5245.0,1
5246.0,0
5246.25,1
5246.75,0
5247.0,1
5248.5,0
5248.75,1
5249.0,0
5264.75,1
5265.5,0
5265.75,1
5266.75,0
5267.0,1
5267.75,0
5268.0,1
5268.5,0
5268.75,1
5269.5,0
5270.0,1
5270.25,0
5270.5,1
5271.0,0
5271.5,1
5272.0,0
5272.5,1
5273.25,0
5274.25,1
5274.5,0
5277.5,1
5277.75,0
5286.0,1
5286.25,0
5287.0,1
5287.25,0
5289.0,1
5292.25,0
5293.0,1
5293.25,0
5293.75,1
5294.0,0
5294.75,1
5296.25,0
5296.75,1
5297.5,0
5301.0,1
5301.5,0
5311.75,1
5312.0,0
5312.75,1
5313.0,0
5313.25,1
5313.5,0
5313.75,1
5314.0,0
5314.75,1
5316.25,0
5316.5,1
5316.75,0
5317.0,1
5317.25,0
5318.25,1
5318.5,0
5318.75,1
5320.5,0
5320.75,1
5321.0,0
5333.75,1
5334.0,0
5334.75,1
5335.0,0
5336.0,1
5336.25,0
5337.0,1
5337.5,0
5337.75,1
5341.0,0
5341.25,1
5342.0,0
5342.25,1
5344.5,0
5344.75,1
5345.25,0
5348.25,1
5348.5,0
5405.75,1
5406.0,0
5409.25,1
5409.5,0
5410.0,1
5412.0,0
5412.25,1
5413.75,0
5414.25,1
5415.5,0
5415.75,1
5416.75,0
5420.75,1
5421.0,0
5430.0,1
5430.25,0
5431.25,1
5431.5,0
5433.0,1
5433.25,0
5433.5,1
5435.0,0
5435.25,1
5436.5,0
5436.75,1
5438.25,0
5438.5,1
5440.5,0
5441.0,1
5441.25,0
5444.0,1
5444.25,0
5445.5,1
5445.75,0
5454.0,1
5454.25,0
5457.0,1
5457.5,0
5457.75,1
5458.0,0
5458.25,1
5458.5,0
5458.75,1
5459.0,0
5459.25,1
5459.5,0
5459.75,1
5460.0,0
5460.25,1
5460.5,0
5460.75,1
5461.5,0
5461.75,1
5462.5,0
5462.75,1
5463.5,0
5464.0,1
5464.25,0
5464.5,1
5465.25,0
5478.75,1
5479.0,0
5481.0,1
5481.25,0
5481.75,1
5482.5,0
5482.75,1
5484.25,0
5484.5,1
5487.0,0
5487.25,1
5487.75,0
5488.0,1
5488.75,0
5489.25,1
5489.5,0
5504.75,1
5512.75,0
5513.0,1
5513.5,0
5517.5,1
5517.75,0
5575.25,1
5575.75,0
5576.25,1
5576.5,0
5576.75,1
5577.25,0
5577.75,1
5580.5,0
5580.75,1
5581.0,0
5581.25,1
5582.25,0
5582.5,1
5583.5,0
5583.75,1
5584.25,0
5584.75,1
5585.0,0
5589.5,1
5589.75,0
5598.0,1
5598.25,0
5599.5,1
5599.75,0
5600.5,1
5600.75,0
5601.25,1
5601.5,0
5602.0,1
5602.75,0
5603.0,1
5604.25,0
5604.75,1
5606.25,0
5606.75,1
5607.75,0
5608.25,1
5608.5,0
5609.0,1
5609.5,0
5624.0,1
5624.25,0
5625.0,1
5626.25,0
5626.75,1
5627.25,0
5627.5,1
5628.75,0
5629.0,1
5629.25,0
5629.75,1
5630.0,0
5630.5,1
5633.25,0
5648.5,1
5648.75,0
5649.0,1
5652.0,0
5652.25,1
5652.5,0
5652.75,1
5653.25,0
5654.0,1
5654.75,0
5655.0,1
5657.5,0
5660.75,1
5661.0,0
5674.0,1
5676.0,0
5676.25,1
5678.25,0
5678.5,1
5680.75,0
5743.0,1
5743.25,0
5745.25,1
5745.75,0
5746.0,1
5746.5,0
5746.75,1
5748.5,0
5748.75,1
5751.0,0
5751.25,1
5752.5,0
5752.75,1
5753.5,0
5767.25,1
5767.5,0
5769.0,1
5769.25,0
5769.75,1
5770.75,0
5771.0,1
5772.0,0
5772.25,1
5773.5,0
5773.75,1
5774.25,0
5775.0,1
5776.75,0
5777.25,1
5777.5,0
5790.5,1
5790.75,0
5792.75,1
5793.0,0
5793.75,1
5796.0,0
5796.25,1
5796.5,0
5796.75,1
5798.0,0
5798.5,1
5799.75,0
5800.25,1
5801.0,0
5801.25,1
5801.5,0
5813.5,1
5813.75,0
5814.75,1
5815.0,0
5817.0,1
5817.5,0
5817.75,1
5818.0,0
5818.5,1
5819.0,0
5819.25,1
5819.5,0
5819.75,1
5820.0,0
5820.25,1
5821.25,0
5822.0,1
5822.25,0
5822.75,1
5823.0,0
5823.25,1
5824.5,0
5824.75,1
5825.0,0
5825.25,1
5825.5,0
5829.0,1
5829.25,0
5829.75,1
5830.0,0
5838.25,1
5838.75,0
5840.25,1
5840.5,0
5841.0,1
5846.5,0
5846.75,1
5847.0,0
5847.5,1
5849.5,0
5849.75,1
5850.0,0
5854.5,1
5854.75,0
5855.75,1
5856.0,0
5904.25,1
5904.5,0
5905.0,1
5905.25,0
5910.25,1
5910.5,0
5912.75,1
5913.0,0
5913.5,1
5914.75,0
5915.0,1
5915.5,0
5915.75,1
5916.25,0
5916.5,1
5917.25,0
5917.75,1
5918.5,0
5919.5,1
5921.25,0
5922.25,1
5922.5,0
5925.75,1
5926.0,0
5960.75,1
5961.25,0
5962.0,1
5962.5,0
5962.75,1
5963.25,0
5963.5,1
5963.75,0
5964.0,1
5964.5,0
5964.75,1
5965.0,0
5965.5,1
5967.0,0
5967.5,1
5969.0,0
5969.25,1
5969.5,0
5985.5,1
5985.75,0
5986.0,1
5986.25,0
5986.5,1
5987.75,0
5988.25,1
5988.5,0
5988.75,1
5989.0,0
5989.25,1
5989.75,0
5990.25,1
5990.5,0
5990.75,1
5991.0,0
5991.25,1
5991.5,0
5991.75,1
5992.75,0
5993.0,1
5993.5,0
5996.5,1
5996.75,0
6009.25,1
6009.5,0
6009.75,1
6010.0,0
6010.25,1
6012.5,0
6012.75,1
6013.25,0
6013.5,1
6014.25,0
6014.5,1
6014.75,0
6015.0,1
6016.75,0
6081.0,1
6082.5,0
6082.75,1
6084.0,0
6084.25,1
6085.0,0
6085.25,1
6085.5,0
6085.75,1
6087.75,0
6088.0,1
6088.5,0
6105.25,1
6105.75,0
6106.0,1
6106.5,0
6106.75,1
6108.0,0
6108.25,1
6108.75,0
6109.25,1
6109.5,0
6109.75,1
6110.5,0
6111.0,1
6111.75,0
6112.0,1
6113.25,0
6125.5,1
6125.75,0
6128.75,1
6129.0,0
6129.5,1
6130.25,0
6130.75,1
6131.25,0
6131.5,1
6133.25,0
6133.5,1
6134.25,0
6134.5,1
6134.75,0
6135.0,1
6136.5,0
6136.75,1
6137.25,0
6141.0,1
6141.25,0
6150.0,1
6150.25,0
6150.5,1
6150.75,0
6152.25,1
6152.75,0
6153.75,1
6154.0,0
6154.25,1
6159.0,0
6159.25,1
6159.5,0
6159.75,1
6160.0,0
6160.5,1
6161.25,0
6174.5,1
6174.75,0
6177.0,1
6178.0,0
6178.25,1
6179.0,0
6179.25,1
6180.25,0
6180.5,1
6180.75,0
6181.25,1
6181.75,0
6182.25,1
6182.75,0
6183.0,1
6183.25,0
6183.5,1
6185.0,0
6185.25,1
6185.5,0
6188.75,1
6189.0,0
6248.5,1
6248.75,0
6249.5,1
6250.5,0
6251.0,1
6251.25,0
6251.5,1
6252.75,0
6253.0,1
6253.5,0
6254.0,1
6254.75,0
6255.25,1
6256.5,0
6257.0,1
6257.25,0
6261.0,1
6261.25,0
6271.75,1
6272.0,0
6273.75,1
6276.0,0
6276.25,1
6276.75,0
6277.0,1
6277.25,0
6277.5,1
6277.75,0
6278.5,1
6280.0,0
6280.25,1
6281.0,0
6294.75,1
6295.0,0
6296.75,1
6297.0,0
6297.25,1
6298.5,0
6298.75,1
6299.5,0
6299.75,1
6300.0,0
6300.25,1
6301.25,0
6301.75,1
6302.75,0
6303.0,1
6303.5,0
6304.25,1
6304.5,0
6304.75,1
6305.25,0
6320.5,1
6321.0,0
6321.5,1
6322.25,0
6322.5,1
6322.75,0
6323.0,1
6324.0,0
6324.5,1
6325.0,0
6325.25,1
6325.75,0
6326.0,1
6326.5,0
6326.75,1
6329.25,0
6343.5,1
6344.0,0
6345.25,1
6345.5,0
6345.75,1
6346.0,0
6346.25,1
6349.5,0
6349.75,1
6351.25,0
6351.75,1
6352.25,0
6352.75,1
6353.0,0
6357.0,1
6357.5,0
6416.75,1
6419.0,0
6419.25,1
6421.25,0
6421.5,1
6424.25,0
6424.5,1
6425.5,0
6440.25,1
6440.5,0
6440.75,1
6441.0,0
6441.25,1
6444.25,0
6444.5,1
6445.5,0
6445.75,1
6446.75,0
6447.0,1
6447.75,0
6448.0,1
6448.75,0
6449.75,1
6450.0,0
6462.25,1
6462.5,0
6465.25,1
6465.5,0
6465.75,1
6466.75,0
6467.0,1
6468.25,0
6468.75,1
6469.5,0
6469.75,1
6470.0,0
6470.25,1
6471.25,0
6471.5,1
6472.25,0
6472.5,1
6472.75,0
6473.0,1
6473.25,0
6486.0,1
6486.25,0
6487.5,1
6487.75,0
6488.25,1
6488.75,0
6489.75,1
6493.5,0
6493.75,1
6494.75,0
6495.0,1
6496.5,0
6496.75,1
6497.0,0
6497.5,1
6497.75,0
6512.0,1
6515.5,0
6515.75,1
6516.75,0
6517.0,1
6518.0,0
6518.25,1
6518.5,0
6518.75,1
6519.25,0
6519.5,1
6519.75,0
6520.25,1
6520.5,0
6520.75,1
6521.0,0
6523.75,1
6524.0,0
6582.25,1
6582.75,0
6585.0,1
6585.5,0
6585.75,1
6587.0,0
6587.25,1
6588.75,0
6589.0,1
6589.75,0
6590.0,1
6590.25,0
6590.75,1
6592.75,0
6593.0,1
6593.25,0
6596.75,1
6597.0,0
6597.25,1
6597.5,0
6605.75,1
6606.0,0
6609.25,1
6609.5,0
6609.75,1
6611.0,0
6611.25,1
6611.5,0
6612.0,1
6612.25,0
6612.75,1
6613.0,0
6613.5,1
6613.75,0
6614.0,1
6615.0,0
6615.25,1
6616.0,0
6616.25,1
6616.5,0
6616.75,1
6617.25,0
6631.25,1
6631.5,0
6631.75,1
6632.0,0
6633.25,1
6634.25,0
6634.5,1
6635.25,0
6635.5,1
6637.75,0
6638.0,1
6639.75,0
6640.0,1
6640.25,0
6640.75,1
6641.25,0
6656.75,1
6657.0,0
6657.25,1
6659.0,0
6659.25,1
6660.0,0
6660.25,1
6661.0,0
6661.25,1
6661.5,0
6662.25,1
6662.5,0
6663.0,1
6664.25,0
6664.5,1
6665.0,0
6665.25,1
6665.75,0
6675.0,1
6675.25,0
6678.25,1
6678.5,0
6681.0,1
6681.5,0
6681.75,1
6682.25,0
6682.5,1
6682.75,0
6683.0,1
6684.25,0
6684.5,1
6685.0,0
6685.25,1
6686.0,0
6686.25,1
6687.25,0
6687.5,1
6689.0,0
6691.25,1
6691.5,0
6691.75,1
6692.0,0
6751.75,1
6752.0,0
6753.25,1
6757.5,0
6757.75,1
6760.25,0
6760.5,1
6761.0,0
6761.5,1
6761.75,0
6764.25,1
6764.5,0
6765.75,1
6766.0,0
6801.0,1
6801.75,0
6802.0,1
6802.25,0
6802.5,1
6802.75,0
6803.0,1
6804.5,0
6805.0,1
6806.25,0
6806.5,1
6809.0,0
6824.75,1
6825.0,0
6825.5,1
6827.25,0
6827.5,1
6829.0,0
6829.25,1
6831.5,0
6832.0,1
6832.25,0
6832.5,1
6833.25,0
6848.75,1
6849.75,0
6850.0,1
6851.25,0
6851.75,1
6852.25,0
6852.5,1
6853.5,0
6853.75,1
6854.5,0
6854.75,1
6856.5,0
6856.75,1
6857.25,0
6920.75,1
6921.0,0
6921.25,1
6921.5,0
6922.0,1
6922.5,0
6922.75,1
6923.0,0
6923.5,1
6926.5,0
6926.75,1
6927.5,0
6928.0,1
6928.25,0
6928.75,1
6929.5,0
6933.5,1
6933.75,0
6941.5,1
6941.75,0
6942.75,1
6943.0,0
6943.25,1
6943.5,0
6945.0,1
6946.0,0
6946.25,1
6947.5,0
6947.75,1
6948.25,0
6948.5,1
6949.25,0
6949.5,1
6950.0,0
6950.25,1
6950.75,0
6951.0,1
6951.5,0
6951.75,1
6953.5,0
6969.0,1
6970.0,0
6970.75,1
6972.25,0
6972.5,1
6973.25,0
6973.5,1
6973.75,0
6974.5,1
6974.75,0
6975.0,1
6975.5,0
6976.0,1
6977.25,0
6979.25,1
6979.5,0
6980.25,1
6980.5,0
6991.25,1
6991.5,0
6991.75,1
6992.0,0
6992.25,1
6992.5,0
6992.75,1
6996.25,0
6996.5,1
6997.5,0
6997.75,1
6998.5,0
6998.75,1
7000.5,0
7000.75,1
7001.0,0
7005.5,1
7005.75,0
7014.25,1
7014.5,0
7014.75,1
7015.0,0
7017.25,1
7017.75,0
7018.0,1
7018.5,0
7018.75,1
7019.25,0
7019.75,1
7020.75,0
7021.25,1
7024.0,0
7024.75,1
7025.25,0
7086.5,1
7086.75,0
7088.75,1
7089.25,0
7089.75,1
7094.75,0
7095.0,1
7097.0,0
7097.25,1
7097.5,0
7110.0,1
7110.25,0
7110.75,1
7111.0,0
7111.5,1
7111.75,0
7113.0,1
7115.25,0
7115.75,1
7116.75,0
7117.0,1
7118.0,0
7118.25,1
7121.25,0
7137.0,1
7137.5,0
7137.75,1
7138.0,0
7138.5,1
7140.0,0
7140.25,1
7140.5,0
7140.75,1
7142.5,0
7142.75,1
7143.75,0
7144.0,1
7144.25,0
7144.5,1
7144.75,0
7158.5,1
7158.75,0
7159.0,1
7159.5,0
7161.0,1
7161.25,0
7161.5,1
7162.0,0
7162.5,1
7163.75,0
7164.0,1
7164.25,0
7164.75,1
7165.25,0
7165.75,1
7167.75,0
7168.0,1
7168.25,0
7168.5,1
7169.0,0
7183.5,1
7183.75,0
7184.25,1
7184.5,0
7185.25,1
7185.75,0
7186.0,1
7186.25,0
7186.5,1
7187.5,0
7187.75,1
7188.5,0
7188.75,1
7189.0,0
7189.25,1
7189.5,0
7189.75,1
7190.75,0
7191.25,1
7192.75,0
7196.5,1
7196.75,0
7255.5,1
7255.75,0
7257.25,1
7257.5,0
7257.75,1
7258.25,0
7258.5,1
7261.5,0
7262.0,1
7262.75,0
7263.0,1
7264.0,0
7264.5,1
7265.5,0
7277.5,1
7277.75,0
7279.25,1
7279.5,0
7279.75,1
7280.0,0
7280.25,1
7280.5,0
7281.0,1
7281.25,0
7281.5,1
7282.75,0
7283.0,1
7284.25,0
7284.5,1
7285.5,0
7286.25,1
7287.75,0
7288.0,1
7288.25,0
7289.25,1
7289.5,0
7294.0,1
7294.25,0
7303.25,1
7303.5,0
7304.75,1
7305.0,0
7305.5,1
7305.75,0
7306.0,1
7306.75,0
7307.0,1
7307.25,0
7307.5,1
7308.25,0
7308.5,1
7310.0,0
7310.25,1
7310.75,0
7311.0,1
7311.5,0
7311.75,1
7312.75,0
7325.75,1
7326.0,0
7326.5,1
7326.75,0
7328.0,1
7328.25,0
7329.25,1
7332.25,0
7332.5,1
7334.25,0
7335.25,1
7336.75,0
7337.0,1
7337.25,0
7353.0,1
7353.25,0
7353.75,1
7354.0,0
7354.25,1
7357.0,0
7357.25,1
7358.5,0
7358.75,1
7361.25,0
7361.5,1
7361.75,0
7425.0,1
7426.0,0
7426.5,1
7428.5,0
7428.75,1
7429.5,0
7430.5,1
7431.0,0
7431.75,1
7432.5,0
7432.75,1
7433.0,0
7433.5,1
7433.75,0
7449.0,1
7449.5,0
7449.75,1
7450.0,0
7450.25,1
7451.25,0
7451.75,1
7453.0,0
7453.25,1
7454.0,0
7454.25,1
7455.5,0
7455.75,1
7456.5,0
7456.75,1
7457.25,0
7460.75,1
7461.0,0
7470.5,1
7470.75,0
7472.25,1
7472.5,0
7473.25,1
7473.5,0
7473.75,1
7477.25,0
7477.5,1
7479.5,0
7479.75,1
7480.0,0
7480.25,1
7480.5,0
7480.75,1
7481.25,0
7484.25,1
7484.5,0
7494.0,1
7494.25,0
7496.75,1
7497.0,0
7497.5,1
7498.0,0
7498.25,1
7498.5,0
7499.0,1
7500.5,0
7500.75,1
7502.25,0
7502.75,1
7505.25,0
7518.25,1
7518.75,0
7520.0,1
7520.5,0
7521.0,1
7521.5,0
7522.0,1
7523.25,0
7523.75,1
7524.75,0
7525.0,1
7526.75,0
7527.25,1
7528.0,0
7528.25,1
7528.75,0
7592.75,1
7593.0,0
7593.25,1
7595.5,0
7596.0,1
7597.25,0
7597.75,1
7598.25,0
7598.5,1
7599.0,0
7599.25,1
7599.75,0
7600.0,1
7600.5,0
7600.75,1
7601.25,0
7616.25,1
7618.5,0
7618.75,1
7620.0,0
7620.25,1
7620.75,0
7621.25,1
7623.0,0
7623.25,1
7623.5,0
7624.0,1
7624.5,0
7624.75,1
7625.25,0
7638.25,1
7638.75,0
7641.0,1
7641.25,0
7641.5,1
7643.5,0
7643.75,1
7648.5,0
7648.75,1
7649.0,0
7649.25,1
7649.5,0
7652.0,1
7652.25,0
7663.5,1
7663.75,0
7665.5,1
7665.75,0
7666.0,1
7666.25,0
7666.5,1
7668.25,0
7668.5,1
7668.75,0
7669.75,1
7670.0,0
7670.5,1
7670.75,0
7671.0,1
7672.25,0
7672.5,1
7673.0,0
7676.0,1
7676.25,0
7678.5,1
7678.75,0
7688.0,1
7688.25,0
7689.75,1
7690.5,0
7690.75,1
7691.25,0
7691.75,1
7693.0,0
7693.5,1
7693.75,0
7694.0,1
7694.25,0
7694.5,1
7697.25,0
7760.5,1
7761.25,0
7761.5,1
7761.75,0
7762.25,1
7763.75,0
7764.25,1
7764.75,0
7766.0,1
7766.5,0
7766.75,1
7768.5,0
7769.0,1
7769.25,0
7772.25,1
7772.5,0
7782.5,1
7782.75,0
7783.0,1
7783.25,0
7784.5,1
7784.75,0
7785.0,1
7785.25,0
7785.5,1
7788.75,0
7789.75,1
7791.5,0
7791.75,1
7793.0,0
7793.5,1
7793.75,0
7794.25,1
7794.5,0
7797.0,1
7797.25,0
7797.5,1
7797.75,0
7809.0,1
7809.25,0
7809.5,1
7810.75,0
7811.0,1
7811.5,0
7811.75,1
7813.75,0
7814.25,1
7815.25,0
7815.5,1
7817.25,0
7830.5,1
7830.75,0
7832.25,1
7832.5,0
7833.5,1
7835.75,0
7836.0,1
7838.0,0
7838.25,1
7838.5,0
7838.75,1
7839.0,0
7839.25,1
7841.0,0
7925.5,1
7925.75,0
7927.0,1
7927.25,0
7927.5,1
7927.75,0
7928.25,1
7928.5,0
7928.75,1
7929.0,0
7929.25,1
7929.5,0
7930.0,1
7931.5,0
7931.75,1
7932.5,0
7932.75,1
7934.25,0
7935.0,1
7937.0,0
7937.25,1
7937.5,0
7941.25,1
7941.5,0
7942.0,1
7942.25,0
7952.25,1
7952.5,0
7953.0,1
7953.5,0
7953.75,1
7955.25,0
7955.5,1
7955.75,0
7956.0,1
7957.0,0
7957.25,1
7958.5,0
7958.75,1
7959.25,0
7959.5,1
7961.0,0
7961.25,1
7961.75,0
7964.25,1
7964.5,0
7966.25,1
7966.5,0
7977.0,1
7978.5,0
7978.75,1
7979.25,0
7979.5,1
7979.75,0
7980.0,1
7980.25,0
7981.0,1
7981.5,0
7981.75,1
7982.25,0
7982.75,1
7983.25,0
7983.5,1
7983.75,0
7984.0,1
7985.25,0
8001.25,1
8001.5,0
8001.75,1
8002.0,0
8002.5,1
8006.0,0
8006.5,1
8007.5,0
8007.75,1
8008.5,0
8008.75,1
8009.25,0
8022.5,1
8022.75,0
8025.25,1
8026.25,0
8026.75,1
8027.75,0
8028.0,1
8029.25,0
8029.5,1
8029.75,0
8030.25,1
8031.5,0
8031.75,1
8033.5,0
8094.75,1
8095.0,0
8096.25,1
8096.5,0
8097.25,1
8097.75,0
8098.0,1
8099.25,0
8099.5,1
8101.5,0
8101.75,1
8102.25,0
8102.5,1
8103.0,0
8103.25,1
8104.5,0
8104.75,1
8105.25,0
8119.5,1
8119.75,0
8120.75,1
8121.0,0
8121.5,1
8122.25,0
8122.5,1
8123.25,0
8124.0,1
8125.5,0
8125.75,1
8126.5,0
8126.75,1
8127.0,0
8127.5,1
8128.25,0
8128.5,1
8129.25,0
8145.0,1
8145.75,0
8146.0,1
8147.5,0
8147.75,1
8148.0,0
8148.25,1
8148.5,0
8148.75,1
8149.5,0
8150.0,1
8150.75,0
8151.25,1
8152.25,0
8152.5,1
8153.0,0
8167.0,1
8167.25,0
8169.5,1
8169.75,0
8170.5,1
8171.0,0
8171.25,1
8171.75,0
8172.5,1
8173.25,0
8173.5,1
8173.75,0
8174.0,1
8176.5,0
8176.75,1
8177.25,0
8177.5,1
8177.75,0
8181.25,1
8181.5,0
8189.25,1
8189.5,0
8190.25,1
8190.5,0
8192.5,1
8192.75,0
8193.0,1
8193.25,0
8193.5,1
8195.25,0
8195.75,1
8196.0,0
8196.5,1
8198.0,0
8198.25,1
8198.5,0
8198.75,1
8199.25,0
8199.5,1
8200.25,0
8200.5,1
8201.0,0
8201.75,1
8202.0,0
8262.75,1
8263.0,0
8263.5,1
8263.75,0
8264.25,1
8264.5,0
8265.0,1
8265.75,0
8266.0,1
8267.75,0
8268.0,1
8268.75,0
8269.0,1
8271.25,0
8271.5,1
8271.75,0
8272.0,1
8272.75,0
8273.0,1
8273.25,0
8275.75,1
8276.0,0
8287.25,1
8287.5,0
8288.5,1
8289.25,0
8290.0,1
8291.5,0
8291.75,1
8294.0,0
8294.25,1
8294.75,0
8295.25,1
8297.0,0
8297.25,1
8297.5,0
8311.0,1
8311.25,0
8311.75,1
8312.0,0
8313.5,1
8314.5,0
8314.75,1
8320.75,0
8334.75,1
8335.0,0
8335.25,1
8335.5,0
8335.75,1
8336.0,0
8337.0,1
8337.75,0
8338.0,1
8341.0,0
8341.25,1
8343.0,0
8343.5,1
8344.0,0
8344.75,1
8345.0,0
8350.25,1
8350.5,0
8359.0,1
8359.5,0
8360.5,1
8361.5,0
8361.75,1
8367.0,0
8367.25,1
8369.25,0
8369.5,1
8369.75,0
8433.0,1
8435.75,0
8436.0,1
8436.25,0
8436.5,1
8437.5,0
8437.75,1
8439.75,0
8440.25,1
8440.75,0
8441.0,1
8441.25,0
8441.5,1
8442.0,0
8444.25,1
8444.5,0
8446.5,1
8446.75,0
8454.25,1
8454.5,0
8457.75,1
8459.5,0
8459.75,1
8461.0,0
8461.25,1
8463.0,0
8463.25,1
8463.5,0
8463.75,1
8464.25,0
8464.5,1
8465.0,0
8481.0,1
8486.0,0
8486.25,1
8489.0,0
8489.25,1
8489.5,0
8504.75,1
8505.0,0
8505.25,1
8506.0,0
8506.25,1
8507.75,0
8508.0,1
8509.25,0
8510.25,1
8511.75,0
8512.0,1
8513.25,0
8517.5,1
8517.75,0
8526.5,1
8526.75,0
8528.25,1
8528.5,0
8528.75,1
8529.5,0
8529.75,1
8530.5,0
8530.75,1
8531.75,0
8532.0,1
8532.5,0
8533.5,1
8534.75,0
8535.0,1
8535.25,0
8535.5,1
8536.25,0
8536.75,1
8537.0,0
8621.75,1
8622.0,0
8622.25,1
8622.75,0
8623.5,1
8624.25,0
8624.75,1
8625.25,0
8625.5,1
8627.75,0
8628.0,1
8629.75,0
8630.0,1
8630.75,0
8631.0,1
8632.75,0
8633.0,1
8633.25,0
8647.0,1
8647.25,0
8648.0,1
8648.25,0
8648.5,1
8648.75,0
8649.0,1
8651.5,0
8651.75,1
8652.0,0
8652.25,1
8652.75,0
8653.0,1
8653.5,0
8653.75,1
8655.25,0
8655.5,1
8656.0,0
8656.25,1
8657.0,0
8661.25,1
8661.5,0
8671.75,1
8672.25,0
8672.5,1
8673.0,0
8673.25,1
8675.0,0
8675.25,1
8676.75,0
8677.0,1
8677.25,0
8677.5,1
8678.0,0
8678.25,1
8678.5,0
8678.75,1
8679.0,0
8679.25,1
8679.5,0
8679.75,1
8680.0,0
8680.25,1
8680.75,0
8681.25,1
8681.5,0
8685.75,1
8686.0,0
8696.75,1
8697.0,0
8697.25,1
8697.5,0
8697.75,1
8698.5,0
8698.75,1
8700.5,0
8700.75,1
8701.5,0
8701.75,1
8702.75,0
8703.0,1
8703.25,0
8703.75,1
8704.25,0
8704.5,1
8705.25,0
8705.5,1
8705.75,0
