#1


float Room-107 (4393,2)
0.0,0
30.75,1
31.0,0
31.25,1
31.75,0
32.5,1
32.75,0
33.25,1
35.25,0
35.5,1
36.5,0
36.75,1
38.0,0
38.25,1
41.25,0
54.75,1
55.0,0
56.5,1
56.75,0
57.25,1
58.0,0
58.25,1
59.75,0
60.0,1
60.25,0
60.5,1
63.0,0
63.25,1
64.75,0
79.25,1
79.5,0
81.0,1
81.5,0
81.75,1
83.75,0
84.0,1
84.5,0
84.75,1
85.25,0
85.5,1
88.5,0
88.75,1
89.25,0
89.75,1
90.0,0
93.5,1
93.75,0
102.25,1
102.5,0
102.75,1
103.0,0
104.75,1
105.25,0
105.5,1
107.5,0
108.0,1
108.5,0
108.75,1
110.75,0
111.0,1
113.25,0
128.75,1
129.0,0
129.25,1
129.5,0
129.75,1
130.0,0
130.5,1
131.0,0
131.25,1
133.25,0
133.5,1
133.75,0
134.0,1
135.25,0
135.5,1
136.75,0
137.0,1
137.5,0
200.5,1
201.25,0
201.5,1
201.75,0
202.0,1
203.0,0
203.25,1
205.0,0
205.25,1
205.5,0
205.75,1
206.0,0
206.25,1
207.5,0
207.75,1
208.5,0
208.75,1
209.0,0
223.25,1
223.5,0
224.0,1
224.25,0
224.75,1
225.25,0
225.5,1
225.75,0
226.0,1
227.0,0
227.25,1
228.5,0
228.75,1
229.5,0
229.75,1
230.5,0
230.75,1
231.25,0
231.5,1
232.75,0
233.0,1
233.25,0
233.75,1
234.0,0
246.5,1
246.75,0
247.5,1
247.75,0
249.0,1
252.0,0
252.25,1
252.75,0
253.0,1
254.0,0
254.25,1
255.75,0
256.5,1
257.25,0
261.0,1
261.25,0
269.75,1
270.0,0
273.75,1
274.25,0
274.5,1
276.5,0
276.75,1
277.75,0
278.0,1
278.25,0
278.5,1
278.75,0
279.0,1
281.0,0
286.5,1
287.0,0
288.25,1
288.5,0
291.5,1
291.75,0
296.25,1
297.5,0
297.75,1
298.0,0
298.25,1
303.25,0
303.5,1
304.25,0
304.5,1
304.75,0
305.0,1
305.25,0
305.5,1
305.75,0
369.25,1
369.5,0
369.75,1
370.0,0
370.25,1
372.5,0
373.0,1
375.75,0
376.0,1
376.25,0
376.5,1
377.25,0
392.75,1
393.5,0
393.75,1
394.25,0
394.5,1
395.0,0
395.25,1
395.75,0
396.0,1
396.75,0
397.0,1
397.25,0
397.5,1
397.75,0
398.0,1
398.25,0
398.5,1
399.0,0
399.25,1
401.0,0
401.25,1
401.75,0
405.0,1
405.25,0
438.0,1
438.25,0
440.75,1
441.0,0
441.25,1
441.75,0
442.0,1
443.25,0
443.5,1
443.75,0
444.0,1
444.75,0
445.0,1
445.5,0
445.75,1
446.5,0
446.75,1
447.25,0
447.5,1
447.75,0
448.0,1
448.75,0
449.0,1
449.5,0
452.75,1
453.0,0
463.0,1
463.25,0
465.75,1
466.5,0
466.75,1
467.0,0
467.5,1
468.5,0
468.75,1
469.0,0
469.25,1
470.5,0
471.5,1
471.75,0
472.0,1
472.75,0
535.5,1
535.75,0
536.0,1
536.5,0
536.75,1
537.0,0
537.25,1
537.75,0
538.0,1
538.5,0
538.75,1
539.0,0
539.25,1
539.75,0
540.0,1
544.25,0
550.5,1
550.75,0
558.75,1
559.0,0
560.75,1
561.25,0
561.5,1
561.75,0
562.0,1
563.25,0
563.5,1
565.0,0
565.25,1
566.75,0
567.25,1
567.75,0
568.0,1
568.75,0
569.0,1
569.25,0
573.25,1
573.5,0
582.5,1
582.75,0
585.25,1
585.75,0
586.0,1
587.0,0
587.25,1
587.5,0
587.75,1
589.75,0
590.0,1
590.5,0
590.75,1
592.5,0
593.5,1
593.75,0
598.25,1
598.5,0
607.0,1
607.25,0
609.5,1
611.5,0
611.75,1
612.75,0
613.0,1
614.0,0
614.25,1
614.75,0
615.0,1
615.25,0
615.75,1
616.0,0
616.25,1
617.0,0
620.5,1
620.75,0
621.5,1
622.0,0
631.75,1
632.0,0
632.25,1
632.5,0
633.75,1
634.0,0
634.25,1
635.75,0
636.0,1
640.5,0
640.75,1
641.5,0
644.25,1
644.5,0
702.25,1
702.5,0
703.75,1
704.0,0
704.75,1
705.25,0
705.5,1
706.0,0
706.25,1
707.5,0
707.75,1
713.25,0
728.5,1
729.5,0
730.0,1
731.5,0
731.75,1
732.75,0
733.0,1
733.25,0
733.5,1
734.0,0
735.0,1
736.75,0
737.25,1
737.5,0
738.25,1
738.5,0
741.0,1
741.25,0
750.75,1
751.0,0
752.75,1
753.0,0
753.25,1
756.0,0
756.25,1
757.75,0
758.5,1
759.5,0
759.75,1
760.75,0
761.0,1
761.5,0
774.5,1
774.75,0
775.75,1
776.25,0
776.5,1
777.0,0
777.25,1
779.75,0
780.0,1
782.25,0
782.75,1
783.25,0
783.5,1
784.5,0
785.0,1
785.25,0
789.25,1
789.5,0
798.75,1
799.0,0
799.25,1
799.5,0
800.75,1
801.25,0
801.5,1
802.25,0
802.75,1
803.5,0
803.75,1
804.0,0
804.25,1
805.25,0
805.5,1
806.5,0
807.5,1
809.25,0
813.0,1
813.25,0
813.5,1
813.75,0
870.75,1
871.0,0
871.25,1
871.5,0
872.25,1
872.5,0
873.0,1
873.25,0
873.5,1
874.0,0
874.5,1
876.5,0
876.75,1
877.0,0
877.25,1
878.0,0
878.25,1
879.0,0
879.25,1
880.75,0
886.75,1
887.0,0
895.5,1
895.75,0
897.25,1
898.25,0
898.75,1
901.0,0
901.25,1
901.75,0
902.0,1
902.75,0
903.0,1
903.75,0
904.0,1
905.5,0
910.25,1
910.5,0
918.75,1
919.25,0
921.25,1
921.75,0
922.0,1
923.5,0
923.75,1
924.25,0
924.5,1
925.25,0
925.5,1
926.5,0
926.75,1
927.25,0
927.5,1
928.75,0
933.0,1
933.25,0
943.5,1
943.75,0
944.75,1
945.25,0
945.5,1
946.5,0
947.0,1
947.5,0
948.0,1
949.5,0
949.75,1
950.0,0
950.5,1
950.75,0
951.0,1
951.5,0
951.75,1
952.25,0
952.5,1
952.75,0
966.0,1
966.25,0
969.0,1
969.25,0
969.5,1
970.75,0
971.25,1
972.25,0
972.5,1
973.25,0
973.5,1
973.75,0
974.25,1
975.5,0
976.0,1
976.5,0
976.75,1
977.0,0
977.5,1
977.75,0
1039.0,1
1039.25,0
1040.75,1
1041.0,0
1041.5,1
1046.75,0
1047.0,1
1049.25,0
1054.5,1
1054.75,0
1061.75,1
1062.0,0
1063.25,1
1063.5,0
1065.0,1
1065.25,0
1065.5,1
1067.5,0
1067.75,1
1068.0,0
1068.25,1
1068.5,0
1068.75,1
1069.0,0
1069.25,1
1070.5,0
1070.75,1
1073.5,0
1110.5,1
1110.75,0
1113.0,1
1113.25,0
1113.75,1
1114.25,0
1114.5,1
1116.0,0
1116.25,1
1117.0,0
1117.25,1
1118.25,0
1118.5,1
1118.75,0
1119.5,1
1119.75,0
1120.0,1
1120.5,0
1120.75,1
1121.25,0
1125.25,1
1125.5,0
1133.5,1
1133.75,0
1135.5,1
1135.75,0
1136.5,1
1138.0,0
1138.25,1
1138.75,0
1139.0,1
1140.0,0
1140.25,1
1141.25,0
1141.5,1
1143.5,0
1143.75,1
1144.0,0
1144.5,1
1144.75,0
1145.0,1
1145.5,0
1208.25,1
1208.75,0
1209.25,1
1209.5,0
1209.75,1
1213.75,0
1214.25,1
1214.5,0
1215.0,1
1215.5,0
1215.75,1
1216.5,0
1230.0,1
1230.25,0
1233.0,1
1234.0,0
1234.25,1
1235.25,0
1235.5,1
1236.0,0
1236.25,1
1237.0,0
1237.25,1
1239.75,0
1240.0,1
1241.5,0
1245.25,1
1245.5,0
1254.0,1
1254.25,0
1254.75,1
1255.0,0
1255.25,1
1255.5,0
1256.25,1
1256.75,0
1257.25,1
1259.0,0
1259.25,1
1261.5,0
1262.0,1
1265.0,0
1278.75,1
1279.5,0
1280.5,1
1280.75,0
1281.25,1
1282.75,0
1283.0,1
1283.25,0
1283.5,1
1284.0,0
1284.5,1
1285.0,0
1285.25,1
1286.25,0
1286.5,1
1289.25,0
1290.25,1
1290.5,0
1293.5,1
1293.75,0
1302.25,1
1302.5,0
1302.75,1
1303.0,0
1304.25,1
1304.5,0
1304.75,1
1306.75,0
1307.0,1
1307.25,0
1307.5,1
1307.75,0
1308.0,1
1308.5,0
1309.25,1
1309.75,0
1310.0,1
1310.5,0
1311.5,1
1312.25,0
1312.75,1
1313.25,0
1317.5,1
1317.75,0
1374.5,1
1374.75,0
1376.25,1
1376.5,0
1377.0,1
1377.5,0
1377.75,1
1380.75,0
1381.0,1
1381.25,0
1381.5,1
1383.25,0
1383.5,1
1385.5,0
1386.0,1
1386.25,0
1398.75,1
1399.25,0
1400.5,1
1400.75,0
1401.0,1
1404.5,0
1404.75,1
1408.0,0
1408.25,1
1409.0,0
1424.75,1
1427.0,0
1427.5,1
1429.75,0
1430.0,1
1431.75,0
1432.0,1
1432.75,0
1433.0,1
1433.25,0
1446.75,1
1447.0,0
1447.5,1
1447.75,0
1449.25,1
1449.5,0
1449.75,1
1451.0,0
1451.25,1
1451.5,0
1451.75,1
1452.75,0
1453.25,1
1453.75,0
1454.0,1
1455.0,0
1455.5,1
1457.0,0
1460.75,1
1461.0,0
1471.75,1
1472.0,0
1473.0,1
1473.75,0
1474.0,1
1474.5,0
1475.0,1
1475.5,0
1475.75,1
1476.75,0
1477.5,1
1478.25,0
1478.5,1
1480.75,0
1481.0,1
1481.25,0
1484.5,1
1484.75,0
1486.25,1
1486.5,0
1541.75,1
1542.0,0
1544.75,1
1545.0,0
1545.5,1
1545.75,0
1546.0,1
1546.75,0
1547.25,1
1547.5,0
1547.75,1
1548.5,0
1548.75,1
1549.25,0
1549.75,1
1550.25,0
1550.75,1
1551.5,0
1551.75,1
1552.75,0
1553.25,1
1553.5,0
1567.0,1
1567.25,0
1568.0,1
1568.25,0
1569.25,1
1570.75,0
1571.0,1
1571.25,0
1571.5,1
1573.0,0
1573.5,1
1574.5,0
1574.75,1
1576.75,0
1577.0,1
1577.25,0
1590.25,1
1590.5,0
1592.75,1
1593.75,0
1594.0,1
1594.75,0
1595.0,1
1595.5,0
1595.75,1
1597.5,0
1597.75,1
1599.75,0
1600.25,1
1601.5,0
1616.25,1
1616.75,0
1617.0,1
1617.25,0
1617.5,1
1617.75,0
1618.0,1
1618.75,0
1619.25,1
1620.25,0
1620.5,1
1621.25,0
1621.5,1
1622.25,0
1622.5,1
1624.75,0
1638.0,1
1638.5,0
1640.5,1
1640.75,0
1641.25,1
1643.75,0
1644.0,1
1644.25,0
1644.5,1
1644.75,0
1645.0,1
1647.5,0
1647.75,1
1648.5,0
1648.75,1
1649.75,0
1710.75,1
1711.0,0
1713.0,1
1715.25,0
1715.5,1
1716.25,0
1716.5,1
1717.25,0
1717.75,1
1718.5,0
1719.0,1
1719.75,0
1720.0,1
1720.25,0
1720.5,1
1720.75,0
1721.0,1
1721.25,0
1724.5,1
1724.75,0
1737.5,1
1738.0,0
1738.25,1
1739.0,0
1739.25,1
1739.75,0
1740.0,1
1741.25,0
1742.5,1
1743.75,0
1744.0,1
1744.25,0
1744.75,1
1745.25,0
1760.25,1
1760.5,0
1761.25,1
1763.0,0
1763.25,1
1766.0,0
1766.5,1
1768.75,0
1769.0,1
1769.25,0
1782.5,1
1782.75,0
1783.25,1
1783.5,0
1786.0,1
1787.25,0
1787.5,1
1788.25,0
1788.5,1
1790.25,0
1790.5,1
1791.25,0
1791.5,1
1793.0,0
1809.25,1
1809.5,0
1809.75,1
1812.0,0
1812.25,1
1814.25,0
1814.5,1
1814.75,0
1815.25,1
1816.25,0
1816.5,1
1816.75,0
1817.0,1
1817.25,0
1817.5,1
1817.75,0
1821.5,1
1821.75,0
1880.0,1
1880.25,0
1881.5,1
1883.0,0
1883.25,1
1883.75,0
1884.0,1
1884.5,0
1884.75,1
1885.25,0
1885.5,1
1885.75,0
1886.25,1
1886.5,0
1886.75,1
1887.0,0
1887.25,1
1887.5,0
1887.75,1
1889.25,0
1892.75,1
1893.0,0
1905.5,1
1906.0,0
1906.25,1
1906.5,0
1906.75,1
1908.0,0
1908.75,1
1910.0,0
1910.25,1
1911.75,0
1912.25,1
1912.75,0
1913.0,1
1913.25,0
1913.75,1
1914.0,0
1916.25,1
1916.5,0
1917.0,1
1917.25,0
1926.5,1
1926.75,0
1927.5,1
1928.0,0
1928.75,1
1930.75,0
1931.0,1
1932.0,0
1932.5,1
1932.75,0
1933.25,1
1933.5,0
1933.75,1
1934.0,0
1934.5,1
1935.0,0
1935.25,1
1935.75,0
1936.0,1
1936.25,0
1936.5,1
1937.0,0
1941.5,1
1941.75,0
1952.75,1
1953.25,0
1953.5,1
1955.25,0
1955.5,1
1957.0,0
1957.25,1
1958.25,0
1958.5,1
1958.75,0
1959.0,1
1960.75,0
1977.25,1
1978.0,0
1978.25,1
1980.0,0
1980.25,1
1981.0,0
1981.25,1
1982.25,0
1982.5,1
1984.5,0
1984.75,1
1985.0,0
2048.5,1
2048.75,0
2049.5,1
2050.75,0
2051.25,1
2051.5,0
2051.75,1
2053.5,0
2053.75,1
2055.0,0
2055.25,1
2055.5,0
2055.75,1
2056.0,0
2056.25,1
2056.75,0
2057.0,1
2057.5,0
2071.25,1
2071.5,0
2072.75,1
2073.0,0
2073.25,1
2074.25,0
2074.5,1
2075.25,0
2075.5,1
2077.0,0
2077.25,1
2078.0,0
2078.25,1
2079.0,0
2079.25,1
2079.5,0
2079.75,1
2081.0,0
2084.75,1
2085.0,0
2096.75,1
2097.0,0
2097.25,1
2097.5,0
2098.25,1
2098.5,0
2098.75,1
2102.25,0
2102.5,1
2104.25,0
2104.5,1
2105.25,0
2108.0,1
2108.25,0
2109.25,1
2109.5,0
2118.25,1
2118.5,0
2120.75,1
2121.75,0
2122.0,1
2122.25,0
2122.5,1
2125.25,0
2125.5,1
2127.25,0
2127.5,1
2129.0,0
2129.25,1
2129.75,0
2134.25,1
2134.5,0
2143.5,1
2144.0,0
2144.25,1
2144.5,0
2145.25,1
2146.25,0
2146.5,1
2147.75,0
2148.25,1
2149.25,0
2149.5,1
2150.25,0
2150.5,1
2151.75,0
2152.0,1
2152.5,0
2153.25,1
2153.5,0
2157.25,1
2157.5,0
2214.25,1
2214.75,0
2215.75,1
2216.0,0
2216.5,1
2217.5,0
2217.75,1
2218.25,0
2219.0,1
2219.75,0
2220.25,1
2221.0,0
2221.25,1
2221.5,0
2221.75,1
2222.75,0
2223.0,1
2224.0,0
2224.5,1
2225.25,0
2240.75,1
2241.5,0
2241.75,1
2242.5,0
2243.0,1
2244.5,0
2244.75,1
2247.5,0
2247.75,1
2248.75,0
2264.5,1
2264.75,0
2265.0,1
2265.5,0
2265.75,1
2266.5,0
2266.75,1
2267.0,0
2267.5,1
2268.25,0
2268.5,1
2269.25,0
2269.5,1
2269.75,0
2270.0,1
2270.25,0
2270.5,1
2271.5,0
2271.75,1
2273.0,0
2273.75,1
2274.0,0
2276.25,1
2276.5,0
2286.0,1
2286.25,0
2288.75,1
2290.0,0
2290.5,1
2291.5,0
2291.75,1
2293.0,0
2293.25,1
2294.0,0
2294.5,1
2296.75,0
2297.0,1
2297.25,0
2309.25,1
2309.5,0
2310.5,1
2310.75,0
2312.0,1
2312.25,0
2312.75,1
2313.5,0
2314.0,1
2314.25,0
2315.0,1
2315.75,0
2316.0,1
2316.25,0
2317.0,1
2317.5,0
2317.75,1
2318.5,0
2318.75,1
2320.25,0
2320.75,1
2321.0,0
2321.25,1
2321.5,0
2382.5,1
2382.75,0
2384.5,1
2392.0,0
2392.5,1
2393.5,0
2405.75,1
2406.0,0
2409.0,1
2410.0,0
2410.5,1
2412.0,0
2412.25,1
2412.75,0
2413.25,1
2413.75,0
2414.0,1
2414.25,0
2414.5,1
2416.5,0
2416.75,1
2417.0,0
2420.25,1
2420.5,0
2421.0,1
2421.25,0
2421.5,1
2421.75,0
2431.5,1
2431.75,0
2432.75,1
2433.0,0
2433.5,1
2433.75,0
2434.0,1
2434.75,0
2435.25,1
2436.75,0
2437.25,1
2437.5,0
2437.75,1
2438.0,0
2438.75,1
2439.25,0
2439.5,1
2440.75,0
2445.0,1
2445.25,0
2454.0,1
2454.5,0
2454.75,1
2455.0,0
2455.25,1
2456.0,0
2456.5,1
2457.25,0
2457.5,1
2460.0,0
2460.25,1
2462.25,0
2462.5,1
2465.0,0
2480.25,1
2480.5,0
2481.0,1
2481.25,0
2482.25,1
2484.25,0
2484.5,1
2485.0,0
2485.25,1
2488.0,0
2488.5,1
2489.5,0
2550.25,1
2550.5,0
2550.75,1
2551.0,0
2552.75,1
2553.0,0
2553.5,1
2554.0,0
2554.25,1
2556.0,0
2556.25,1
2556.5,0
2557.0,1
2557.25,0
2557.75,1
2559.0,0
2559.25,1
2559.5,0
2560.25,1
2560.5,0
2560.75,1
2561.5,0
2576.75,1
2578.5,0
2578.75,1
2579.25,0
2579.5,1
2579.75,0
2580.0,1
2581.0,0
2582.25,1
2584.25,0
2584.5,1
2584.75,0
2585.0,1
2585.25,0
2598.25,1
2598.75,0
2599.0,1
2599.5,0
2600.75,1
2601.25,0
2601.5,1
2602.75,0
2603.0,1
2603.75,0
2604.0,1
2604.5,0
2604.75,1
2605.75,0
2606.25,1
2606.5,0
2606.75,1
2607.0,0
2607.25,1
2609.0,0
2609.5,1
2609.75,0
2623.75,1
2624.25,0
2625.0,1
2626.0,0
2626.25,1
2627.5,0
2628.0,1
2628.25,0
2628.5,1
2629.0,0
2629.25,1
2630.25,0
2630.75,1
2631.0,0
2631.25,1
2632.5,0
2633.0,1
2633.25,0
2637.0,1
2637.25,0
2645.5,1
2645.75,0
2647.5,1
2647.75,0
2648.0,1
2648.25,0
2649.25,1
2651.25,0
2652.0,1
2652.5,0
2652.75,1
2653.25,0
2653.75,1
2657.25,0
2657.75,1
2658.0,0
2660.25,1
2660.75,0
2718.75,1
2719.0,0
2720.25,1
2721.0,0
2721.25,1
2722.75,0
2723.0,1
2724.0,0
2724.25,1
2726.0,0
2726.25,1
2726.5,0
2726.75,1
2728.25,0
2728.5,1
2729.0,0
2732.25,1
2732.5,0
2743.0,1
2743.25,0
2744.75,1
2745.5,0
2746.0,1
2746.75,0
2747.0,1
2747.5,0
2747.75,1
2749.0,0
2749.25,1
2752.0,0
2752.25,1
2752.5,0
2752.75,1
2753.0,0
2766.0,1
2766.25,0
2767.75,1
2768.0,0
2769.0,1
2770.75,0
2771.0,1
2771.75,0
2772.5,1
2773.75,0
2774.0,1
2774.5,0
2774.75,1
2776.25,0
2776.75,1
2777.0,0
2777.25,1
2777.5,0
2792.0,1
2792.25,0
2793.0,1
2794.75,0
2795.0,1
2796.0,0
2796.5,1
2798.75,0
2799.0,1
2800.5,0
2800.75,1
2801.25,0
2803.5,1
2803.75,0
2815.25,1
2815.5,0
2815.75,1
2816.0,0
2817.25,1
2818.75,0
2819.0,1
2819.5,0
2819.75,1
2820.25,0
2820.75,1
2821.0,0
2821.25,1
2824.0,0
2824.25,1
2824.5,0
2824.75,1
2825.5,0
2828.5,1
2828.75,0
2886.5,1
2886.75,0
2889.75,1
2891.0,0
2891.25,1
2891.5,0
2891.75,1
2892.75,0
2893.0,1
2894.25,0
2894.75,1
2895.5,0
2895.75,1
2896.0,0
2896.25,1
2897.75,0
2910.0,1
2910.5,0
2912.5,1
2913.0,0
2913.25,1
2914.0,0
2914.5,1
2915.5,0
2915.75,1
2919.25,0
2919.5,1
2920.5,0
2920.75,1
2921.0,0
2933.75,1
2934.0,0
2937.0,1
2937.5,0
2937.75,1
2938.75,0
2939.0,1
2939.5,0
2939.75,1
2940.0,0
2940.5,1
2941.25,0
2941.5,1
2943.75,0
2944.0,1
2944.5,0
2945.0,1
2945.25,0
2949.0,1
2949.25,0
2961.0,1
2961.25,0
2962.0,1
2964.5,0
2964.75,1
2966.0,0
2966.75,1
2967.25,0
2967.75,1
2969.25,0
2981.5,1
2981.75,0
2982.0,1
2982.75,0
2984.25,1
2985.0,0
2985.5,1
2986.5,0
2986.75,1
2987.5,0
2987.75,1
2988.5,0
2988.75,1
2990.0,0
2990.5,1
2991.0,0
2991.25,1
2993.0,0
2993.25,1
2993.5,0
2998.0,1
2998.25,0
3057.0,1
3058.5,0
3059.0,1
3060.5,0
3060.75,1
3061.25,0
3061.75,1
3063.25,0
3063.75,1
3064.0,0
3064.25,1
3064.5,0
3064.75,1
3065.0,0
3065.5,1
3065.75,0
3069.0,1
3069.25,0
3070.0,1
3070.25,0
3072.5,1
3072.75,0
3080.5,1
3080.75,0
3081.0,1
3081.25,0
3081.5,1
3081.75,0
3082.25,1
3083.75,0
3084.0,1
3086.0,0
3086.75,1
3088.25,0
3088.75,1
3089.0,0
3091.0,1
3091.25,0
3091.5,1
3091.75,0
3094.5,1
3095.0,0
3104.5,1
3107.25,0
3107.5,1
3108.5,0
3109.0,1
3109.25,0
3109.5,1
3111.0,0
3111.25,1
3112.5,0
3112.75,1
3113.25,0
3127.25,1
3128.0,0
3128.75,1
3129.75,0
3130.0,1
3133.5,0
3133.75,1
3134.5,0
3134.75,1
3135.5,0
3135.75,1
3136.0,0
3136.25,1
3137.0,0
3150.25,1
3150.5,0
3152.25,1
3152.5,0
3153.0,1
3153.25,0
3153.5,1
3154.5,0
3154.75,1
3155.25,0
3155.5,1
3156.0,0
3156.25,1
3156.5,0
3156.75,1
3159.0,0
3159.25,1
3161.25,0
3161.5,1
3161.75,0
3224.75,1
3225.25,0
3225.5,1
3227.5,0
3227.75,1
3229.25,0
3229.5,1
3232.75,0
3236.75,1
3237.0,0
3245.75,1
3246.0,0
3247.0,1
3247.25,0
3248.0,1
3248.25,0
3248.75,1
3249.0,0
3249.25,1
3249.5,0
3249.75,1
3251.5,0
3251.75,1
3252.0,0
3252.25,1
3252.5,0
3252.75,1
3253.5,0
3253.75,1
3254.0,0
3254.25,1
3254.75,0
3255.0,1
3256.25,0
3256.5,1
3257.0,0
3262.25,1
3262.5,0
3271.75,1
3272.0,0
3272.75,1
3273.0,0
3273.5,1
3276.75,0
3277.0,1
3277.75,0
3278.0,1
3280.0,0
3280.25,1
3280.5,0
3280.75,1
3281.0,0
3281.5,1
3281.75,0
3294.5,1
3294.75,0
3295.5,1
3295.75,0
3296.5,1
3297.0,0
3297.25,1
3301.25,0
3301.5,1
3302.0,0
3302.5,1
3304.5,0
3304.75,1
3305.0,0
3305.25,1
3305.5,0
3320.25,1
3320.75,0
3321.0,1
3321.25,0
3321.5,1
3322.75,0
3323.0,1
3323.25,0
3323.5,1
3324.0,0
3324.25,1
3326.75,0
3327.25,1
3327.75,0
3328.0,1
3329.25,0
3332.25,1
3332.5,0
3333.0,1
3333.25,0
3390.5,1
3390.75,0
3393.0,1
3394.25,0
3394.5,1
3395.25,0
3395.5,1
3395.75,0
3396.25,1
3398.0,0
3398.25,1
3399.0,0
3399.25,1
3401.0,0
3416.5,1
3418.0,0
3418.5,1
3420.25,0
3420.75,1
3421.25,0
3421.75,1
3425.5,0
3441.0,1
3441.25,0
3441.5,1
3444.75,0
3445.0,1
3446.5,0
3446.75,1
3448.0,0
3448.25,1
3449.5,0
3452.75,1
3453.0,0
3464.5,1
3464.75,0
3465.25,1
3466.25,0
3466.5,1
3468.0,0
3468.25,1
3469.5,0
3469.75,1
3470.0,0
3470.75,1
3472.25,0
3472.5,1
3473.0,0
3473.25,1
3473.5,0
3477.5,1
3477.75,0
3487.5,1
3488.0,0
3488.5,1
3488.75,0
3489.0,1
3489.25,0
3489.5,1
3491.75,0
3492.0,1
3492.75,0
3493.0,1
3495.5,0
3495.75,1
3497.5,0
3560.25,1
3560.5,0
3560.75,1
3561.5,0
3561.75,1
3563.0,0
3563.25,1
3564.5,0
3564.75,1
3566.0,0
3566.25,1
3566.5,0
3566.75,1
3567.5,0
3567.75,1
3569.75,0
3572.5,1
3572.75,0
3605.5,1
3605.75,0
3606.5,1
3606.75,0
3607.25,1
3607.5,0
3608.75,1
3609.75,0
3610.25,1
3611.5,0
3611.75,1
3612.75,0
3613.25,1
3614.5,0
3614.75,1
3616.0,0
3616.25,1
3617.25,0
3620.25,1
3620.5,0
3632.5,1
3633.0,0
3633.25,1
3633.75,0
3634.0,1
3634.5,0
3634.75,1
3636.25,0
3636.5,1
3637.0,0
3637.25,1
3638.25,0
3638.5,1
3638.75,0
3639.0,1
3639.75,0
3640.0,1
3640.25,0
3640.5,1
3641.0,0
3656.75,1
3657.0,0
3657.25,1
3657.5,0
3657.75,1
3660.0,0
3660.25,1
3661.25,0
3662.0,1
3663.75,0
3664.0,1
3664.5,0
3668.0,1
3668.25,0
3669.0,1
3669.25,0
3727.0,1
3727.5,0
3729.0,1
3729.5,0
3729.75,1
3732.5,0
3732.75,1
3734.75,0
3735.0,1
3735.75,0
3736.0,1
3736.5,0
3736.75,1
3737.0,0
3741.75,1
3742.0,0
3749.5,1
3749.75,0
3753.0,1
3753.5,0
3753.75,1
3754.75,0
3755.0,1
3755.25,0
3755.5,1
3757.75,0
3758.0,1
3758.5,0
3758.75,1
3759.75,0
3760.0,1
3760.25,0
3760.5,1
3760.75,0
3761.25,1
3761.5,0
3776.75,1
3777.0,0
3777.25,1
3778.5,0
3779.25,1
3780.5,0
3780.75,1
3781.25,0
3781.5,1
3782.25,0
3782.75,1
3785.0,0
3799.0,1
3799.25,0
3801.25,1
3805.25,0
3805.5,1
3807.5,0
3807.75,1
3809.25,0
3813.0,1
3813.25,0
3824.5,1
3824.75,0
3825.0,1
3825.25,0
3825.75,1
3827.25,0
3827.5,1
3828.25,0
3828.5,1
3829.0,0
3829.5,1
3830.5,0
3830.75,1
3833.0,0
3833.25,1
3833.5,0
3838.0,1
3838.25,0
3895.5,1
3895.75,0
3896.5,1
3898.0,0
3898.25,1
3899.75,0
3900.0,1
3901.0,0
3901.25,1
3901.5,0
3902.0,1
3905.0,0
3910.0,1
3910.25,0
3920.5,1
3921.75,0
3922.0,1
3922.75,0
3923.0,1
3924.25,0
3924.5,1
3926.75,0
3927.0,1
3928.0,0
3928.25,1
3929.25,0
3944.75,1
3946.25,0
3946.5,1
3947.25,0
3947.5,1
3947.75,0
3948.0,1
3948.25,0
3948.5,1
3948.75,0
3949.25,1
3950.0,0
3950.25,1
3950.5,0
3950.75,1
3953.0,0
3953.25,1
3953.5,0
3969.0,1
3969.5,0
3969.75,1
3970.25,0
3970.5,1
3971.0,0
3971.25,1
3971.5,0
3971.75,1
3973.0,0
3973.25,1
3976.75,0
3977.0,1
3977.5,0
3992.5,1
3992.75,0
3993.25,1
3994.5,0
3994.75,1
3996.25,0
3996.5,1
3997.25,0
3997.5,1
3997.75,0
3998.0,1
3998.5,0
3999.0,1
3999.5,0
3999.75,1
4000.75,0
4001.0,1
4001.5,0
4063.0,1
4063.25,0
4064.0,1
4064.25,0
4065.0,1
4067.0,0
4067.75,1
4069.0,0
4069.25,1
4070.0,0
4070.25,1
4071.0,0
4071.25,1
4073.0,0
4075.25,1
4075.5,0
4077.0,1
4077.25,0
4086.25,1
4086.75,0
4089.0,1
4089.25,0
4089.5,1
4090.75,0
4091.0,1
4091.75,0
4092.0,1
4093.0,0
4093.25,1
4094.5,0
4094.75,1
4095.0,0
4095.5,1
4095.75,0
4096.0,1
4097.0,0
4101.25,1
4101.5,0
4102.25,1
4102.5,0
4110.5,1
4111.0,0
4113.0,1
4113.5,0
4113.75,1
4115.25,0
4115.5,1
4116.0,0
4116.5,1
4117.0,0
4117.25,1
4120.5,0
4120.75,1
4121.25,0
4134.75,1
4135.0,0
4137.25,1
4139.75,0
4140.25,1
4140.75,0
4141.0,1
4141.25,0
4141.75,1
4144.5,0
4145.0,1
4145.25,0
4149.0,1
4149.25,0
4161.0,1
4161.25,0
4161.75,1
4163.25,0
4163.5,1
4164.25,0
4164.75,1
4167.0,0
4167.25,1
4167.75,0
4168.0,1
4169.25,0
4169.5,1
4169.75,0
4230.75,1
4231.0,0
4231.25,1
4231.75,0
4233.0,1
4235.0,0
4235.25,1
4236.0,0
4236.5,1
4237.0,0
4237.25,1
4237.75,0
4238.0,1
4238.25,0
4238.5,1
4238.75,0
4239.25,1
4240.75,0
4256.0,1
4256.5,0
4257.25,1
4258.0,0
4258.5,1
4259.0,0
4259.25,1
4259.5,0
4259.75,1
4260.5,0
4260.75,1
4261.5,0
4261.75,1
4262.0,0
4262.5,1
4263.0,0
4263.25,1
4264.75,0
4265.0,1
4265.25,0
4268.25,1
4268.5,0
4277.75,1
4278.0,0
4280.75,1
4281.0,0
4281.5,1
4282.0,0
4282.25,1
4283.25,0
4283.5,1
4283.75,0
4284.0,1
4284.5,0
4285.0,1
4285.25,0
4285.75,1
4286.25,0
4286.75,1
4287.0,0
4287.75,1
4289.25,0
4304.25,1
4304.5,0
4304.75,1
4305.25,0
4305.5,1
4310.25,0
4310.5,1
4311.75,0
4312.25,1
4313.0,0
4313.25,1
4313.5,0
4318.25,1
4318.5,0
4326.75,1
4327.0,0
4329.75,1
4332.5,0
4332.75,1
4334.5,0
4334.75,1
4335.25,0
4335.5,1
4337.0,0
4401.0,1
4401.75,0
4402.0,1
4403.5,0
4403.75,1
4404.0,0
4404.25,1
4404.75,0
4405.25,1
4405.75,0
4406.0,1
4406.5,0
4406.75,1
4409.5,0
4412.5,1
4413.0,0
4446.0,1
4446.5,0
4447.25,1
4447.5,0
4447.75,1
4448.0,0
4448.75,1
4449.25,0
4449.75,1
4450.0,0
4450.25,1
4451.75,0
4452.0,1
4452.5,0
4452.75,1
4453.0,0
4453.25,1
4453.75,0
4454.0,1
4455.75,0
4456.0,1
4456.5,0
4456.75,1
4457.0,0
4457.5,1
4457.75,0
4459.25,1
4459.5,0
4470.25,1
4470.5,0
4471.75,1
4472.0,0
4473.0,1
4473.75,0
4474.0,1
4476.25,0
4476.5,1
4478.0,0
4479.0,1
4479.75,0
4480.0,1
4480.25,0
4480.5,1
4481.25,0
4494.75,1
4495.0,0
4495.25,1
4495.5,0
4496.0,1
4496.5,0
4497.0,1
4497.25,0
4497.5,1
4499.5,0
4499.75,1
4501.75,0
4502.0,1
4502.25,0
4502.75,1
4504.0,0
4504.5,1
4504.75,0
4566.75,1
4567.0,0
4567.25,1
4567.5,0
4569.25,1
4569.5,0
4569.75,1
4570.25,0
4570.75,1
4572.0,0
4572.25,1
4573.5,0
4573.75,1
4575.0,0
4575.5,1
4575.75,0
4576.25,1
4577.0,0
4581.5,1
4581.75,0
4582.25,1
4582.5,0
4593.0,1
4593.25,0
4593.5,1
4594.0,0
4594.5,1
4595.5,0
4595.75,1
4597.25,0
4597.5,1
4597.75,0
4598.0,1
4598.5,0
4598.75,1
4599.25,0
4600.25,1
4600.75,0
4601.0,1
4601.5,0
4602.0,1
4602.25,0
4613.75,1
4614.0,0
4614.25,1
4614.5,0
4616.25,1
4616.5,0
4617.0,1
4617.25,0
4617.5,1
4618.25,0
4618.5,1
4618.75,0
4619.0,1
4621.0,0
4621.25,1
4622.75,0
4623.0,1
4623.75,0
4624.25,1
4624.5,0
4625.0,1
4625.25,0
4637.75,1
4638.0,0
4638.5,1
4638.75,0
4639.5,1
4639.75,0
4641.25,1
4642.75,0
4643.0,1
4643.25,0
4643.5,1
4645.0,0
4645.25,1
4646.5,0
4647.75,1
4648.75,0
4649.0,1
4649.25,0
4663.0,1
4663.25,0
4665.0,1
4665.25,0
4665.5,1
4667.0,0
4667.25,1
4667.75,0
4668.0,1
4668.75,0
4669.0,1
4670.25,0
4670.5,1
4672.0,0
4672.25,1
4673.25,0
4736.75,1
4737.25,0
4737.5,1
4739.25,0
4739.75,1
4740.0,0
4740.25,1
4741.25,0
4741.75,1
4742.5,0
4742.75,1
4744.75,0
4745.25,1
4745.5,0
4758.25,1
4758.5,0
4761.25,1
4762.0,0
4762.25,1
4764.0,0
4764.5,1
4765.5,0
4765.75,1
4767.5,0
4767.75,1
4769.25,0
4784.25,1
4784.5,0
4784.75,1
4785.0,0
4785.25,1
4785.5,0
4785.75,1
4786.5,0
4786.75,1
4787.75,0
4788.25,1
4788.5,0
4788.75,1
4790.5,0
4790.75,1
4791.5,0
4791.75,1
4792.75,0
4793.0,1
4793.25,0
4796.75,1
4797.0,0
4797.25,1
4797.75,0
4808.0,1
4808.25,0
4808.75,1
4811.75,0
4812.0,1
4812.25,0
4812.5,1
4813.75,0
4814.0,1
4814.5,0
4815.0,1
4815.75,0
4816.25,1
4816.75,0
4817.0,1
4817.5,0
4831.0,1
4831.25,0
4831.75,1
4832.0,0
4833.25,1
4833.5,0
4833.75,1
4834.0,0
4834.25,1
4834.75,0
4835.0,1
4837.5,0
4837.75,1
4838.25,0
4838.75,1
4839.25,0
4839.5,1
4840.75,0
4841.0,1
4841.25,0
4903.0,1
4903.25,0
4904.75,1
4905.0,0
4905.25,1
4909.5,0
4909.75,1
4910.0,0
4910.5,1
4912.5,0
4912.75,1
4913.25,0
4929.0,1
4929.5,0
4929.75,1
4930.25,0
4930.5,1
4931.0,0
4931.25,1
4931.5,0
4931.75,1
4932.0,0
4932.25,1
4933.0,0
4933.25,1
4933.5,0
4933.75,1
4934.75,0
4935.0,1
4936.0,0
4936.25,1
4937.0,0
4937.25,1
4937.5,0
4952.5,1
4952.75,0
4953.0,1
4953.75,0
4954.0,1
4954.75,0
4955.0,1
4955.75,0
4956.5,1
4956.75,0
4957.0,1
4957.5,0
4957.75,1
4958.75,0
4959.0,1
4960.0,0
4960.25,1
4960.5,0
4960.75,1
4961.0,0
4961.25,1
4961.5,0
4965.5,1
4965.75,0
4976.0,1
4976.5,0
4977.0,1
4978.25,0
4978.5,1
4979.75,0
4980.0,1
4980.5,0
4980.75,1
4981.0,0
4981.25,1
4982.0,0
4982.5,1
4983.0,0
4983.25,1
4983.5,0
4983.75,1
4984.5,0
4985.0,1
4985.25,0
4989.75,1
4990.0,0
4998.75,1
4999.0,0
4999.75,1
5000.0,0
5000.75,1
5001.0,0
5001.25,1
5001.75,0
5002.0,1
5002.75,0
5003.0,1
5003.25,0
5003.5,1
5005.0,0
5005.25,1
5005.5,0
5005.75,1
5006.25,0
5006.5,1
5006.75,0
5007.0,1
5008.25,0
5008.5,1
5009.25,0
5010.0,1
5010.25,0
5013.5,1
5013.75,0
5071.0,1
5071.25,0
5071.5,1
5071.75,0
5072.25,1
5072.5,0
5072.75,1
5073.25,0
5073.75,1
5075.0,0
5076.25,1
5076.5,0
5076.75,1
5077.0,0
5077.25,1
5077.75,0
5078.0,1
5078.25,0
5078.75,1
5079.0,0
5079.25,1
5079.5,0
5080.0,1
5080.25,0
5080.5,1
5081.0,0
5081.5,1
5081.75,0
5095.75,1
5096.0,0
5096.75,1
5097.0,0
5097.5,1
5097.75,0
5098.0,1
5098.75,0
5099.0,1
5100.0,0
5100.25,1
5102.25,0
5102.5,1
5103.0,0
5103.25,1
5104.0,0
5104.25,1
5105.0,0
5105.25,1
5105.75,0
5110.0,1
5110.25,0
5110.75,1
5111.25,0
5117.75,1
5118.0,0
5119.5,1
5119.75,0
5120.75,1
5121.25,0
5121.5,1
5122.25,0
5122.5,1
5123.0,0
5123.25,1
5124.75,0
5125.0,1
5125.75,0
5126.25,1
5127.0,0
5127.5,1
5128.5,0
5129.0,1
5129.5,0
5131.25,1
5131.5,0
5142.75,1
5143.25,0
5144.5,1
5144.75,0
5145.0,1
5146.25,0
5146.5,1
5149.25,0
5149.5,1
5150.75,0
5151.0,1
5151.25,0
5151.5,1
5152.0,0
5152.25,1
5152.5,0
5153.25,1
5153.5,0
5167.5,1
5168.0,0
5168.75,1
5169.25,0
5169.75,1
5170.5,0
5170.75,1
5175.0,0
5175.25,1
5176.25,0
5176.75,1
5177.0,0
5179.75,1
5180.0,0
5240.25,1
5240.5,0
5240.75,1
5241.0,0
5241.5,1
5242.0,0
5242.5,1
5244.0,0
5244.25,1
5246.5,0
5246.75,1
5247.0,0
5247.25,1
5249.25,0
5264.75,1
5267.75,0
5268.0,1
5268.5,0
5268.75,1
5269.0,0
5269.25,1
5269.75,0
5270.0,1
5272.5,0
5273.25,1
5273.5,0
5277.5,1
5277.75,0
5286.25,1
5286.5,0
5287.0,1
5287.75,0
5288.75,1
5289.0,0
5289.25,1
5290.25,0
5290.5,1
5292.25,0
5292.5,1
5293.75,0
5294.0,1
5294.5,0
5294.75,1
5296.0,0
5296.5,1
5297.5,0
5310.75,1
5311.0,0
5312.75,1
5314.5,0
5314.75,1
5315.5,0
5315.75,1
5316.0,0
5316.5,1
5316.75,0
5317.0,1
5317.25,0
5317.75,1
5318.5,0
5318.75,1
5320.25,0
5321.5,1
5321.75,0
5337.0,1
5337.25,0
5337.5,1
5338.75,0
5339.0,1
5340.0,0
5340.25,1
5340.75,0
5341.0,1
5341.25,0
5341.5,1
5343.5,0
5343.75,1
5345.25,0
5405.75,1
5406.0,0
5409.25,1
5409.75,0
5410.0,1
5411.0,0
5411.25,1
5412.0,0
5412.25,1
5412.75,0
5413.0,1
5413.25,0
5413.5,1
5413.75,0
5414.0,1
5415.5,0
5416.0,1
5417.0,0
5421.75,1
5422.0,0
5430.25,1
5430.5,0
5431.75,1
5432.0,0
5433.0,1
5434.0,0
5434.25,1
5435.75,0
5436.0,1
5437.25,0
5437.5,1
5440.25,0
5441.0,1
5441.25,0
5444.75,1
5445.0,0
5454.5,1
5454.75,0
5456.75,1
5457.5,0
5457.75,1
5458.0,0
5458.75,1
5460.75,0
5461.0,1
5461.25,0
5461.5,1
5462.0,0
5462.75,1
5463.75,0
5464.0,1
5465.5,0
5480.25,1
5480.5,0
5481.25,1
5481.75,0
5482.0,1
5482.5,0
5482.75,1
5483.25,0
5483.5,1
5484.25,0
5484.5,1
5486.0,0
5486.75,1
5487.0,0
5487.25,1
5488.75,0
5490.0,1
5490.25,0
5503.75,1
5504.0,0
5505.25,1
5505.5,0
5505.75,1
5506.75,0
5507.0,1
5507.5,0
5508.0,1
5510.5,0
5511.0,1
5511.5,0
5512.0,1
5512.5,0
5512.75,1
5513.25,0
5516.25,1
5516.5,0
5517.25,1
5517.5,0
5517.75,1
5518.0,0
5575.75,1
5576.0,0
5576.75,1
5579.5,0
5580.0,1
5580.5,0
5580.75,1
5581.5,0
5581.75,1
5582.0,0
5582.5,1
5582.75,0
5583.0,1
5583.5,0
5583.75,1
5584.0,0
5584.25,1
5584.5,0
5585.0,1
5585.25,0
5599.75,1
5600.0,0
5600.75,1
5601.25,0
5601.5,1
5602.0,0
5602.25,1
5603.0,0
5603.25,1
5604.0,0
5604.25,1
5604.75,0
5605.0,1
5605.75,0
5606.0,1
5606.25,0
5606.5,1
5609.0,0
5613.25,1
5613.5,0
5614.5,1
5614.75,0
5622.75,1
5623.0,0
5623.25,1
5623.75,0
5624.0,1
5624.25,0
5625.0,1
5626.0,0
5626.25,1
5627.5,0
5627.75,1
5628.5,0
5628.75,1
5629.0,0
5629.5,1
5630.0,0
5630.25,1
5632.5,0
5632.75,1
5633.0,0
5637.0,1
5637.25,0
5645.5,1
5645.75,0
5646.75,1
5647.0,0
5648.75,1
5649.5,0
5649.75,1
5652.25,0
5652.5,1
5654.5,0
5655.0,1
5656.75,0
5657.0,1
5657.25,0
5657.75,1
5658.0,0
5659.5,1
5659.75,0
5661.5,1
5662.0,0
5662.75,1
5663.0,0
5671.0,1
5671.5,0
5672.75,1
5673.25,0
5673.5,1
5675.0,0
5675.25,1
5676.25,0
5676.5,1
5676.75,0
5677.25,1
5677.75,0
5678.0,1
5678.25,0
5678.5,1
5681.0,0
5742.75,1
5743.25,0
5745.0,1
5748.0,0
5748.25,1
5750.25,0
5750.75,1
5751.75,0
5752.0,1
5753.0,0
5753.25,1
5753.5,0
5754.5,1
5754.75,0
5767.0,1
5767.25,0
5769.0,1
5771.25,0
5771.5,1
5773.75,0
5774.0,1
5775.0,0
5775.5,1
5776.75,0
5790.5,1
5790.75,0
5792.75,1
5793.25,0
5793.5,1
5793.75,0
5794.0,1
5798.25,0
5798.5,1
5799.5,0
5799.75,1
5800.25,0
5800.5,1
5801.0,0
5801.5,1
5801.75,0
5814.75,1
5815.25,0
5817.25,1
5820.5,0
5820.75,1
5822.25,0
5822.75,1
5823.25,0
5823.5,1
5823.75,0
5824.0,1
5824.5,0
5824.75,1
5825.0,0
5836.5,1
5836.75,0
5837.75,1
5838.0,0
5838.25,1
5838.5,0
5840.5,1
5840.75,0
5841.25,1
5841.75,0
5842.0,1
5842.25,0
5842.75,1
5843.0,0
5843.5,1
5845.0,0
5845.25,1
5846.5,0
5846.75,1
5847.5,0
5847.75,1
5849.0,0
5849.25,1
5849.5,0
5904.5,1
5904.75,0
5910.75,1
5911.0,0
5912.0,1
5912.25,0
5913.25,1
5913.5,0
5913.75,1
5917.0,0
5917.75,1
5918.75,0
5919.0,1
5920.5,0
5923.75,1
5924.0,0
5924.25,1
5924.5,0
5926.0,1
5926.25,0
5957.25,1
5957.5,0
5958.25,1
5958.75,0
5960.5,1
5960.75,0
5961.25,1
5961.5,0
5962.0,1
5962.25,0
5962.5,1
5964.5,0
5964.75,1
5965.0,0
5965.25,1
5965.5,0
5966.0,1
5968.75,0
5969.25,1
5969.5,0
5971.0,1
5971.25,0
5982.5,1
5982.75,0
5984.75,1
5985.0,0
5985.5,1
5986.5,0
5986.75,1
5988.5,0
5988.75,1
5989.25,0
5989.75,1
5990.25,0
5991.5,1
5992.5,0
5993.25,1
5993.5,0
6006.75,1
6007.0,0
6007.25,1
6007.5,0
6009.5,1
6009.75,0
6010.5,1
6012.75,0
6013.0,1
6014.0,0
6014.5,1
6014.75,0
6015.0,1
6015.25,0
6015.5,1
6017.25,0
6020.25,1
6020.5,0
6079.75,1
6080.0,0
6080.5,1
6081.0,0
6081.25,1
6084.5,0
6084.75,1
6085.75,0
6086.0,1
6086.75,0
6087.0,1
6087.75,0
6088.75,1
6089.25,0
6103.25,1
6103.5,0
6104.5,1
6105.0,0
6105.25,1
6105.75,0
6106.0,1
6106.25,0
6106.5,1
6107.5,0
6107.75,1
6108.0,0
6108.25,1
6111.75,0
6112.5,1
6112.75,0
6113.25,1
6113.5,0
6129.5,1
6130.0,0
6130.25,1
6132.75,0
6133.0,1
6133.5,0
6133.75,1
6134.25,0
6134.5,1
6134.75,0
6135.25,1
6136.5,0
6136.75,1
6137.25,0
6137.5,1
6137.75,0
6140.5,1
6140.75,0
6141.0,1
6141.25,0
6150.25,1
6150.5,0
6153.75,1
6156.0,0
6157.0,1
6158.25,0
6158.5,1
6160.75,0
6161.0,1
6161.25,0
6165.75,1
6166.0,0
6174.5,1
6174.75,0
6175.25,1
6175.5,0
6177.25,1
6178.25,0
6178.5,1
6180.0,0
6180.75,1
6182.5,0
6182.75,1
6184.75,0
6185.5,1
6186.0,0
6249.75,1
6253.0,0
6253.25,1
6254.0,0
6254.5,1
6255.0,0
6255.25,1
6255.75,0
6256.0,1
6257.5,0
6260.5,1
6260.75,0
6273.0,1
6274.5,0
6274.75,1
6277.0,0
6277.25,1
6278.0,0
6278.25,1
6278.5,0
6278.75,1
6280.5,0
6280.75,1
6281.25,0
6285.75,1
6286.0,0
6296.5,1
6296.75,0
6297.25,1
6298.0,0
6298.25,1
6299.0,0
6299.5,1
6299.75,0
6300.0,1
6301.5,0
6301.75,1
6303.75,0
6304.25,1
6304.75,0
6305.0,1
6305.25,0
6305.5,1
6305.75,0
6309.25,1
6309.5,0
6321.0,1
6322.0,0
6322.25,1
6322.75,0
6323.0,1
6323.5,0
6323.75,1
6325.75,0
6326.0,1
6327.0,0
6327.25,1
6328.25,0
6328.5,1
6328.75,0
6329.25,1
6329.5,0
6332.5,1
6332.75,0
6333.75,1
6334.0,0
6343.0,1
6343.25,0
6343.75,1
6344.0,0
6344.75,1
6346.5,0
6346.75,1
6347.0,0
6347.25,1
6348.0,0
6348.25,1
6349.0,0
6349.75,1
6351.25,0
6351.5,1
6352.0,0
6352.5,1
6352.75,0
6353.0,1
6353.5,0
6415.75,1
6416.0,0
6417.0,1
6417.5,0
6418.0,1
6419.75,0
6420.0,1
6422.75,0
6423.0,1
6424.75,0
6425.0,1
6425.25,0
6425.75,1
6426.0,0
6440.75,1
6442.0,0
6442.5,1
6442.75,0
6443.0,1
6444.0,0
6444.25,1
6445.5,0
6445.75,1
6448.0,0
6448.25,1
6448.75,0
6449.25,1
6449.75,0
6452.25,1
6452.5,0
6452.75,1
6453.0,0
6453.75,1
6454.0,0
6464.0,1
6464.5,0
6465.0,1
6466.5,0
6466.75,1
6467.5,0
6467.75,1
6468.5,0
6468.75,1
6469.0,0
6469.25,1
6470.25,0
6470.5,1
6471.0,0
6471.5,1
6471.75,0
6472.0,1
6473.25,0
6477.0,1
6477.25,0
6487.0,1
6487.25,0
6489.0,1
6491.5,0
6491.75,1
6492.5,0
6492.75,1
6493.25,0
6493.5,1
6496.0,0
6496.25,1
6496.75,0
6497.0,1
6497.5,0
6511.75,1
6512.0,0
6512.5,1
6512.75,0
6513.5,1
6517.0,0
6517.25,1
6517.5,0
6518.25,1
6518.5,0
6518.75,1
6520.25,0
6520.5,1
6521.5,0
6524.5,1
6524.75,0
6525.75,1
6526.0,0
6582.25,1
6582.75,0
6585.0,1
6586.0,0
6586.25,1
6587.5,0
6588.25,1
6589.25,0
6589.5,1
6590.0,0
6590.25,1
6590.5,0
6591.0,1
6591.5,0
6591.75,1
6592.25,0
6592.5,1
6593.25,0
6594.0,1
6594.25,0
6608.25,1
6608.5,0
6608.75,1
6610.0,0
6610.25,1
6610.75,0
6611.0,1
6611.25,0
6611.5,1
6612.25,0
6612.5,1
6613.25,0
6614.0,1
6615.75,0
6616.0,1
6616.25,0
6616.5,1
6617.25,0
6621.25,1
6621.5,0
6630.5,1
6630.75,0
6633.0,1
6633.25,0
6633.5,1
6634.25,0
6635.0,1
6637.5,0
6637.75,1
6640.0,0
6640.25,1
6641.0,0
6641.25,1
6641.5,0
6644.5,1
6644.75,0
6656.25,1
6656.5,0
6657.0,1
6657.25,0
6657.5,1
6657.75,0
6658.0,1
6659.0,0
6659.25,1
6659.75,0
6660.0,1
6660.25,0
6660.5,1
6661.0,0
6661.25,1
6662.5,0
6662.75,1
6664.0,0
6664.25,1
6665.0,0
6667.5,1
6667.75,0
6670.0,1
6670.25,0
6676.5,1
6676.75,0
6680.0,1
6680.5,0
6680.75,1
6681.25,0
6681.75,1
6682.0,0
6682.25,1
6683.25,0
6683.5,1
6684.0,0
6684.25,1
6685.0,0
6685.25,1
6686.0,0
6686.25,1
6686.75,0
6687.0,1
6687.5,0
6687.75,1
6689.0,0
6750.75,1
6751.0,0
6753.5,1
6753.75,0
6754.0,1
6754.25,0
6754.5,1
6755.5,0
6755.75,1
6756.0,0
6756.75,1
6757.5,0
6757.75,1
6758.25,0
6758.5,1
6758.75,0
6759.0,1
6761.25,0
6801.0,1
6802.0,0
6802.25,1
6803.5,0
6803.75,1
6805.75,0
6806.25,1
6807.25,0
6807.5,1
6808.5,0
6809.0,1
6809.5,0
6812.0,1
6812.25,0
6812.5,1
6812.75,0
6821.75,1
6822.25,0
6823.25,1
6823.5,0
6825.25,1
6826.5,0
6826.75,1
6827.0,0
6827.25,1
6827.5,0
6827.75,1
6828.0,0
6829.0,1
6829.75,0
6830.0,1
6832.75,0
6833.25,1
6833.5,0
6846.75,1
6847.0,0
6848.25,1
6848.5,0
6849.0,1
6849.25,0
6850.0,1
6851.0,0
6851.25,1
6853.0,0
6853.5,1
6855.5,0
6855.75,1
6857.0,0
6857.25,1
6857.75,0
6919.25,1
6919.5,0
6920.75,1
6923.75,0
6924.0,1
6924.5,0
6924.75,1
6926.0,0
6926.25,1
6926.5,0
6926.75,1
6927.0,0
6927.25,1
6928.0,0
6928.25,1
6929.0,0
6929.25,1
6929.5,0
6929.75,1
6930.0,0
6943.25,1
6943.5,0
6945.0,1
6945.5,0
6946.0,1
6946.5,0
6947.0,1
6947.5,0
6947.75,1
6948.75,0
6949.0,1
6949.75,0
6950.0,1
6950.5,0
6950.75,1
6952.25,0
6952.5,1
6953.0,0
6953.25,1
6953.5,0
6969.25,1
6969.75,0
6970.0,1
6971.5,0
6971.75,1
6973.0,0
6973.25,1
6975.0,0
6975.25,1
6977.25,0
6990.75,1
6991.0,0
6992.0,1
6992.25,0
6992.75,1
6993.0,0
6993.25,1
6993.5,0
6994.0,1
6994.75,0
6995.0,1
6995.25,0
6995.5,1
6998.25,0
6998.5,1
7000.75,0
7001.0,1
7001.25,0
7004.25,1
7004.5,0
7006.0,1
7006.25,0
7015.75,1
7016.0,0
7016.75,1
7017.5,0
7017.75,1
7019.5,0
7020.0,1
7021.75,0
7022.25,1
7022.75,0
7023.0,1
7025.25,0
7028.0,1
7028.25,0
7086.25,1
7086.5,0
7088.5,1
7088.75,0
7089.0,1
7089.25,0
7089.5,1
7090.0,0
7090.25,1
7090.5,0
7090.75,1
7094.25,0
7094.5,1
7095.25,0
7096.0,1
7096.5,0
7096.75,1
7097.25,0
7097.5,1
7098.0,0
7113.25,1
7116.75,0
7117.0,1
7117.25,0
7117.5,1
7118.0,0
7118.25,1
7119.0,0
7119.5,1
7121.0,0
7124.25,1
7124.5,0
7125.0,1
7125.25,0
7136.25,1
7136.5,0
7137.25,1
7141.5,0
7141.75,1
7142.5,0
7142.75,1
7143.0,0
7143.25,1
7144.25,0
7144.75,1
7145.0,0
7159.5,1
7160.0,0
7160.75,1
7161.25,0
7162.0,1
7162.5,0
7162.75,1
7164.25,0
7164.5,1
7164.75,0
7165.0,1
7165.75,0
7166.25,1
7166.75,0
7167.0,1
7168.5,0
7169.0,1
7169.25,0
7173.0,1
7173.25,0
7182.0,1
7182.25,0
7184.75,1
7185.0,0
7185.25,1
7185.75,0
7186.0,1
7187.75,0
7188.0,1
7188.5,0
7189.25,1
7189.5,0
7189.75,1
7190.75,0
7191.0,1
7192.25,0
7192.5,1
7192.75,0
7193.0,1
7193.25,0
7257.0,1
7257.25,0
7257.75,1
7259.5,0
7260.0,1
7261.5,0
7262.0,1
7262.5,0
7262.75,1
7263.5,0
7263.75,1
7264.75,0
7265.5,1
7265.75,0
7278.5,1
7278.75,0
7281.5,1
7284.25,0
7284.5,1
7286.0,0
7286.25,1
7288.25,0
7288.5,1
7288.75,0
7302.75,1
7303.0,0
7304.5,1
7305.0,0
7305.25,1
7306.0,0
7306.25,1
7307.25,0
7307.5,1
7308.75,0
7309.25,1
7310.0,0
7310.25,1
7310.5,0
7310.75,1
7311.75,0
7312.0,1
7312.25,0
7312.5,1
7312.75,0
7313.0,1
7313.25,0
7313.75,1
7314.0,0
7328.25,1
7328.5,0
7328.75,1
7329.25,0
7329.5,1
7330.75,0
7331.0,1
7331.25,0
7331.5,1
7332.5,0
7332.75,1
7333.25,0
7333.5,1
7337.0,0
7339.5,1
7339.75,0
7340.5,1
7340.75,0
7341.75,1
7342.0,0
7351.25,1
7351.5,0
7352.75,1
7353.0,0
7353.5,1
7353.75,0
7354.0,1
7355.75,0
7356.0,1
7356.75,0
7357.0,1
7360.75,0
7423.0,1
7423.25,0
7424.75,1
7425.0,0
7425.25,1
7426.75,0
7427.0,1
7427.25,0
7427.5,1
7428.5,0
7428.75,1
7429.0,0
7430.0,1
7431.25,0
7431.5,1
7432.0,0
7432.25,1
7433.25,0
7449.0,1
7449.5,0
7449.75,1
7450.25,0
7450.75,1
7454.0,0
7454.25,1
7454.75,0
7455.0,1
7455.25,0
7455.75,1
7456.5,0
7456.75,1
7457.0,0
7460.0,1
7460.5,0
7461.25,1
7461.5,0
7469.75,1
7470.0,0
7473.0,1
7474.5,0
7474.75,1
7476.5,0
7476.75,1
7478.0,0
7478.25,1
7480.25,0
7480.5,1
7481.25,0
7496.0,1
7496.5,0
7497.0,1
7497.25,0
7497.5,1
7497.75,0
7498.0,1
7498.5,0
7499.0,1
7501.25,0
7501.75,1
7502.0,0
7502.25,1
7503.0,0
7503.25,1
7503.5,0
7503.75,1
7505.75,0
7518.0,1
7518.25,0
7519.25,1
7519.5,0
7519.75,1
7520.0,0
7520.25,1
7520.5,0
7520.75,1
7523.0,0
7523.25,1
7523.5,0
7523.75,1
7524.0,0
7524.25,1
7524.75,0
7525.0,1
7525.5,0
7525.75,1
7527.25,0
7527.5,1
7528.0,0
7528.5,1
7528.75,0
7529.0,1
7529.25,0
7592.5,1
7592.75,0
7593.25,1
7595.25,0
7595.75,1
7596.0,0
7596.25,1
7598.0,0
7598.25,1
7598.5,0
7598.75,1
7599.25,0
7599.5,1
7600.75,0
7601.25,1
7601.5,0
7601.75,1
7602.0,0
7614.5,1
7614.75,0
7615.5,1
7615.75,0
7616.5,1
7616.75,0
7617.0,1
7618.75,0
7619.0,1
7619.5,0
7619.75,1
7620.0,0
7620.25,1
7621.5,0
7621.75,1
7624.75,0
7628.75,1
7629.0,0
7641.25,1
7643.25,0
7643.75,1
7647.5,0
7647.75,1
7648.0,0
7648.25,1
7649.25,0
7665.25,1
7665.5,0
7665.75,1
7666.25,0
7666.75,1
7667.0,0
7667.25,1
7667.5,0
7667.75,1
7668.0,0
7668.25,1
7668.5,0
7669.0,1
7670.5,0
7670.75,1
7671.0,0
7671.25,1
7673.0,0
7673.25,1
7673.5,0
7676.25,1
7676.5,0
7686.25,1
7686.5,0
7688.5,1
7688.75,0
7689.0,1
7689.25,0
7689.5,1
7692.5,0
7692.75,1
7693.0,0
7693.25,1
7693.5,0
7694.0,1
7694.25,0
7694.75,1
7695.75,0
7696.0,1
7696.5,0
7697.25,1
7697.5,0
7700.75,1
7701.0,0
7758.0,1
7758.25,0
7761.0,1
7763.0,0
7763.25,1
7763.5,0
7763.75,1
7764.0,0
7764.25,1
7764.75,0
7765.0,1
7765.25,0
7765.5,1
7766.5,0
7766.75,1
7767.5,0
7767.75,1
7769.0,0
7772.5,1
7772.75,0
7783.5,1
7784.0,0
7784.5,1
7784.75,0
7785.0,1
7786.5,0
7787.0,1
7787.25,0
7787.5,1
7788.75,0
7789.0,1
7789.25,0
7790.0,1
7793.25,0
7805.75,1
7806.0,0
7807.0,1
7807.25,0
7807.5,1
7807.75,0
7808.5,1
7809.5,0
7809.75,1
7810.5,0
7810.75,1
7811.0,0
7811.25,1
7811.75,0
7812.25,1
7812.5,0
7813.0,1
7814.0,0
7814.25,1
7814.5,0
7814.75,1
7817.25,0
7832.5,1
7833.5,0
7833.75,1
7835.25,0
7835.5,1
7837.5,0
7837.75,1
7838.75,0
7839.0,1
7839.25,0
7839.5,1
7840.25,0
7840.75,1
7841.25,0
7841.5,1
7841.75,0
7844.0,1
7844.25,0
7926.5,1
7926.75,0
7927.0,1
7927.25,0
7927.5,1
7927.75,0
7928.5,1
7929.0,0
7929.5,1
7929.75,0
7930.0,1
7931.0,0
7931.25,1
7931.5,0
7931.75,1
7933.0,0
7933.25,1
7934.5,0
7935.0,1
7936.75,0
7937.0,1
7937.5,0
7952.25,1
7952.5,0
7953.25,1
7953.75,0
7954.0,1
7954.25,0
7954.5,1
7955.0,0
7955.25,1
7955.75,0
7956.0,1
7957.25,0
7958.0,1
7961.0,0
7961.5,1
7961.75,0
7964.75,1
7965.0,0
7976.5,1
7977.0,0
7977.25,1
7978.0,0
7978.25,1
7980.0,0
7980.25,1
7981.0,0
7981.5,1
7983.0,0
7983.25,1
7984.75,0
7985.0,1
7985.25,0
7985.5,1
7985.75,0
7988.5,1
7988.75,0
7989.0,1
7989.25,0
8000.75,1
8001.0,0
8001.25,1
8003.25,0
8003.5,1
8003.75,0
8004.25,1
8004.5,0
8004.75,1
8005.0,0
8005.25,1
8005.75,0
8006.0,1
8007.75,0
8008.0,1
8009.75,0
8022.75,1
8023.0,0
8023.25,1
8023.5,0
8024.75,1
8025.0,0
8025.25,1
8026.0,0
8026.25,1
8028.25,0
8028.5,1
8029.0,0
8029.25,1
8030.0,0
8030.25,1
8030.5,0
8031.0,1
8032.25,0
8032.75,1
8033.0,0
8036.25,1
8036.5,0
8096.25,1
8096.5,0
8097.25,1
8098.0,0
8098.25,1
8099.0,0
8099.25,1
8100.5,0
8100.75,1
8101.0,0
8101.5,1
8103.5,0
8103.75,1
8104.25,0
8104.5,1
8104.75,0
8105.0,1
8105.25,0
8105.75,1
8106.0,0
8119.25,1
8119.5,0
8120.75,1
8121.0,0
8121.25,1
8121.5,0
8121.75,1
8123.75,0
8124.0,1
8124.5,0
8124.75,1
8127.0,0
8127.25,1
8128.5,0
8129.0,1
8129.25,0
8129.75,1
8130.0,0
8142.0,1
8142.25,0
8144.5,1
8144.75,0
8145.0,1
8145.25,0
8145.75,1
8147.0,0
8147.5,1
8147.75,0
8148.0,1
8149.0,0
8149.25,1
8149.75,0
8150.25,1
8150.5,0
8150.75,1
8151.0,0
8151.25,1
8153.25,0
8157.5,1
8158.0,0
8167.75,1
8168.0,0
8169.5,1
8171.0,0
8171.25,1
8172.5,0
8173.0,1
8174.0,0
8174.25,1
8177.25,0
8193.0,1
8193.25,0
8193.5,1
8193.75,0
8194.25,1
8195.25,0
8195.5,1
8196.0,0
8196.5,1
8198.25,0
8198.5,1
8198.75,0
8199.0,1
8199.5,0
8200.25,1
8200.75,0
8202.0,1
8202.25,0
8262.25,1
8262.5,0
8263.25,1
8263.5,0
8263.75,1
8264.0,0
8264.25,1
8265.0,0
8265.25,1
8266.25,0
8266.5,1
8267.5,0
8268.0,1
8268.25,0
8268.75,1
8269.25,0
8269.5,1
8271.5,0
8271.75,1
8272.0,0
8272.25,1
8273.25,0
8273.75,1
8274.0,0
8287.5,1
8288.0,0
8288.75,1
8290.5,0
8290.75,1
8292.25,0
8292.5,1
8294.5,0
8294.75,1
8296.25,0
8296.5,1
8297.5,0
8311.0,1
8311.5,0
8312.5,1
8312.75,0
8313.0,1
8319.5,0
8319.75,1
8320.25,0
8320.5,1
8321.25,0
8325.0,1
8325.5,0
8336.75,1
8337.0,0
8337.5,1
8339.5,0
8339.75,1
8342.25,0
8343.0,1
8344.5,0
8344.75,1
8345.0,0
8358.75,1
8359.0,0
8360.5,1
8361.0,0
8361.75,1
8364.5,0
8364.75,1
8365.0,0
8365.25,1
8367.0,0
8367.75,1
8368.0,0
8368.25,1
8369.5,0
8433.5,1
8434.5,0
8434.75,1
8435.25,0
8435.5,1
8437.0,0
8437.25,1
8438.5,0
8438.75,1
8439.0,0
8439.5,1
8439.75,0
8440.0,1
8441.25,0
8454.25,1
8455.0,0
8457.5,1
8459.75,0
8460.0,1
8461.0,0
8461.75,1
8462.0,0
8462.25,1
8462.5,0
8463.0,1
8463.5,0
8464.25,1
8464.5,0
8464.75,1
8465.0,0
8465.25,1
8465.5,0
8478.5,1
8478.75,0
8480.5,1
8480.75,0
8481.25,1
8483.75,0
8484.0,1
8484.75,0
8485.0,1
8485.75,0
8486.25,1
8486.5,0
8486.75,1
8487.75,0
8488.0,1
8489.25,0
8492.75,1
8493.0,0
8493.75,1
8494.0,0
8505.0,1
8507.75,0
8508.25,1
8509.25,0
8509.75,1
8510.0,0
8510.25,1
8510.5,0
8510.75,1
8511.0,0
8511.25,1
8512.0,0
8512.5,1
8513.25,0
8526.25,1
8526.75,0
8528.0,1
8528.25,0
8528.75,1
8530.0,0
8530.25,1
8530.75,0
8531.0,1
8532.0,0
8532.25,1
8532.5,0
8532.75,1
8534.75,0
8535.0,1
8535.5,0
8535.75,1
8536.25,0
8537.0,1
8537.5,0
8622.0,1
8622.25,0
8625.0,1
8625.5,0
8625.75,1
8626.0,0
8626.25,1
8627.5,0
8627.75,1
8628.25,0
8628.5,1
8629.25,0
8629.5,1
8631.25,0
8631.5,1
8631.75,0
8632.0,1
8633.75,0
8647.25,1
8647.5,0
8647.75,1
8648.0,0
8648.25,1
8648.5,0
8649.25,1
8649.75,0
8650.0,1
8650.5,0
8650.75,1
8651.0,0
8651.25,1
8655.75,0
8656.0,1
8656.75,0
8657.0,1
8657.25,0
8670.25,1
8670.5,0
8673.25,1
8673.75,0
8674.0,1
8674.5,0
8674.75,1
8676.75,0
8677.0,1
8678.25,0
8678.75,1
8679.0,0
8679.25,1
8680.25,0
8681.25,1
8681.5,0
8696.0,1
8696.25,0
8697.25,1
8697.5,0
8697.75,1
8698.0,0
8698.5,1
8700.0,0
8700.75,1
8704.25,0
8704.5,1
8705.0,0
