#1


float Room-336 (4337,2)
0.0,0
31.5,1
31.75,0
32.75,1
33.25,0
33.5,1
35.0,0
35.25,1
36.25,0
36.5,1
37.0,0
37.25,1
37.5,0
38.0,1
41.5,0
42.0,1
42.25,0
45.5,1
45.75,0
57.0,1
57.75,0
58.0,1
58.75,0
59.25,1
59.5,0
59.75,1
60.25,0
60.5,1
60.75,0
61.0,1
61.25,0
61.5,1
61.75,0
62.0,1
63.75,0
64.25,1
65.25,0
68.25,1
68.5,0
78.25,1
78.75,0
79.5,1
79.75,0
80.25,1
81.0,0
81.25,1
83.0,0
83.25,1
85.75,0
86.0,1
88.5,0
88.75,1
89.0,0
93.75,1
94.0,0
94.5,1
94.75,0
102.5,1
102.75,0
104.5,1
106.0,0
106.25,1
106.5,0
106.75,1
107.5,0
107.75,1
108.0,0
108.25,1
109.0,0
109.5,1
110.25,0
110.5,1
110.75,0
111.0,1
111.75,0
112.0,1
113.25,0
116.0,1
116.25,0
128.75,1
129.0,0
129.25,1
129.75,0
130.25,1
131.0,0
131.75,1
133.0,0
133.25,1
133.75,0
134.0,1
135.25,0
135.5,1
136.0,0
136.25,1
136.5,0
137.0,1
137.25,0
141.75,1
142.0,0
198.25,1
198.5,0
199.75,1
200.0,0
200.5,1
200.75,0
201.0,1
201.25,0
201.5,1
202.0,0
202.25,1
205.75,0
206.0,1
206.25,0
206.5,1
208.5,0
212.25,1
212.5,0
214.5,1
214.75,0
223.25,1
223.5,0
224.5,1
224.75,0
226.25,1
226.5,0
226.75,1
227.0,0
227.25,1
228.75,0
229.5,1
229.75,0
230.0,1
231.5,0
231.75,1
232.0,0
232.25,1
233.0,0
236.0,1
236.25,0
247.25,1
247.5,0
248.5,1
248.75,0
249.0,1
249.25,0
249.5,1
251.75,0
252.25,1
254.75,0
255.0,1
256.0,0
256.25,1
256.75,0
257.0,1
257.25,0
273.0,1
273.25,0
273.5,1
273.75,0
274.0,1
277.5,0
278.0,1
278.75,0
279.25,1
279.5,0
279.75,1
280.75,0
294.5,1
294.75,0
295.5,1
295.75,0
296.5,1
297.0,0
297.5,1
298.5,0
298.75,1
299.75,0
300.0,1
300.5,0
301.0,1
302.25,0
302.75,1
303.0,0
303.25,1
304.5,0
304.75,1
305.0,0
305.5,1
305.75,0
366.5,1
366.75,0
368.5,1
368.75,0
369.5,1
369.75,0
370.0,1
370.25,0
370.5,1
372.25,0
372.5,1
373.0,0
373.25,1
374.0,0
374.5,1
377.25,0
377.5,1
377.75,0
381.75,1
382.0,0
392.75,1
393.5,0
394.0,1
395.5,0
396.25,1
396.5,0
397.25,1
398.5,0
398.75,1
400.0,0
400.25,1
401.0,0
403.75,1
404.0,0
439.0,1
439.25,0
440.5,1
440.75,0
441.0,1
444.25,0
444.5,1
445.5,0
446.0,1
446.5,0
446.75,1
448.0,0
448.5,1
448.75,0
465.25,1
465.5,0
465.75,1
468.25,0
468.5,1
469.5,0
470.0,1
472.0,0
472.5,1
473.5,0
476.75,1
477.0,0
534.25,1
534.5,0
534.75,1
535.25,0
535.75,1
536.0,0
537.0,1
539.0,0
539.25,1
540.0,0
540.25,1
541.5,0
542.25,1
542.75,0
543.0,1
544.75,0
545.25,1
545.5,0
549.0,1
549.5,0
558.25,1
558.5,0
560.75,1
562.5,0
563.0,1
563.5,0
563.75,1
564.75,0
565.0,1
565.25,0
566.0,1
567.0,0
567.25,1
567.5,0
568.0,1
568.5,0
568.75,1
569.0,0
569.5,1
569.75,0
572.5,1
572.75,0
586.0,1
586.75,0
587.0,1
587.25,0
587.5,1
589.25,0
589.5,1
589.75,0
590.25,1
592.75,0
593.0,1
593.25,0
606.5,1
607.0,0
608.5,1
609.5,0
609.75,1
611.25,0
611.75,1
613.5,0
613.75,1
615.75,0
616.0,1
616.5,0
616.75,1
617.25,0
632.75,1
633.25,0
633.5,1
634.5,0
634.75,1
636.0,0
636.25,1
636.75,0
637.0,1
637.25,0
637.5,1
641.25,0
703.5,1
703.75,0
704.75,1
705.0,0
705.25,1
705.5,0
705.75,1
706.0,0
706.5,1
707.75,0
708.0,1
710.0,0
710.5,1
712.75,0
713.25,1
713.75,0
726.25,1
726.5,0
726.75,1
727.0,0
729.25,1
729.5,0
729.75,1
734.25,0
734.5,1
734.75,0
735.25,1
736.75,0
737.75,1
738.0,0
739.25,1
739.5,0
750.75,1
751.0,0
753.5,1
754.75,0
755.0,1
756.75,0
757.0,1
757.75,0
758.0,1
760.25,0
760.5,1
761.25,0
765.25,1
765.5,0
775.0,1
775.5,0
777.5,1
778.5,0
778.75,1
780.25,0
780.75,1
781.0,0
781.25,1
782.0,0
782.25,1
784.0,0
784.5,1
785.0,0
787.75,1
788.0,0
789.0,1
789.25,0
790.5,1
790.75,0
798.5,1
798.75,0
799.0,1
799.25,0
801.25,1
803.5,0
804.0,1
805.0,0
805.25,1
805.5,0
805.75,1
806.0,0
806.25,1
806.75,0
807.25,1
808.75,0
809.0,1
809.5,0
812.75,1
813.0,0
872.25,1
872.5,0
873.25,1
875.5,0
875.75,1
876.5,0
876.75,1
877.0,0
877.25,1
877.5,0
877.75,1
878.75,0
879.25,1
880.25,0
880.5,1
880.75,0
881.0,1
881.25,0
897.25,1
897.5,0
897.75,1
898.25,0
898.5,1
899.75,0
900.0,1
901.0,0
901.25,1
905.0,0
909.25,1
909.5,0
919.75,1
920.25,0
921.0,1
921.25,0
922.0,1
923.5,0
923.75,1
925.25,0
925.5,1
925.75,0
926.0,1
926.25,0
926.5,1
926.75,0
927.0,1
927.25,0
927.5,1
929.0,0
929.25,1
929.5,0
932.75,1
933.0,0
942.25,1
942.5,0
943.0,1
943.25,0
945.5,1
946.5,0
946.75,1
948.0,0
948.25,1
949.0,0
949.25,1
952.0,0
952.25,1
952.5,0
952.75,1
953.0,0
953.25,1
953.5,0
966.25,1
966.75,0
968.5,1
968.75,0
969.0,1
970.0,0
970.25,1
970.5,0
971.25,1
974.25,0
974.5,1
974.75,0
975.25,1
977.25,0
1038.25,1
1038.75,0
1039.0,1
1039.25,0
1039.5,1
1039.75,0
1041.0,1
1041.25,0
1041.75,1
1042.0,0
1042.25,1
1042.75,0
1043.0,1
1044.25,0
1044.5,1
1045.75,0
1046.25,1
1046.5,0
1046.75,1
1047.5,0
1047.75,1
1048.75,0
1049.0,1
1049.5,0
1063.0,1
1063.25,0
1064.25,1
1064.75,0
1065.5,1
1066.75,0
1067.0,1
1068.5,0
1069.0,1
1069.5,0
1069.75,1
1071.5,0
1071.75,1
1073.0,0
1073.5,1
1073.75,0
1111.25,1
1111.5,0
1113.0,1
1113.25,0
1113.5,1
1115.5,0
1115.75,1
1116.75,0
1117.5,1
1119.25,0
1119.5,1
1120.0,0
1120.25,1
1121.0,0
1126.0,1
1126.25,0
1134.25,1
1134.5,0
1135.25,1
1135.5,0
1136.25,1
1136.5,0
1137.75,1
1138.25,0
1138.5,1
1140.75,0
1141.0,1
1141.75,0
1142.0,1
1142.25,0
1142.5,1
1142.75,0
1143.25,1
1144.75,0
1208.0,1
1209.75,0
1210.0,1
1211.0,0
1211.25,1
1212.5,0
1213.0,1
1213.5,0
1213.75,1
1214.25,0
1214.75,1
1216.0,0
1216.25,1
1216.5,0
1217.0,1
1217.25,0
1217.5,1
1217.75,0
1230.75,1
1231.0,0
1232.25,1
1232.5,0
1233.5,1
1234.5,0
1234.75,1
1235.0,0
1235.25,1
1237.75,0
1238.25,1
1238.75,0
1239.25,1
1239.75,0
1240.0,1
1240.75,0
1241.25,1
1241.75,0
1254.0,1
1254.5,0
1254.75,1
1255.0,0
1256.25,1
1256.75,0
1257.25,1
1258.75,0
1259.0,1
1261.0,0
1261.25,1
1261.5,0
1261.75,1
1262.0,0
1262.25,1
1264.5,0
1264.75,1
1265.25,0
1280.75,1
1281.25,0
1281.5,1
1283.0,0
1283.25,1
1283.75,0
1284.5,1
1285.0,0
1285.25,1
1286.25,0
1286.5,1
1287.75,0
1288.25,1
1288.5,0
1288.75,1
1289.0,0
1289.25,1
1289.5,0
1294.5,1
1294.75,0
1303.0,1
1303.25,0
1303.75,1
1304.0,0
1304.75,1
1305.5,0
1305.75,1
1307.0,0
1307.25,1
1307.5,0
1307.75,1
1310.75,0
1311.0,1
1313.25,0
1316.0,1
1316.25,0
1317.0,1
1317.25,0
1374.25,1
1374.5,0
1377.0,1
1379.0,0
1379.5,1
1380.25,0
1380.75,1
1381.25,0
1382.25,1
1382.75,0
1383.0,1
1385.25,0
1401.0,1
1401.75,0
1402.0,1
1402.5,0
1402.75,1
1405.0,0
1405.75,1
1406.0,0
1406.25,1
1406.5,0
1406.75,1
1407.5,0
1407.75,1
1408.5,0
1408.75,1
1409.25,0
1422.5,1
1423.0,0
1424.75,1
1425.5,0
1425.75,1
1427.25,0
1427.75,1
1428.0,0
1428.25,1
1428.75,0
1429.0,1
1429.5,0
1430.0,1
1430.25,0
1430.75,1
1432.25,0
1432.5,1
1433.0,0
1436.25,1
1436.5,0
1446.75,1
1447.0,0
1448.25,1
1448.5,0
1449.5,1
1449.75,0
1450.0,1
1450.75,0
1451.25,1
1451.5,0
1451.75,1
1452.25,0
1452.5,1
1454.0,0
1454.25,1
1454.5,0
1454.75,1
1456.25,0
1456.5,1
1456.75,0
1457.0,1
1457.5,0
1459.5,1
1459.75,0
1470.0,1
1470.5,0
1470.75,1
1471.0,0
1472.25,1
1472.75,0
1473.0,1
1473.5,0
1474.0,1
1474.5,0
1474.75,1
1475.25,0
1475.5,1
1476.0,0
1476.25,1
1477.0,0
1477.25,1
1478.0,0
1478.25,1
1478.5,0
1478.75,1
1479.25,0
1479.5,1
1479.75,0
1480.0,1
1481.25,0
1542.25,1
1542.5,0
1544.25,1
1544.5,0
1545.5,1
1546.25,0
1546.5,1
1547.5,0
1547.75,1
1548.0,0
1548.25,1
1548.5,0
1548.75,1
1549.25,0
1549.5,1
1549.75,0
1550.0,1
1550.5,0
1550.75,1
1551.0,0
1551.25,1
1551.5,0
1551.75,1
1552.25,0
1552.5,1
1553.25,0
1558.0,1
1558.5,0
1567.25,1
1567.5,0
1567.75,1
1568.0,0
1568.75,1
1569.0,0
1569.25,1
1570.5,0
1570.75,1
1571.75,0
1572.0,1
1575.0,0
1575.25,1
1577.0,0
1591.25,1
1591.5,0
1592.25,1
1592.5,0
1592.75,1
1593.5,0
1594.0,1
1595.75,0
1596.0,1
1597.5,0
1597.75,1
1598.5,0
1598.75,1
1599.0,0
1599.25,1
1600.25,0
1600.5,1
1601.25,0
1614.75,1
1615.0,0
1616.5,1
1616.75,0
1617.0,1
1622.75,0
1623.0,1
1624.75,0
1638.25,1
1638.5,0
1638.75,1
1639.0,0
1639.25,1
1639.5,0
1639.75,1
1640.0,0
1640.5,1
1641.25,0
1641.5,1
1642.0,0
1642.25,1
1643.75,0
1644.0,1
1646.5,0
1646.75,1
1649.25,0
1650.0,1
1650.25,0
1710.5,1
1710.75,0
1712.5,1
1712.75,0
1713.25,1
1714.5,0
1714.75,1
1715.75,0
1716.0,1
1716.25,0
1716.75,1
1717.0,0
1717.25,1
1718.25,0
1718.5,1
1719.0,0
1719.25,1
1719.5,0
1720.0,1
1720.75,0
1721.0,1
1721.25,0
1734.75,1
1735.0,0
1736.0,1
1736.5,0
1737.0,1
1738.75,0
1739.0,1
1739.5,0
1739.75,1
1740.5,0
1740.75,1
1741.0,0
1741.25,1
1743.25,0
1743.5,1
1745.25,0
1758.0,1
1758.5,0
1758.75,1
1759.0,0
1760.75,1
1761.75,0
1762.0,1
1765.0,0
1765.25,1
1766.5,0
1766.75,1
1769.0,0
1769.25,1
1769.5,0
1783.25,1
1783.5,0
1783.75,1
1784.0,0
1784.75,1
1785.0,0
1785.75,1
1786.0,0
1786.25,1
1788.75,0
1789.0,1
1789.5,0
1789.75,1
1791.25,0
1791.5,1
1793.5,0
1797.5,1
1797.75,0
1798.25,1
1798.5,0
1809.0,1
1810.5,0
1810.75,1
1811.75,0
1812.0,1
1812.5,0
1813.25,1
1815.5,0
1815.75,1
1817.0,0
1817.75,1
1818.0,0
1821.0,1
1821.25,0
1821.5,1
1821.75,0
1822.5,1
1822.75,0
1877.5,1
1877.75,0
1880.25,1
1880.5,0
1880.75,1
1881.25,0
1881.75,1
1884.0,0
1884.5,1
1884.75,0
1885.0,1
1888.5,0
1889.0,1
1889.25,0
1903.0,1
1903.25,0
1903.75,1
1904.0,0
1905.25,1
1905.75,0
1906.0,1
1906.5,0
1907.0,1
1907.5,0
1907.75,1
1908.75,0
1909.0,1
1910.25,0
1910.5,1
1912.0,0
1912.5,1
1913.0,0
1913.5,1
1913.75,0
1918.0,1
1918.25,0
1918.5,1
1918.75,0
1928.25,1
1928.5,0
1928.75,1
1929.0,0
1929.5,1
1930.25,0
1930.5,1
1930.75,0
1931.0,1
1931.25,0
1932.0,1
1932.5,0
1932.75,1
1934.5,0
1934.75,1
1935.25,0
1935.75,1
1936.25,0
1936.5,1
1936.75,0
1937.0,1
1937.5,0
1949.75,1
1950.0,0
1950.5,1
1950.75,0
1953.0,1
1955.0,0
1955.25,1
1955.75,0
1956.25,1
1956.75,0
1957.0,1
1958.25,0
1959.0,1
1961.25,0
1975.0,1
1975.25,0
1975.75,1
1976.0,0
1977.0,1
1977.5,0
1978.0,1
1978.25,0
1978.75,1
1979.25,0
1979.5,1
1980.25,0
1980.5,1
1980.75,0
1981.25,1
1981.5,0
1981.75,1
1982.25,0
1982.5,1
1984.25,0
1984.5,1
1984.75,0
1985.0,1
1985.5,0
1990.5,1
1990.75,0
2049.5,1
2050.75,0
2051.0,1
2053.5,0
2053.75,1
2054.25,0
2054.5,1
2054.75,0
2055.25,1
2056.5,0
2072.75,1
2073.75,0
2074.0,1
2075.0,0
2075.5,1
2078.0,0
2078.25,1
2078.75,0
2079.0,1
2079.25,0
2079.5,1
2080.25,0
2080.5,1
2080.75,0
2083.25,1
2083.5,0
2095.75,1
2096.0,0
2096.25,1
2096.5,0
2096.75,1
2097.25,0
2097.5,1
2098.5,0
2099.0,1
2100.0,0
2100.25,1
2100.5,0
2100.75,1
2101.0,0
2101.25,1
2102.5,0
2103.0,1
2103.5,0
2103.75,1
2104.75,0
2105.0,1
2105.25,0
2117.75,1
2118.0,0
2118.5,1
2118.75,0
2120.25,1
2120.75,0
2121.0,1
2121.25,0
2121.5,1
2125.0,0
2125.25,1
2125.75,0
2126.0,1
2126.5,0
2126.75,1
2128.5,0
2129.0,1
2129.25,0
2130.25,1
2130.5,0
2133.25,1
2133.5,0
2134.25,1
2134.5,0
2142.75,1
2143.0,0
2144.5,1
2144.75,0
2145.25,1
2147.75,0
2148.0,1
2148.5,0
2148.75,1
2151.0,0
2151.25,1
2151.5,0
2151.75,1
2153.0,0
2153.25,1
2153.5,0
2156.25,1
2156.75,0
2214.75,1
2215.0,0
2216.75,1
2217.0,0
2217.25,1
2217.5,0
2218.0,1
2218.75,0
2219.0,1
2219.25,0
2219.75,1
2220.0,0
2220.25,1
2222.5,0
2222.75,1
2224.5,0
2224.75,1
2225.0,0
2239.0,1
2239.25,0
2240.0,1
2240.25,0
2240.75,1
2241.0,0
2241.25,1
2241.5,0
2241.75,1
2242.0,0
2242.25,1
2243.0,0
2243.25,1
2243.5,0
2243.75,1
2244.75,0
2245.0,1
2245.75,0
2246.25,1
2246.5,0
2246.75,1
2248.25,0
2248.5,1
2249.0,0
2262.5,1
2262.75,0
2264.75,1
2265.0,0
2265.25,1
2265.75,0
2266.5,1
2267.75,0
2268.0,1
2268.75,0
2269.25,1
2270.0,0
2270.5,1
2270.75,0
2271.0,1
2271.75,0
2272.0,1
2273.25,0
2287.0,1
2287.25,0
2289.0,1
2289.5,0
2289.75,1
2292.25,0
2293.0,1
2293.75,0
2294.0,1
2295.0,0
2295.25,1
2295.5,0
2295.75,1
2296.25,0
2296.75,1
2297.25,0
2309.0,1
2309.25,0
2310.0,1
2310.25,0
2311.25,1
2311.5,0
2312.75,1
2313.0,0
2313.25,1
2313.5,0
2313.75,1
2316.5,0
2316.75,1
2317.0,0
2317.25,1
2318.0,0
2318.25,1
2320.25,0
2320.5,1
2321.25,0
2324.5,1
2324.75,0
2382.5,1
2382.75,0
2384.75,1
2385.75,0
2386.25,1
2387.25,0
2387.5,1
2388.0,0
2388.25,1
2388.5,0
2388.75,1
2389.25,0
2389.5,1
2390.25,0
2390.5,1
2391.0,0
2391.5,1
2392.5,0
2392.75,1
2393.25,0
2396.5,1
2396.75,0
2397.25,1
2397.5,0
2405.75,1
2406.0,0
2407.0,1
2407.25,0
2408.25,1
2408.5,0
2409.0,1
2412.25,0
2412.5,1
2413.75,0
2414.25,1
2414.5,0
2414.75,1
2415.0,0
2415.5,1
2415.75,0
2416.0,1
2416.75,0
2417.0,1
2417.5,0
2433.25,1
2433.5,0
2433.75,1
2436.25,0
2436.5,1
2436.75,0
2437.0,1
2437.75,0
2438.0,1
2439.0,0
2439.25,1
2441.5,0
2445.5,1
2445.75,0
2454.75,1
2455.25,0
2456.75,1
2458.0,0
2458.5,1
2460.25,0
2460.5,1
2461.5,0
2461.75,1
2464.0,0
2464.25,1
2464.75,0
2465.75,1
2466.0,0
2478.75,1
2479.0,0
2480.25,1
2480.5,0
2480.75,1
2481.0,0
2481.25,1
2486.0,0
2486.25,1
2487.0,0
2487.25,1
2489.25,0
2489.5,1
2489.75,0
2492.5,1
2492.75,0
2493.0,1
2493.25,0
2550.5,1
2551.0,0
2551.5,1
2552.0,0
2552.75,1
2553.0,0
2553.25,1
2553.5,0
2553.75,1
2556.0,0
2556.25,1
2560.75,0
2561.0,1
2561.25,0
2561.5,1
2561.75,0
2575.5,1
2575.75,0
2576.75,1
2577.25,0
2577.5,1
2580.0,0
2580.25,1
2583.25,0
2583.5,1
2584.5,0
2584.75,1
2585.0,0
2590.0,1
2590.25,0
2601.0,1
2601.25,0
2601.75,1
2602.75,0
2603.25,1
2604.75,0
2605.5,1
2606.25,0
2606.5,1
2608.0,0
2608.25,1
2608.75,0
2609.0,1
2609.75,0
2622.25,1
2622.5,0
2624.25,1
2624.5,0
2625.0,1
2625.5,0
2625.75,1
2626.0,0
2626.25,1
2627.5,0
2627.75,1
2630.0,0
2630.25,1
2630.5,0
2630.75,1
2632.25,0
2632.75,1
2633.0,0
2633.75,1
2634.0,0
2647.75,1
2648.0,0
2648.75,1
2649.0,0
2649.25,1
2649.5,0
2650.0,1
2650.25,0
2650.5,1
2652.75,0
2653.0,1
2654.25,0
2654.5,1
2654.75,0
2655.0,1
2655.25,0
2655.5,1
2656.0,0
2656.25,1
2656.75,0
2657.0,1
2657.25,0
2661.5,1
2661.75,0
2721.5,1
2722.0,0
2722.25,1
2723.75,0
2724.0,1
2725.25,0
2725.5,1
2727.5,0
2727.75,1
2728.75,0
2729.25,1
2729.5,0
2743.5,1
2744.0,0
2745.25,1
2749.0,0
2750.0,1
2751.5,0
2751.75,1
2752.5,0
2752.75,1
2753.25,0
2753.5,1
2753.75,0
2767.5,1
2767.75,0
2768.25,1
2768.5,0
2768.75,1
2769.0,0
2769.5,1
2770.0,0
2770.25,1
2771.75,0
2772.0,1
2772.75,0
2773.0,1
2773.5,0
2773.75,1
2774.5,0
2774.75,1
2775.5,0
2775.75,1
2776.75,0
2777.0,1
2777.25,0
2778.0,1
2778.25,0
2780.5,1
2780.75,0
2790.5,1
2790.75,0
2792.5,1
2793.0,0
2793.25,1
2794.75,0
2795.0,1
2795.25,0
2795.5,1
2796.0,0
2796.25,1
2798.5,0
2799.5,1
2801.25,0
2804.25,1
2804.5,0
2814.5,1
2814.75,0
2816.75,1
2817.0,0
2817.25,1
2817.5,0
2817.75,1
2818.0,0
2818.25,1
2818.75,0
2819.0,1
2819.25,0
2819.5,1
2820.0,0
2820.25,1
2820.75,0
2821.0,1
2824.5,0
2825.0,1
2825.25,0
2888.5,1
2888.75,0
2889.0,1
2890.25,0
2890.5,1
2891.5,0
2892.0,1
2894.0,0
2894.25,1
2895.5,0
2895.75,1
2896.25,0
2896.5,1
2897.25,0
2901.5,1
2901.75,0
2911.0,1
2911.25,0
2912.5,1
2913.5,0
2913.75,1
2914.25,0
2914.5,1
2914.75,0
2915.0,1
2915.25,0
2915.5,1
2916.75,0
2917.0,1
2917.5,0
2917.75,1
2918.5,0
2919.0,1
2919.75,0
2920.0,1
2920.75,0
2921.0,1
2921.25,0
2935.0,1
2935.25,0
2935.75,1
2936.0,0
2937.0,1
2937.75,0
2938.0,1
2938.75,0
2939.0,1
2940.5,0
2940.75,1
2941.75,0
2942.0,1
2942.25,0
2942.5,1
2943.0,0
2943.5,1
2944.5,0
2944.75,1
2945.0,0
2945.25,1
2945.5,0
2959.75,1
2960.0,0
2960.5,1
2961.0,0
2961.25,1
2963.75,0
2964.75,1
2965.25,0
2965.5,1
2966.25,0
2966.5,1
2969.75,0
2981.75,1
2982.0,0
2983.0,1
2983.25,0
2985.0,1
2985.25,0
2985.5,1
2986.75,0
2987.0,1
2987.25,0
2987.5,1
2988.25,0
2988.5,1
2989.0,0
2989.25,1
2990.5,0
2990.75,1
2992.75,0
3056.75,1
3057.0,0
3057.5,1
3058.75,0
3059.0,1
3059.75,0
3060.0,1
3060.75,0
3061.0,1
3064.25,0
3064.5,1
3065.0,0
3065.25,1
3065.5,0
3069.25,1
3069.5,0
3073.75,1
3074.0,0
3081.0,1
3081.25,0
3081.5,1
3081.75,0
3082.0,1
3082.75,0
3083.0,1
3084.0,0
3084.25,1
3085.0,0
3085.25,1
3086.5,0
3086.75,1
3088.0,0
3088.25,1
3089.25,0
3089.75,1
3090.0,0
3091.25,1
3091.5,0
3103.5,1
3103.75,0
3104.25,1
3104.5,0
3105.75,1
3108.25,0
3108.5,1
3109.0,0
3109.25,1
3110.0,0
3110.25,1
3111.0,0
3111.25,1
3112.75,0
3113.0,1
3113.25,0
3113.5,1
3113.75,0
3116.75,1
3117.0,0
3129.5,1
3130.25,0
3130.75,1
3131.25,0
3131.5,1
3131.75,0
3132.0,1
3132.5,0
3133.0,1
3134.5,0
3134.75,1
3135.0,0
3135.25,1
3137.0,0
3152.5,1
3153.0,0
3153.25,1
3153.5,0
3154.0,1
3155.5,0
3156.0,1
3156.5,0
3157.0,1
3157.75,0
3158.0,1
3158.25,0
3158.75,1
3159.0,0
3159.25,1
3160.5,0
3160.75,1
3161.0,0
3161.25,1
3161.5,0
3165.5,1
3165.75,0
3225.5,1
3226.0,0
3226.5,1
3230.75,0
3231.0,1
3231.75,0
3232.0,1
3233.0,0
3236.0,1
3236.25,0
3246.75,1
3247.0,0
3247.75,1
3248.0,0
3249.5,1
3252.75,0
3253.0,1
3253.75,0
3254.0,1
3257.0,0
3260.75,1
3261.0,0
3271.25,1
3271.5,0
3272.75,1
3273.0,0
3273.25,1
3273.75,0
3274.0,1
3276.25,0
3276.75,1
3277.5,0
3277.75,1
3279.0,0
3279.25,1
3280.5,0
3281.25,1
3281.5,0
3285.75,1
3286.0,0
3297.0,1
3297.25,0
3297.75,1
3298.25,0
3298.75,1
3299.25,0
3299.5,1
3300.75,0
3301.25,1
3303.75,0
3304.0,1
3304.5,0
3304.75,1
3305.25,0
3317.25,1
3317.5,0
3319.5,1
3319.75,0
3320.25,1
3320.5,0
3320.75,1
3321.0,0
3321.25,1
3321.75,0
3322.0,1
3325.5,0
3326.0,1
3327.5,0
3327.75,1
3328.75,0
3329.0,1
3329.5,0
3333.75,1
3334.0,0
3392.0,1
3392.25,0
3393.0,1
3393.25,0
3393.5,1
3394.75,0
3395.0,1
3395.5,0
3395.75,1
3396.25,0
3396.5,1
3397.5,0
3398.0,1
3398.5,0
3398.75,1
3399.5,0
3399.75,1
3400.0,0
3400.75,1
3401.0,0
3404.25,1
3404.5,0
3404.75,1
3405.0,0
3414.5,1
3415.0,0
3415.5,1
3415.75,0
3417.0,1
3417.25,0
3417.5,1
3418.0,0
3418.25,1
3418.75,0
3419.0,1
3420.75,0
3421.0,1
3421.75,0
3422.0,1
3422.5,0
3423.0,1
3423.25,0
3423.5,1
3425.5,0
3438.0,1
3438.25,0
3440.5,1
3441.25,0
3441.5,1
3444.0,0
3444.5,1
3446.5,0
3446.75,1
3448.5,0
3452.5,1
3452.75,0
3463.25,1
3463.5,0
3464.75,1
3465.5,0
3465.75,1
3467.5,0
3467.75,1
3468.25,0
3468.75,1
3469.5,0
3469.75,1
3470.5,0
3470.75,1
3471.75,0
3472.0,1
3472.75,0
3476.75,1
3477.0,0
3488.75,1
3489.75,0
3490.25,1
3492.0,0
3492.25,1
3492.5,0
3492.75,1
3493.25,0
3493.5,1
3494.25,0
3494.5,1
3496.75,0
3558.75,1
3559.0,0
3559.25,1
3559.5,0
3560.0,1
3560.25,0
3560.5,1
3560.75,0
3561.5,1
3562.5,0
3563.0,1
3563.75,0
3564.0,1
3565.25,0
3565.75,1
3566.0,0
3566.5,1
3567.0,0
3567.25,1
3569.0,0
3605.75,1
3606.0,0
3606.75,1
3607.0,0
3609.25,1
3609.5,0
3609.75,1
3611.25,0
3611.5,1
3613.0,0
3613.25,1
3613.75,0
3614.0,1
3614.5,0
3614.75,1
3617.0,0
3620.5,1
3621.0,0
3629.75,1
3630.0,0
3632.75,1
3633.0,0
3633.5,1
3634.25,0
3634.75,1
3636.0,0
3636.5,1
3637.25,0
3638.0,1
3639.75,0
3640.0,1
3641.0,0
3657.0,1
3660.5,0
3661.0,1
3661.25,0
3661.5,1
3662.0,0
3662.25,1
3665.0,0
3726.5,1
3726.75,0
3727.25,1
3727.5,0
3728.5,1
3728.75,0
3729.0,1
3729.25,0
3729.5,1
3730.0,0
3731.0,1
3735.75,0
3736.0,1
3736.75,0
3753.25,1
3756.5,0
3756.75,1
3757.0,0
3757.5,1
3759.75,0
3760.0,1
3761.0,0
3761.25,1
3761.5,0
3774.25,1
3774.5,0
3776.0,1
3776.25,0
3776.75,1
3777.25,0
3777.75,1
3778.0,0
3778.25,1
3779.75,0
3780.0,1
3780.75,0
3781.0,1
3782.25,0
3782.5,1
3783.0,0
3783.25,1
3784.75,0
3785.0,1
3785.25,0
3798.5,1
3798.75,0
3799.25,1
3799.5,0
3801.0,1
3803.0,0
3803.25,1
3806.75,0
3807.0,1
3809.0,0
3813.0,1
3813.25,0
3824.25,1
3824.75,0
3825.25,1
3829.25,0
3830.0,1
3831.75,0
3832.0,1
3833.0,0
3833.5,1
3833.75,0
3838.0,1
3838.25,0
3896.75,1
3897.25,0
3897.5,1
3898.75,0
3899.0,1
3899.25,0
3899.5,1
3901.5,0
3902.25,1
3902.5,0
3902.75,1
3903.0,0
3903.5,1
3905.0,0
3905.5,1
3905.75,0
3918.0,1
3918.25,0
3919.75,1
3920.0,0
3921.25,1
3921.5,0
3922.75,1
3923.25,0
3923.5,1
3924.25,0
3924.75,1
3925.5,0
3925.75,1
3926.25,0
3926.5,1
3928.75,0
3933.5,1
3933.75,0
3944.75,1
3947.0,0
3947.5,1
3950.5,0
3950.75,1
3952.25,0
3952.5,1
3952.75,0
3953.25,1
3953.75,0
3956.5,1
3957.0,0
3966.75,1
3967.0,0
3968.5,1
3969.0,0
3969.75,1
3970.75,0
3971.0,1
3971.5,0
3971.75,1
3972.75,0
3973.25,1
3975.5,0
3975.75,1
3976.25,0
3992.0,1
3992.25,0
3992.75,1
3993.0,0
3993.5,1
3993.75,0
3994.0,1
3994.5,0
3994.75,1
3995.75,0
3996.25,1
3997.0,0
3997.5,1
3998.0,0
3998.5,1
3999.25,0
4000.0,1
4000.5,0
4001.0,1
4001.25,0
4004.25,1
4004.5,0
4064.25,1
4065.5,0
4065.75,1
4066.0,0
4066.5,1
4067.0,0
4067.25,1
4067.5,0
4067.75,1
4070.0,0
4070.5,1
4070.75,0
4071.25,1
4073.5,0
4089.25,1
4089.75,0
4090.0,1
4091.0,0
4091.25,1
4093.75,0
4094.25,1
4094.5,0
4095.0,1
4095.5,0
4095.75,1
4097.25,0
4101.25,1
4101.5,0
4111.25,1
4112.0,0
4113.0,1
4113.5,0
4113.75,1
4116.75,0
4117.0,1
4117.5,0
4117.75,1
4119.5,0
4119.75,1
4121.0,0
4137.25,1
4137.75,0
4138.25,1
4140.25,0
4140.5,1
4141.0,0
4141.5,1
4143.75,0
4144.0,1
4145.25,0
4158.0,1
4158.25,0
4160.0,1
4160.25,0
4161.0,1
4161.25,0
4161.5,1
4162.0,0
4162.25,1
4163.0,0
4163.25,1
4166.5,0
4166.75,1
4169.5,0
4173.0,1
4173.25,0
4230.5,1
4230.75,0
4231.0,1
4231.25,0
4231.5,1
4231.75,0
4233.0,1
4236.5,0
4236.75,1
4237.25,0
4237.5,1
4240.25,0
4240.5,1
4241.0,0
4241.5,1
4241.75,0
4254.0,1
4254.25,0
4256.75,1
4257.0,0
4257.25,1
4258.25,0
4258.5,1
4260.25,0
4261.5,1
4264.75,0
4265.0,1
4265.5,0
4265.75,1
4266.0,0
4269.0,1
4269.25,0
4281.0,1
4282.5,0
4282.75,1
4283.0,0
4283.25,1
4286.25,0
4286.5,1
4286.75,0
4287.0,1
4287.25,0
4287.5,1
4287.75,0
4288.25,1
4288.75,0
4289.0,1
4289.5,0
4303.0,1
4303.25,0
4304.25,1
4305.0,0
4305.25,1
4306.0,0
4306.25,1
4309.5,0
4309.75,1
4310.0,0
4310.25,1
4310.5,0
4311.25,1
4311.5,0
4311.75,1
4313.0,0
4313.25,1
4313.5,0
4326.25,1
4326.75,0
4329.75,1
4330.75,0
4331.0,1
4331.5,0
4332.0,1
4333.75,0
4334.0,1
4336.75,0
4337.25,1
4337.75,0
4398.25,1
4398.5,0
4401.25,1
4402.25,0
4402.5,1
4406.75,0
4407.0,1
4407.25,0
4407.5,1
4409.0,0
4409.25,1
4409.75,0
4413.25,1
4413.5,0
4448.0,1
4448.25,0
4449.5,1
4450.0,0
4450.25,1
4451.0,0
4451.25,1
4452.0,0
4452.25,1
4455.0,0
4455.25,1
4457.0,0
4460.5,1
4460.75,0
4469.5,1
4469.75,0
4471.0,1
4471.25,0
4472.75,1
4474.0,0
4474.25,1
4475.5,0
4475.75,1
4476.0,0
4476.25,1
4476.75,0
4477.25,1
4478.25,0
4478.75,1
4479.0,0
4479.25,1
4480.25,0
4480.5,1
4481.25,0
4481.5,1
4481.75,0
4495.25,1
4495.5,0
4495.75,1
4496.25,0
4497.0,1
4498.25,0
4498.5,1
4498.75,0
4499.0,1
4500.25,0
4500.5,1
4500.75,0
4501.0,1
4505.0,0
4505.25,1
4505.5,0
4510.5,1
4510.75,0
4566.75,1
4567.0,0
4569.0,1
4570.75,0
4571.5,1
4572.5,0
4573.25,1
4575.0,0
4575.25,1
4575.75,0
4576.0,1
4577.25,0
4592.25,1
4592.5,0
4592.75,1
4593.5,0
4593.75,1
4595.25,0
4595.5,1
4597.25,0
4597.5,1
4597.75,0
4598.0,1
4598.25,0
4598.75,1
4599.25,0
4599.5,1
4601.25,0
4616.5,1
4617.0,0
4617.75,1
4618.0,0
4618.25,1
4618.5,0
4618.75,1
4621.25,0
4621.75,1
4622.0,0
4622.25,1
4622.75,0
4623.0,1
4623.25,0
4623.5,1
4624.0,0
4624.25,1
4625.0,0
4625.25,1
4625.5,0
4637.5,1
4637.75,0
4638.75,1
4639.0,0
4641.25,1
4641.5,0
4641.75,1
4642.25,0
4642.75,1
4643.25,0
4643.5,1
4645.25,0
4645.5,1
4645.75,0
4646.0,1
4647.0,0
4647.5,1
4649.25,0
4663.75,1
4664.0,0
4665.0,1
4665.5,0
4665.75,1
4666.75,0
4667.25,1
4668.0,0
4668.25,1
4669.5,0
4669.75,1
4671.0,0
4671.25,1
4672.75,0
4673.0,1
4673.5,0
4736.0,1
4736.25,0
4736.5,1
4736.75,0
4737.0,1
4739.75,0
4740.0,1
4740.5,0
4741.0,1
4741.5,0
4741.75,1
4743.0,0
4743.25,1
4744.5,0
4745.0,1
4745.25,0
4759.5,1
4759.75,0
4760.75,1
4761.5,0
4761.75,1
4762.0,0
4762.25,1
4764.25,0
4764.5,1
4765.0,0
4765.25,1
4766.75,0
4767.25,1
4767.75,0
4768.0,1
4768.5,0
4768.75,1
4769.75,0
4781.75,1
4782.0,0
4782.5,1
4783.0,0
4785.0,1
4787.0,0
4787.25,1
4787.5,0
4788.0,1
4788.75,0
4789.0,1
4790.25,0
4790.5,1
4791.75,0
4792.25,1
4793.0,0
4797.0,1
4797.25,0
4807.75,1
4808.0,0
4809.25,1
4812.25,0
4812.5,1
4813.0,0
4813.25,1
4814.25,0
4814.75,1
4815.0,0
4815.25,1
4815.5,0
4815.75,1
4816.25,0
4816.5,1
4817.0,0
4821.0,1
4821.25,0
4833.75,1
4835.5,0
4835.75,1
4836.25,0
4836.5,1
4836.75,0
4837.0,1
4837.25,0
4837.75,1
4839.75,0
4840.25,1
4840.5,0
4840.75,1
4841.25,0
4841.5,1
4841.75,0
4845.25,1
4845.5,0
4846.0,1
4846.25,0
4904.0,1
4905.25,0
4905.5,1
4905.75,0
4906.0,1
4906.25,0
4906.5,1
4909.25,0
4910.25,1
4911.0,0
4911.25,1
4912.75,0
4913.0,1
4913.75,0
4927.0,1
4927.25,0
4928.25,1
4928.5,0
4929.25,1
4931.25,0
4931.5,1
4932.0,0
4932.25,1
4933.25,0
4933.5,1
4933.75,0
4934.5,1
4934.75,0
4935.0,1
4936.25,0
4936.5,1
4937.0,0
4952.0,1
4952.25,0
4953.0,1
4953.5,0
4953.75,1
4956.5,0
4956.75,1
4957.0,0
4957.25,1
4957.75,0
4958.0,1
4958.75,0
4959.25,1
4961.0,0
4964.5,1
4965.0,0
4976.5,1
4976.75,0
4977.25,1
4978.5,0
4978.75,1
4980.25,0
4980.5,1
4981.0,0
4981.75,1
4983.25,0
4983.5,1
4984.0,0
4984.25,1
4984.75,0
4985.0,1
4985.25,0
4985.5,1
4985.75,0
5000.0,1
5000.25,0
5001.0,1
5001.5,0
5001.75,1
5002.5,0
5002.75,1
5004.5,0
5004.75,1
5005.25,0
5005.5,1
5007.25,0
5007.5,1
5008.75,0
5009.0,1
5009.25,0
5009.5,1
5009.75,0
5072.5,1
5072.75,0
5073.25,1
5073.5,0
5073.75,1
5074.5,0
5074.75,1
5075.0,0
5075.25,1
5078.0,0
5078.25,1
5079.0,0
5079.25,1
5080.75,0
5081.25,1
5081.5,0
5094.5,1
5094.75,0
5096.75,1
5098.0,0
5098.5,1
5100.25,0
5100.5,1
5100.75,0
5101.25,1
5103.5,0
5103.75,1
5104.25,0
5104.75,1
5105.25,0
5105.5,1
5105.75,0
5117.5,1
5117.75,0
5119.5,1
5119.75,0
5120.75,1
5121.5,0
5121.75,1
5123.0,0
5123.25,1
5124.25,0
5124.5,1
5125.25,0
5125.5,1
5125.75,0
5126.0,1
5127.0,0
5127.25,1
5127.75,0
5128.0,1
5129.25,0
5145.0,1
5149.0,0
5149.25,1
5149.5,0
5149.75,1
5150.0,0
5150.25,1
5151.25,0
5152.0,1
5152.5,0
5167.75,1
5168.0,0
5168.75,1
5169.0,0
5169.25,1
5169.75,0
5170.25,1
5173.5,0
5173.75,1
5174.0,0
5174.5,1
5176.75,0
5177.0,1
5177.5,0
5240.5,1
5241.0,0
5241.25,1
5245.25,0
5245.5,1
5245.75,0
5246.0,1
5246.25,0
5246.75,1
5247.5,0
5247.75,1
5249.25,0
5261.75,1
5262.0,0
5265.25,1
5265.5,0
5265.75,1
5266.0,0
5266.25,1
5267.5,0
5267.75,1
5268.25,0
5269.0,1
5269.5,0
5270.0,1
5271.25,0
5271.5,1
5272.75,0
5273.0,1
5273.25,0
5277.25,1
5277.5,0
5285.5,1
5285.75,0
5287.0,1
5287.25,0
5289.25,1
5290.5,0
5290.75,1
5292.25,0
5292.5,1
5293.0,0
5293.5,1
5294.5,0
5294.75,1
5295.25,0
5295.5,1
5296.25,0
5296.5,1
5297.25,0
5311.25,1
5311.5,0
5313.25,1
5313.75,0
5314.25,1
5315.5,0
5315.75,1
5316.0,0
5316.5,1
5316.75,0
5317.0,1
5320.75,0
5324.5,1
5324.75,0
5335.75,1
5336.0,0
5337.0,1
5337.25,0
5337.75,1
5339.25,0
5339.75,1
5341.0,0
5341.5,1
5342.0,0
5342.25,1
5342.75,0
5343.0,1
5343.75,0
5344.0,1
5344.25,0
5344.5,1
5345.25,0
5345.5,1
5345.75,0
5405.75,1
5406.0,0
5408.25,1
5408.5,0
5409.5,1
5410.0,0
5410.25,1
5411.5,0
5411.75,1
5413.25,0
5413.75,1
5414.0,0
5414.5,1
5414.75,0
5415.0,1
5416.0,0
5416.25,1
5416.75,0
5417.0,1
5417.5,0
5422.5,1
5422.75,0
5430.25,1
5430.75,0
5431.75,1
5432.25,0
5432.75,1
5433.75,0
5434.0,1
5436.5,0
5437.25,1
5437.75,0
5438.0,1
5439.25,0
5439.5,1
5440.0,0
5440.25,1
5440.75,0
5441.0,1
5441.25,0
5453.75,1
5454.0,0
5456.75,1
5457.0,0
5457.25,1
5458.0,0
5458.25,1
5458.75,0
5459.0,1
5461.25,0
5461.5,1
5461.75,0
5462.0,1
5463.0,0
5463.25,1
5463.5,0
5463.75,1
5465.0,0
5478.0,1
5478.25,0
5480.25,1
5480.5,0
5481.5,1
5483.0,0
5483.25,1
5483.5,0
5483.75,1
5484.0,0
5484.25,1
5485.0,0
5485.25,1
5485.5,0
5485.75,1
5486.5,0
5487.0,1
5489.75,0
5503.25,1
5503.5,0
5505.25,1
5507.25,0
5507.5,1
5507.75,0
5508.0,1
5508.25,0
5508.5,1
5509.0,0
5509.25,1
5510.0,0
5510.25,1
5510.5,0
5511.0,1
5513.0,0
5513.25,1
5513.5,0
5516.0,1
5516.25,0
5574.5,1
5574.75,0
5576.0,1
5576.75,0
5577.25,1
5577.75,0
5578.0,1
5579.5,0
5579.75,1
5581.0,0
5581.25,1
5581.75,0
5582.25,1
5582.5,0
5582.75,1
5583.0,0
5583.25,1
5583.5,0
5584.0,1
5584.25,0
5584.5,1
5585.0,0
5590.0,1
5590.25,0
5600.0,1
5600.25,0
5601.0,1
5602.75,0
5603.0,1
5604.5,0
5604.75,1
5605.0,0
5605.25,1
5606.25,0
5606.75,1
5607.0,0
5607.25,1
5607.75,0
5608.0,1
5609.25,0
5610.0,1
5610.25,0
5622.75,1
5623.0,0
5623.75,1
5624.0,0
5625.25,1
5625.5,0
5625.75,1
5626.5,0
5627.0,1
5627.25,0
5627.5,1
5628.0,0
5628.25,1
5629.75,0
5630.0,1
5631.0,0
5631.25,1
5632.5,0
5632.75,1
5633.0,0
5636.25,1
5636.5,0
5649.5,1
5650.75,0
5651.0,1
5651.25,0
5651.5,1
5653.25,0
5653.5,1
5656.75,0
5660.0,1
5660.25,0
5672.5,1
5673.0,0
5673.75,1
5675.0,0
5675.25,1
5676.25,0
5676.5,1
5677.25,0
5677.5,1
5678.0,0
5678.25,1
5678.5,0
5679.0,1
5679.75,0
5680.0,1
5680.25,0
5680.5,1
5681.0,0
5684.25,1
5684.5,0
5743.5,1
5743.75,0
5744.25,1
5744.75,0
5745.25,1
5746.0,0
5746.25,1
5746.5,0
5746.75,1
5747.25,0
5747.75,1
5750.0,0
5750.5,1
5753.0,0
5756.0,1
5756.25,0
5766.5,1
5766.75,0
5768.75,1
5769.0,0
5769.5,1
5770.5,0
5770.75,1
5773.0,0
5773.25,1
5774.0,0
5774.25,1
5777.0,0
5790.5,1
5790.75,0
5791.75,1
5792.0,0
5793.0,1
5793.25,0
5793.5,1
5795.75,0
5796.0,1
5796.75,0
5797.0,1
5797.75,0
5798.0,1
5798.5,0
5798.75,1
5799.5,0
5799.75,1
5800.0,0
5800.25,1
5800.75,0
5801.0,1
5801.25,0
5815.0,1
5815.25,0
5817.25,1
5818.5,0
5818.75,1
5819.25,0
5819.5,1
5820.0,0
5820.25,1
5820.5,0
5821.0,1
5821.5,0
5821.75,1
5822.25,0
5822.5,1
5822.75,0
5823.25,1
5824.25,0
5824.5,1
5825.0,0
5825.5,1
5825.75,0
5837.75,1
5838.0,0
5840.25,1
5840.5,0
5841.5,1
5846.25,0
5846.5,1
5846.75,0
5847.0,1
5849.0,0
5849.25,1
5849.75,0
5854.75,1
5855.0,0
5909.75,1
5910.0,0
5910.75,1
5911.25,0
5913.25,1
5916.5,0
5916.75,1
5919.75,0
5920.0,1
5921.5,0
5924.5,1
5924.75,0
5960.75,1
5961.0,0
5961.25,1
5962.75,0
5963.75,1
5964.0,0
5964.25,1
5965.5,0
5966.25,1
5968.25,0
5968.5,1
5968.75,0
5969.0,1
5969.25,0
5973.75,1
5974.0,0
5982.75,1
5983.0,0
5984.5,1
5984.75,0
5985.25,1
5987.5,0
5987.75,1
5990.0,0
5990.25,1
5990.75,0
5991.0,1
5992.0,0
5992.25,1
5993.0,0
6006.5,1
6006.75,0
6007.5,1
6007.75,0
6008.0,1
6008.25,0
6009.0,1
6009.25,0
6009.5,1
6012.0,0
6012.25,1
6012.5,0
6012.75,1
6013.5,0
6013.75,1
6015.25,0
6015.5,1
6017.25,0
6078.5,1
6078.75,0
6079.0,1
6079.75,0
6080.25,1
6080.5,0
6081.0,1
6081.25,0
6081.75,1
6082.0,0
6082.25,1
6082.75,0
6083.0,1
6083.5,0
6083.75,1
6084.0,0
6084.5,1
6085.5,0
6085.75,1
6086.0,0
6086.25,1
6087.5,0
6087.75,1
6088.75,0
6089.0,1
6089.5,0
6104.0,1
6104.25,0
6106.0,1
6106.5,0
6106.75,1
6108.25,0
6108.5,1
6109.0,0
6109.25,1
6111.25,0
6111.5,1
6113.25,0
6129.75,1
6130.0,0
6130.25,1
6131.25,0
6131.5,1
6132.0,0
6132.25,1
6132.5,0
6132.75,1
6136.0,0
6136.75,1
6137.25,0
6137.5,1
6137.75,0
6150.5,1
6150.75,0
6151.25,1
6151.5,0
6152.5,1
6152.75,0
6153.0,1
6154.0,0
6154.25,1
6155.5,0
6155.75,1
6160.0,0
6160.25,1
6161.25,0
6176.75,1
6177.5,0
6177.75,1
6178.5,0
6178.75,1
6180.25,0
6180.5,1
6181.75,0
6182.25,1
6182.5,0
6182.75,1
6184.75,0
6185.0,1
6185.25,0
6246.75,1
6247.0,0
6248.0,1
6248.75,0
6249.0,1
6251.75,0
6252.0,1
6252.5,0
6252.75,1
6253.75,0
6254.25,1
6255.0,0
6255.25,1
6257.0,0
6260.25,1
6260.5,0
6272.75,1
6276.0,0
6276.25,1
6278.0,0
6278.25,1
6280.0,0
6280.25,1
6280.75,0
6281.25,1
6281.5,0
6293.75,1
6294.25,0
6297.5,1
6297.75,0
6298.0,1
6298.5,0
6298.75,1
6301.75,0
6302.25,1
6303.25,0
6303.5,1
6303.75,0
6304.0,1
6305.0,0
6308.25,1
6308.5,0
6321.25,1
6323.5,0
6324.25,1
6324.75,0
6325.0,1
6325.25,0
6325.5,1
6327.25,0
6327.5,1
6328.25,0
6329.0,1
6329.25,0
6341.25,1
6341.5,0
6342.75,1
6343.0,0
6343.25,1
6343.5,0
6344.25,1
6345.0,0
6345.25,1
6345.5,0
6345.75,1
6348.75,0
6349.0,1
6349.25,0
6349.75,1
6350.0,0
6350.25,1
6353.25,0
6416.75,1
6417.5,0
6417.75,1
6419.5,0
6419.75,1
6420.5,0
6420.75,1
6422.25,0
6422.5,1
6424.25,0
6424.5,1
6425.0,0
6429.25,1
6429.5,0
6430.0,1
6430.25,0
6440.75,1
6441.75,0
6442.0,1
6443.0,0
6443.25,1
6444.5,0
6444.75,1
6445.75,0
6446.0,1
6446.25,0
6446.5,1
6447.75,0
6448.25,1
6448.75,0
6454.0,1
6454.25,0
6461.25,1
6461.5,0
6464.75,1
6465.0,0
6465.25,1
6465.75,0
6466.0,1
6468.0,0
6468.25,1
6468.5,0
6468.75,1
6470.25,0
6470.5,1
6471.75,0
6472.0,1
6472.25,0
6472.5,1
6473.5,0
6474.0,1
6474.25,0
6487.25,1
6487.5,0
6488.75,1
6489.0,0
6489.25,1
6490.75,0
6491.0,1
6491.75,0
6492.25,1
6492.75,0
6493.0,1
6493.25,0
6493.75,1
6495.5,0
6495.75,1
6496.25,0
6496.5,1
6497.0,0
6512.75,1
6514.0,0
6514.75,1
6517.75,0
6518.0,1
6519.25,0
6519.75,1
6520.0,0
6520.25,1
6520.5,0
6520.75,1
6521.0,0
6524.75,1
6525.0,0
6525.25,1
6525.5,0
6525.75,1
6526.0,0
6584.0,1
6584.25,0
6585.25,1
6585.5,0
6585.75,1
6586.5,0
6587.0,1
6588.0,0
6588.25,1
6588.5,0
6588.75,1
6589.25,0
6589.75,1
6590.0,0
6590.25,1
6590.5,0
6590.75,1
6592.5,0
6592.75,1
6593.25,0
6609.25,1
6610.0,0
6610.5,1
6612.0,0
6612.25,1
6612.5,0
6612.75,1
6613.0,0
6613.75,1
6615.5,0
6615.75,1
6616.25,0
6616.5,1
6616.75,0
6617.0,1
6617.25,0
6620.25,1
6620.5,0
6620.75,1
6621.0,0
6630.5,1
6630.75,0
6632.75,1
6633.0,0
6633.75,1
6634.5,0
6634.75,1
6637.5,0
6637.75,1
6639.75,0
6640.0,1
6641.75,0
6656.75,1
6657.0,0
6657.25,1
6658.5,0
6658.75,1
6660.25,0
6660.5,1
6661.0,0
6661.5,1
6662.75,0
6663.0,1
6663.25,0
6663.5,1
6664.75,0
6665.0,1
6665.25,0
6670.75,1
6671.0,0
6678.25,1
6678.5,0
6679.25,1
6679.75,0
6681.25,1
6682.25,0
6682.75,1
6683.0,0
6683.25,1
6683.75,0
6684.0,1
6684.25,0
6684.5,1
6686.0,0
6686.25,1
6687.75,0
6688.0,1
6689.25,0
6693.25,1
6693.5,0
6749.5,1
6749.75,0
6751.5,1
6751.75,0
6753.0,1
6755.75,0
6756.0,1
6758.75,0
6759.5,1
6761.25,0
6766.0,1
6766.25,0
6798.0,1
6798.25,0
6799.25,1
6799.5,0
6800.25,1
6800.5,0
6800.75,1
6801.5,0
6802.25,1
6804.75,0
6805.0,1
6805.5,0
6805.75,1
6806.0,0
6806.25,1
6808.0,0
6808.25,1
6809.25,0
6822.25,1
6822.75,0
6823.0,1
6823.25,0
6824.5,1
6825.0,0
6825.25,1
6825.5,0
6825.75,1
6827.75,0
6828.0,1
6828.5,0
6829.25,1
6829.5,0
6829.75,1
6830.0,0
6830.5,1
6831.5,0
6831.75,1
6833.5,0
6847.0,1
6847.25,0
6848.5,1
6848.75,0
6849.25,1
6849.5,0
6849.75,1
6852.0,0
6853.0,1
6853.75,0
6854.0,1
6855.0,0
6855.25,1
6855.75,0
6856.0,1
6856.5,0
6856.75,1
6857.0,0
6861.0,1
6861.25,0
6918.5,1
6918.75,0
6921.0,1
6921.25,0
6921.5,1
6922.25,0
6922.5,1
6923.0,0
6923.5,1
6923.75,0
6924.25,1
6924.5,0
6924.75,1
6925.25,0
6925.5,1
6925.75,0
6926.0,1
6927.0,0
6927.25,1
6928.25,0
6928.75,1
6929.0,0
6929.25,1
6929.5,0
6934.0,1
6934.25,0
6944.5,1
6944.75,0
6945.25,1
6946.5,0
6946.75,1
6947.0,0
6947.25,1
6947.5,0
6948.25,1
6948.75,0
6949.0,1
6949.75,0
6950.0,1
6950.75,0
6951.25,1
6952.0,0
6952.25,1
6953.0,0
6953.25,1
6953.5,0
6956.75,1
6957.0,0
6967.0,1
6967.5,0
6968.75,1
6969.0,0
6969.25,1
6969.75,0
6970.0,1
6971.75,0
6972.0,1
6973.0,0
6973.25,1
6975.0,0
6975.25,1
6976.25,0
6976.5,1
6977.25,0
6979.25,1
6979.5,0
6980.25,1
6980.5,0
6981.25,1
6981.75,0
6991.75,1
6992.0,0
6992.75,1
6993.0,0
6993.25,1
6993.5,0
6993.75,1
6995.25,0
6995.5,1
6997.25,0
6997.75,1
6999.0,0
6999.25,1
7001.0,0
7014.25,1
7014.5,0
7014.75,1
7015.0,0
7016.0,1
7016.25,0
7016.75,1
7017.25,0
7017.75,1
7019.25,0
7019.5,1
7022.0,0
7022.25,1
7024.75,0
7025.25,1
7025.75,0
7029.0,1
7029.25,0
7089.5,1
7090.5,0
7090.75,1
7092.0,0
7092.25,1
7092.75,0
7093.0,1
7095.25,0
7095.5,1
7096.75,0
7097.0,1
7097.25,0
7097.5,1
7097.75,0
7100.75,1
7101.0,0
7110.5,1
7111.0,0
7113.25,1
7113.75,0
7114.25,1
7115.75,0
7116.0,1
7118.0,0
7118.5,1
7119.0,0
7119.25,1
7120.25,0
7120.5,1
7120.75,0
7125.0,1
7125.25,0
7135.75,1
7136.0,0
7137.0,1
7143.0,0
7143.25,1
7143.5,0
7144.5,1
7144.75,0
7145.0,1
7145.25,0
7147.25,1
7147.5,0
7159.5,1
7159.75,0
7161.5,1
7164.25,0
7164.5,1
7164.75,0
7165.0,1
7165.25,0
7165.5,1
7166.75,0
7167.0,1
7168.25,0
7168.5,1
7169.0,0
7183.5,1
7183.75,0
7185.0,1
7185.25,0
7185.5,1
7186.75,0
7187.0,1
7188.5,0
7188.75,1
7191.0,0
7191.25,1
7192.75,0
7193.25,1
7193.5,0
7196.75,1
7197.0,0
7255.0,1
7255.25,0
7256.75,1
7257.0,0
7257.25,1
7258.25,0
7258.5,1
7258.75,0
7259.0,1
7259.5,0
7259.75,1
7265.0,0
7266.0,1
7266.25,0
7278.0,1
7278.25,0
7278.5,1
7278.75,0
7279.0,1
7279.25,0
7279.5,1
7279.75,0
7280.75,1
7284.0,0
7284.25,1
7284.5,0
7284.75,1
7285.0,0
7285.25,1
7286.75,0
7287.0,1
7287.25,0
7287.5,1
7288.25,0
7288.5,1
7288.75,0
7289.0,1
7289.25,0
7302.5,1
7302.75,0
7303.5,1
7304.0,0
7304.5,1
7306.75,0
7307.25,1
7307.5,0
7307.75,1
7308.25,0
7308.75,1
7309.5,0
7310.0,1
7310.5,0
7310.75,1
7311.0,0
7311.25,1
7312.5,0
7313.0,1
7313.25,0
7315.5,1
7315.75,0
7328.75,1
7329.0,0
7329.5,1
7330.25,0
7330.5,1
7331.0,0
7331.25,1
7333.0,0
7333.25,1
7335.25,0
7335.5,1
7336.5,0
7337.0,1
7337.25,0
7340.5,1
7340.75,0
7352.75,1
7353.0,0
7353.5,1
7354.0,0
7354.25,1
7356.5,0
7357.0,1
7357.75,0
7358.25,1
7358.5,0
7359.0,1
7359.25,0
7359.75,1
7360.25,0
7360.5,1
7360.75,0
7361.5,1
7361.75,0
7423.5,1
7423.75,0
7425.0,1
7425.25,0
7425.5,1
7426.0,0
7426.5,1
7427.0,0
7427.5,1
7428.0,0
7428.25,1
7429.25,0
7429.5,1
7430.0,0
7430.25,1
7430.75,0
7431.0,1
7432.25,0
7432.5,1
7432.75,0
7433.0,1
7433.5,0
7448.5,1
7448.75,0
7449.25,1
7450.0,0
7450.25,1
7450.75,0
7451.0,1
7452.0,0
7452.25,1
7453.0,0
7453.25,1
7453.5,0
7454.75,1
7456.0,0
7456.25,1
7457.25,0
7461.75,1
7462.0,0
7470.5,1
7470.75,0
7472.5,1
7472.75,0
7473.0,1
7473.5,0
7473.75,1
7475.5,0
7475.75,1
7477.5,0
7477.75,1
7479.25,0
7479.5,1
7480.75,0
7481.5,1
7481.75,0
7485.25,1
7485.5,0
7494.75,1
7495.0,0
7497.0,1
7497.25,0
7497.5,1
7498.0,0
7498.25,1
7499.5,0
7499.75,1
7501.25,0
7501.5,1
7501.75,0
7502.0,1
7502.75,0
7503.25,1
7504.5,0
7505.0,1
7505.5,0
7518.25,1
7518.5,0
7520.25,1
7520.5,0
7520.75,1
7521.0,0
7521.5,1
7522.75,0
7523.0,1
7526.0,0
7526.5,1
7528.75,0
7529.0,1
7529.5,0
7590.0,1
7590.25,0
7591.5,1
7591.75,0
7592.25,1
7592.5,0
7592.75,1
7593.25,0
7593.5,1
7601.0,0
7607.25,1
7607.5,0
7615.5,1
7615.75,0
7616.75,1
7620.25,0
7620.5,1
7621.0,0
7621.25,1
7621.75,0
7622.0,1
7623.0,0
7623.25,1
7625.0,0
7629.25,1
7629.5,0
7634.5,1
7634.75,0
7637.5,1
7637.75,0
7638.75,1
7639.0,0
7641.5,1
7643.75,0
7644.0,1
7645.25,0
7645.75,1
7647.0,0
7647.25,1
7648.75,0
7649.25,1
7649.5,0
7665.5,1
7665.75,0
7666.0,1
7666.25,0
7666.5,1
7666.75,0
7667.0,1
7667.25,0
7667.75,1
7668.0,0
7668.5,1
7669.75,0
7670.0,1
7670.25,0
7670.5,1
7673.0,0
7673.75,1
7674.0,0
7678.0,1
7678.25,0
7689.25,1
7689.75,0
7690.0,1
7694.0,0
7694.5,1
7694.75,0
7695.0,1
7695.25,0
7695.5,1
7696.0,0
7696.25,1
7696.5,0
7696.75,1
7697.0,0
7757.75,1
7758.0,0
7759.0,1
7759.25,0
7759.75,1
7760.0,0
7760.25,1
7760.75,0
7761.0,1
7761.25,0
7761.5,1
7762.25,0
7762.5,1
7763.0,0
7763.25,1
7763.5,0
7763.75,1
7764.0,0
7765.25,1
7765.5,0
7766.0,1
7769.25,0
7783.0,1
7783.25,0
7785.0,1
7785.25,0
7785.5,1
7788.5,0
7789.5,1
7789.75,0
7790.0,1
7792.75,0
7807.75,1
7808.0,0
7809.25,1
7809.5,0
7809.75,1
7811.25,0
7811.75,1
7812.25,0
7812.5,1
7813.75,0
7814.5,1
7814.75,0
7815.0,1
7817.25,0
7832.75,1
7833.25,0
7833.75,1
7834.0,0
7834.5,1
7835.5,0
7836.0,1
7836.5,0
7836.75,1
7838.0,0
7838.5,1
7838.75,0
7839.0,1
7841.5,0
7842.0,1
7842.25,0
7927.25,1
7927.75,0
7928.5,1
7928.75,0
7929.25,1
7929.5,0
7929.75,1
7930.5,0
7930.75,1
7931.5,0
7931.75,1
7933.75,0
7934.0,1
7934.5,0
7934.75,1
7936.75,0
7937.0,1
7937.5,0
7950.75,1
7951.25,0
7951.5,1
7951.75,0
7953.0,1
7955.75,0
7956.25,1
7957.5,0
7957.75,1
7958.75,0
7959.25,1
7960.0,0
7960.25,1
7960.75,0
7961.0,1
7961.5,0
7961.75,1
7962.0,0
7965.25,1
7965.75,0
7974.0,1
7974.25,0
7976.75,1
7977.0,0
7977.25,1
7978.25,0
7978.5,1
7979.0,0
7980.0,1
7981.0,0
7981.25,1
7985.0,0
7985.5,1
7985.75,0
8000.5,1
8000.75,0
8001.0,1
8002.75,0
8003.0,1
8006.0,0
8006.25,1
8007.0,0
8007.5,1
8007.75,0
8008.0,1
8008.5,0
8009.25,1
8009.5,0
8009.75,1
8010.0,0
8024.25,1
8024.5,0
8025.25,1
8026.25,0
8026.5,1
8026.75,0
8027.0,1
8028.25,0
8028.5,1
8029.0,0
8029.25,1
8030.75,0
8031.0,1
8032.0,0
8032.25,1
8033.0,0
8033.5,1
8033.75,0
8038.5,1
8038.75,0
8096.5,1
8096.75,0
8097.25,1
8098.75,0
8099.25,1
8100.25,0
8100.5,1
8100.75,0
8101.0,1
8102.25,0
8102.5,1
8103.25,0
8103.75,1
8105.25,0
8120.75,1
8121.0,0
8121.25,1
8121.5,0
8121.75,1
8122.25,0
8122.5,1
8123.5,0
8123.75,1
8124.25,0
8124.75,1
8127.5,0
8127.75,1
8128.25,0
8128.5,1
8128.75,0
8129.0,1
8129.25,0
8143.75,1
8144.0,0
8144.25,1
8144.5,0
8144.75,1
8145.0,0
8145.25,1
8146.25,0
8146.5,1
8148.5,0
8148.75,1
8150.5,0
8151.0,1
8151.5,0
8151.75,1
8153.0,0
8168.5,1
8168.75,0
8169.75,1
8171.25,0
8171.5,1
8173.25,0
8173.5,1
8173.75,0
8174.0,1
8176.5,0
8176.75,1
8177.25,0
8193.0,1
8193.25,0
8193.5,1
8193.75,0
8194.0,1
8196.25,0
8196.5,1
8196.75,0
8197.0,1
8198.5,0
8199.25,1
8199.75,0
8200.25,1
8200.75,0
8262.25,1
8262.5,0
8263.0,1
8263.25,0
8263.5,1
8263.75,0
8264.25,1
8264.5,0
8265.0,1
8265.25,0
8265.5,1
8265.75,0
8267.0,1
8269.75,0
8270.0,1
8270.75,0
8271.0,1
8271.5,0
8271.75,1
8273.0,0
8273.25,1
8273.5,0
8289.5,1
8292.75,0
8293.0,1
8295.75,0
8296.0,1
8296.5,0
8296.75,1
8297.0,0
8297.25,1
8297.5,0
8300.75,1
8301.0,0
8301.75,1
8302.0,0
8309.5,1
8309.75,0
8310.25,1
8310.5,0
8311.75,1
8312.0,0
8312.75,1
8313.0,0
8313.25,1
8314.5,0
8314.75,1
8315.75,0
8316.0,1
8317.25,0
8318.0,1
8318.25,0
8318.75,1
8319.25,0
8319.5,1
8320.0,0
8320.25,1
8321.0,0
8321.25,1
8321.5,0
8336.25,1
8336.5,0
8337.5,1
8338.0,0
8338.25,1
8339.0,0
8339.25,1
8341.0,0
8341.25,1
8341.75,0
8342.0,1
8342.25,0
8342.75,1
8345.5,0
8358.75,1
8359.0,0
8359.5,1
8359.75,0
8360.0,1
8360.5,0
8360.75,1
8361.5,0
8361.75,1
8363.5,0
8363.75,1
8364.5,0
8364.75,1
8366.5,0
8366.75,1
8367.75,0
8368.0,1
8368.5,0
8368.75,1
8369.25,0
8372.75,1
8373.0,0
8373.75,1
8374.0,0
8432.75,1
8433.0,0
8433.25,1
8435.0,0
8435.25,1
8436.75,0
8438.25,1
8439.0,0
8439.25,1
8440.25,0
8440.5,1
8441.5,0
8454.25,1
8454.5,0
8456.75,1
8457.0,0
8457.25,1
8457.5,0
8457.75,1
8458.0,0
8458.5,1
8460.0,0
8460.25,1
8460.75,0
8461.0,1
8461.25,0
8461.5,1
8461.75,0
8462.25,1
8463.25,0
8463.5,1
8464.0,0
8464.25,1
8464.75,0
8465.0,1
8465.5,0
8477.0,1
8477.25,0
8478.0,1
8478.25,0
8480.75,1
8481.0,0
8481.25,1
8482.5,0
8483.0,1
8484.25,0
8484.5,1
8485.25,0
8485.5,1
8486.0,0
8486.5,1
8487.75,0
8488.0,1
8488.25,0
8488.75,1
8489.25,0
8503.75,1
8504.0,0
8504.75,1
8507.75,0
8508.0,1
8508.25,0
8508.75,1
8509.25,0
8509.5,1
8511.0,0
8511.5,1
8513.0,0
8513.25,1
8513.5,0
8516.75,1
8517.25,0
8526.0,1
8526.25,0
8528.5,1
8529.25,0
8529.5,1
8530.0,0
8530.25,1
8530.75,0
8531.0,1
8531.75,0
8532.0,1
8532.5,0
8532.75,1
8533.25,0
8533.5,1
8533.75,0
8534.25,1
8536.5,0
8536.75,1
8537.25,0
8541.25,1
8541.5,0
8622.75,1
8623.25,0
8623.75,1
8624.0,0
8625.25,1
8625.5,0
8625.75,1
8626.5,0
8626.75,1
8628.75,0
8629.0,1
8630.0,0
8630.25,1
8630.5,0
8631.0,1
8632.0,0
8632.25,1
8632.75,0
8637.5,1
8637.75,0
8648.25,1
8648.5,0
8649.25,1
8649.5,0
8649.75,1
8650.5,0
8651.0,1
8654.0,0
8654.25,1
8655.0,0
8655.25,1
8656.0,0
8656.25,1
8656.75,0
8657.0,1
8657.5,0
8662.0,1
8662.25,0
8671.75,1
8672.0,0
8672.25,1
8672.5,0
8672.75,1
8674.5,0
8674.75,1
8675.75,0
8676.0,1
8676.75,0
8677.0,1
8678.75,0
8679.0,1
8680.0,0
8680.75,1
8681.0,0
8681.25,1
8681.5,0
8681.75,1
8682.0,0
8694.5,1
8695.0,0
8696.25,1
8696.5,0
8697.25,1
8699.25,0
8699.75,1
8700.0,0
8700.25,1
8701.5,0
8702.0,1
8704.5,0
8705.25,1
8705.75,0
8708.75,1
8709.0,0
