#1


float Room-120 (2187,2)
0.0,0
29.75,1
30.0,0
32.75,1
35.0,0
35.25,1
36.75,0
37.0,1
41.0,0
41.25,1
41.5,0
46.25,1
46.5,0
57.0,1
61.0,0
61.25,1
65.5,0
78.5,1
78.75,0
80.0,1
80.25,0
80.5,1
82.5,0
82.75,1
83.0,0
83.25,1
83.5,0
83.75,1
84.5,0
84.75,1
85.25,0
85.5,1
89.25,0
104.5,1
105.0,0
105.25,1
107.25,0
107.5,1
109.0,0
109.25,1
113.5,0
128.5,1
128.75,0
129.0,1
133.0,0
133.25,1
135.75,0
136.0,1
137.25,0
137.5,1
137.75,0
142.0,1
142.25,0
201.25,1
204.75,0
205.0,1
209.25,0
221.75,1
222.0,0
224.75,1
225.25,0
225.5,1
229.0,0
229.25,1
233.25,0
247.0,1
247.25,0
249.0,1
251.5,0
252.0,1
257.25,0
261.75,1
262.0,0
271.0,1
271.25,0
272.75,1
273.0,0
273.25,1
281.25,0
284.75,1
285.0,0
286.0,1
286.25,0
290.5,1
290.75,0
296.5,1
301.75,0
302.0,1
305.5,0
368.75,1
369.0,0
369.25,1
373.25,0
373.5,1
376.25,0
376.5,1
377.25,0
381.5,1
381.75,0
392.75,1
401.25,0
401.5,1
401.75,0
438.25,1
438.75,0
440.75,1
448.5,0
448.75,1
449.0,0
449.25,1
449.5,0
464.5,1
472.75,0
473.25,1
473.5,0
476.5,1
476.75,0
535.25,1
535.5,0
535.75,1
536.0,0
537.0,1
541.0,0
541.25,1
541.5,0
541.75,1
545.0,0
557.25,1
557.5,0
560.75,1
563.0,0
563.25,1
564.25,0
564.5,1
564.75,0
565.0,1
565.25,0
565.5,1
569.0,0
569.25,1
569.5,0
584.75,1
589.25,0
589.5,1
593.0,0
609.25,1
616.75,0
617.5,1
617.75,0
632.5,1
636.75,0
637.0,1
641.25,0
705.0,1
713.25,0
729.0,1
733.25,0
733.5,1
737.25,0
737.5,1
737.75,0
740.0,1
740.25,0
750.75,1
751.0,0
753.25,1
761.5,0
777.0,1
780.5,0
780.75,1
785.5,0
799.5,1
799.75,0
800.5,1
800.75,0
801.25,1
805.25,0
805.5,1
808.75,0
813.5,1
813.75,0
814.0,1
814.25,0
872.75,1
877.0,0
877.25,1
881.5,0
894.25,1
894.5,0
896.5,1
897.75,0
898.0,1
900.5,0
900.75,1
902.25,0
902.5,1
905.5,0
920.5,1
929.0,0
945.0,1
946.25,0
946.5,1
947.5,0
947.75,1
950.5,0
950.75,1
953.0,0
953.75,1
954.0,0
955.75,1
956.0,0
966.0,1
966.25,0
966.75,1
967.0,0
969.0,1
969.75,0
970.0,1
971.75,0
972.0,1
972.75,0
973.0,1
977.5,0
981.0,1
981.25,0
1038.5,1
1038.75,0
1039.75,1
1040.0,0
1040.25,1
1040.5,0
1041.0,1
1041.5,0
1041.75,1
1044.25,0
1044.75,1
1045.25,0
1045.5,1
1049.0,0
1049.25,1
1049.75,0
1052.25,1
1052.5,0
1053.5,1
1053.75,0
1062.5,1
1062.75,0
1064.75,1
1065.25,0
1065.5,1
1066.25,0
1066.75,1
1073.5,0
1113.0,1
1116.25,0
1116.5,1
1120.75,0
1121.0,1
1121.5,0
1136.5,1
1136.75,0
1137.0,1
1142.0,0
1142.5,1
1145.5,0
1209.25,1
1214.0,0
1214.25,1
1217.25,0
1232.5,1
1241.25,0
1256.75,1
1260.5,0
1260.75,1
1261.75,0
1262.0,1
1262.25,0
1262.5,1
1264.75,0
1277.5,1
1277.75,0
1281.0,1
1283.5,0
1283.75,1
1284.0,0
1284.25,1
1284.75,0
1285.0,1
1287.5,0
1287.75,1
1289.0,0
1289.5,1
1289.75,0
1292.0,1
1292.5,0
1305.0,1
1308.0,0
1308.25,1
1313.0,0
1376.75,1
1377.25,0
1377.5,1
1378.5,0
1378.75,1
1379.25,0
1379.5,1
1380.0,0
1380.25,1
1385.5,0
1400.75,1
1401.25,0
1401.5,1
1401.75,0
1402.0,1
1402.75,0
1403.25,1
1409.25,0
1409.5,1
1409.75,0
1413.0,1
1413.25,0
1424.75,1
1428.0,0
1428.25,1
1431.0,0
1431.25,1
1432.5,0
1432.75,1
1433.0,0
1436.5,1
1436.75,0
1437.0,1
1437.25,0
1448.0,1
1448.25,0
1449.0,1
1449.75,0
1450.25,1
1453.25,0
1453.5,1
1457.0,0
1459.75,1
1460.0,0
1470.0,1
1470.25,0
1471.25,1
1471.75,0
1472.25,1
1472.75,0
1473.0,1
1481.0,0
1481.5,1
1481.75,0
1486.0,1
1486.25,0
1541.75,1
1542.0,0
1545.0,1
1548.25,0
1548.75,1
1552.5,0
1569.0,1
1571.75,0
1572.0,1
1577.5,0
1580.75,1
1581.0,0
1592.25,1
1598.5,0
1598.75,1
1599.75,0
1600.0,1
1600.25,0
1600.5,1
1600.75,0
1601.0,1
1601.25,0
1601.75,1
1602.0,0
1617.0,1
1622.0,0
1622.25,1
1625.0,0
1627.75,1
1628.0,0
1638.5,1
1638.75,0
1640.0,1
1640.25,0
1640.75,1
1642.75,0
1643.0,1
1646.25,0
1646.75,1
1647.5,0
1647.75,1
1649.5,0
1653.25,1
1653.5,0
1709.75,1
1710.0,0
1712.75,1
1720.5,0
1720.75,1
1721.0,0
1724.75,1
1725.0,0
1733.5,1
1733.75,0
1734.25,1
1734.5,0
1737.0,1
1738.0,0
1738.25,1
1740.75,0
1741.0,1
1745.75,0
1748.25,1
1748.5,0
1760.25,1
1760.5,0
1761.0,1
1762.75,0
1763.0,1
1766.0,0
1766.25,1
1769.0,0
1784.25,1
1784.5,0
1785.0,1
1793.0,0
1793.25,1
1793.5,0
1807.25,1
1807.5,0
1808.5,1
1809.0,0
1809.25,1
1813.25,0
1813.5,1
1816.75,0
1817.5,1
1818.0,0
1881.0,1
1887.0,0
1887.25,1
1889.0,0
1889.5,1
1890.0,0
1904.75,1
1907.25,0
1907.75,1
1912.75,0
1913.0,1
1913.5,0
1913.75,1
1914.0,0
1927.5,1
1927.75,0
1929.5,1
1938.0,0
1952.75,1
1956.75,0
1957.0,1
1961.0,0
1976.75,1
1985.0,0
1985.25,1
1985.5,0
2048.25,1
2048.5,0
2049.0,1
2053.0,0
2053.25,1
2057.0,0
2060.25,1
2060.75,0
2070.25,1
2070.5,0
2073.0,1
2077.75,0
2078.5,1
2080.5,0
2080.75,1
2081.0,0
2082.75,1
2083.0,0
2093.5,1
2093.75,0
2095.75,1
2096.0,0
2097.0,1
2101.25,0
2101.5,1
2102.25,0
2102.5,1
2105.25,0
2105.5,1
2105.75,0
2118.25,1
2118.5,0
2119.75,1
2120.0,0
2120.75,1
2127.25,0
2127.5,1
2129.5,0
2145.0,1
2148.75,0
2149.0,1
2149.75,0
2150.0,1
2153.0,0
2214.25,1
2214.5,0
2216.5,1
2220.25,0
2220.5,1
2221.0,0
2221.5,1
2224.5,0
2224.75,1
2225.25,0
2228.0,1
2228.25,0
2240.5,1
2240.75,0
2241.0,1
2242.5,0
2242.75,1
2244.75,0
2245.0,1
2245.25,0
2245.5,1
2249.5,0
2252.75,1
2253.0,0
2262.5,1
2263.0,0
2263.5,1
2263.75,0
2264.25,1
2273.5,0
2288.75,1
2291.25,0
2291.5,1
2292.0,0
2292.25,1
2293.75,0
2294.0,1
2297.5,0
2310.5,1
2310.75,0
2311.75,1
2312.0,0
2313.0,1
2313.5,0
2313.75,1
2316.0,0
2316.25,1
2321.5,0
2384.5,1
2391.0,0
2391.25,1
2392.75,0
2393.0,1
2393.5,0
2406.25,1
2406.5,0
2408.25,1
2408.5,0
2409.0,1
2411.5,0
2411.75,1
2413.0,0
2413.25,1
2415.0,0
2415.25,1
2417.25,0
2417.5,1
2417.75,0
2421.5,1
2421.75,0
2433.0,1
2437.0,0
2437.5,1
2441.75,0
2456.75,1
2457.0,0
2457.25,1
2457.5,0
2457.75,1
2458.5,0
2458.75,1
2460.25,0
2460.5,1
2461.5,0
2461.75,1
2462.0,0
2462.25,1
2465.0,0
2468.0,1
2468.25,0
2480.75,1
2484.25,0
2484.5,1
2486.75,0
2487.0,1
2488.5,0
2488.75,1
2489.5,0
2492.0,1
2492.25,0
2550.75,1
2551.0,0
2553.0,1
2553.75,0
2554.0,1
2558.0,0
2558.25,1
2560.25,0
2560.75,1
2561.25,0
2562.0,1
2562.25,0
2575.25,1
2575.5,0
2575.75,1
2576.0,0
2576.5,1
2577.0,0
2577.5,1
2581.25,0
2581.5,1
2582.5,0
2582.75,1
2585.25,0
2600.75,1
2601.0,0
2601.25,1
2606.0,0
2606.25,1
2609.5,0
2624.5,1
2630.0,0
2630.25,1
2631.5,0
2631.75,1
2632.5,0
2632.75,1
2633.5,0
2648.75,1
2649.25,0
2649.75,1
2657.25,0
2657.5,1
2657.75,0
2661.0,1
2661.25,0
2661.5,1
2661.75,0
2662.75,1
2663.0,0
2718.0,1
2718.25,0
2720.5,1
2720.75,0
2721.5,1
2723.25,0
2723.5,1
2724.25,0
2724.5,1
2725.25,0
2725.5,1
2725.75,0
2726.0,1
2729.25,0
2732.5,1
2732.75,0
2742.5,1
2742.75,0
2744.75,1
2747.75,0
2748.0,1
2748.75,0
2749.0,1
2752.75,0
2757.75,1
2758.0,0
2768.0,1
2768.25,0
2769.0,1
2772.75,0
2773.0,1
2776.75,0
2777.5,1
2777.75,0
2793.0,1
2796.0,0
2796.25,1
2801.5,0
2802.0,1
2802.25,0
2804.5,1
2805.0,0
2806.25,1
2806.5,0
2813.75,1
2814.0,0
2814.25,1
2814.5,0
2816.5,1
2824.0,0
2824.25,1
2825.0,0
2888.5,1
2889.0,0
2889.25,1
2891.75,0
2892.0,1
2893.75,0
2894.0,1
2897.25,0
2897.5,1
2897.75,0
2912.75,1
2917.25,0
2917.5,1
2919.5,0
2919.75,1
2920.0,0
2920.25,1
2921.25,0
2921.75,1
2922.0,0
2924.75,1
2925.0,0
2933.5,1
2933.75,0
2934.5,1
2934.75,0
2935.25,1
2935.5,0
2936.75,1
2941.0,0
2941.25,1
2943.75,0
2944.0,1
2945.0,0
2945.25,1
2945.5,0
2958.25,1
2958.5,0
2961.0,1
2962.75,0
2963.0,1
2965.0,0
2965.25,1
2969.0,0
2969.5,1
2969.75,0
2972.75,1
2973.0,0
2985.0,1
2993.25,0
3057.0,1
3065.0,0
3065.25,1
3066.0,0
3074.25,1
3074.5,0
3077.0,1
3077.25,0
3081.0,1
3085.0,0
3085.25,1
3089.25,0
3093.0,1
3093.25,0
3105.0,1
3105.5,0
3105.75,1
3106.5,0
3106.75,1
3109.25,0
3109.5,1
3109.75,0
3110.0,1
3111.5,0
3111.75,1
3113.25,0
3116.75,1
3117.0,0
3117.75,1
3118.0,0
3126.0,1
3126.25,0
3128.5,1
3129.0,0
3129.25,1
3129.5,0
3129.75,1
3132.75,0
3133.25,1
3137.0,0
3137.5,1
3137.75,0
3142.25,1
3142.5,0
3152.75,1
3153.0,0
3153.25,1
3153.75,0
3154.25,1
3156.75,0
3157.0,1
3161.25,0
3224.5,1
3226.0,0
3226.5,1
3229.0,0
3229.5,1
3233.0,0
3233.5,1
3233.75,0
3249.0,1
3257.0,0
3261.75,1
3262.0,0
3273.25,1
3276.25,0
3276.5,1
3280.5,0
3280.75,1
3281.5,0
3294.75,1
3295.0,0
3296.5,1
3296.75,0
3297.25,1
3297.75,0
3298.0,1
3300.5,0
3300.75,1
3305.25,0
3308.0,1
3308.25,0
3320.75,1
3329.5,0
3392.75,1
3401.75,0
3416.5,1
3416.75,0
3417.25,1
3425.25,0
3440.25,1
3440.5,0
3440.75,1
3447.75,0
3448.0,1
3449.0,0
3449.25,1
3449.5,0
3465.25,1
3466.0,0
3466.25,1
3467.25,0
3467.5,1
3473.0,0
3473.25,1
3473.75,0
3488.75,1
3493.5,0
3493.75,1
3495.5,0
3495.75,1
3497.0,0
3497.25,1
3497.75,0
3558.5,1
3558.75,0
3559.75,1
3560.0,0
3561.0,1
3564.75,0
3565.0,1
3568.25,0
3568.75,1
3569.0,0
3573.5,1
3573.75,0
3608.75,1
3610.75,0
3611.0,1
3611.75,0
3612.25,1
3617.5,0
3620.0,1
3620.25,0
3621.25,1
3621.5,0
3633.25,1
3637.25,0
3637.5,1
3641.0,0
3645.75,1
3646.0,0
3656.5,1
3656.75,0
3657.0,1
3661.0,0
3661.5,1
3665.25,0
3727.75,1
3728.0,0
3729.25,1
3733.25,0
3733.5,1
3736.25,0
3736.5,1
3737.25,0
3753.0,1
3756.25,0
3756.5,1
3757.25,0
3757.75,1
3760.25,0
3760.5,1
3761.5,0
3764.25,1
3764.5,0
3765.25,1
3765.5,0
3776.25,1
3777.5,0
3777.75,1
3780.5,0
3780.75,1
3781.0,0
3781.25,1
3785.0,0
3785.5,1
3785.75,0
3800.5,1
3802.5,0
3802.75,1
3804.0,0
3804.5,1
3805.75,0
3806.0,1
3809.5,0
3825.25,1
3829.25,0
3829.5,1
3833.25,0
3894.75,1
3895.0,0
3896.75,1
3902.25,0
3902.5,1
3904.25,0
3904.5,1
3905.0,0
3905.25,1
3905.5,0
3907.0,1
3907.25,0
3921.0,1
3925.0,0
3925.25,1
3929.25,0
3943.0,1
3943.25,0
3944.25,1
3944.5,0
3944.75,1
3950.5,0
3950.75,1
3951.25,0
3951.5,1
3952.75,0
3953.0,1
3953.25,0
3969.0,1
3973.75,0
3974.0,1
3974.75,0
3975.0,1
3977.5,0
3980.0,1
3980.25,0
3992.5,1
3992.75,0
3993.0,1
3993.75,0
3994.0,1
3997.5,0
3997.75,1
4001.5,0
4005.25,1
4005.5,0
4064.5,1
4073.5,0
4088.75,1
4092.0,0
4092.25,1
4096.0,0
4096.25,1
4097.25,0
4111.0,1
4111.25,0
4112.5,1
4115.0,0
4115.25,1
4115.75,0
4116.0,1
4117.25,0
4117.5,1
4121.0,0
4125.75,1
4126.0,0
4137.0,1
4141.75,0
4142.0,1
4146.0,0
4147.25,1
4147.5,0
4161.0,1
4169.5,0
4232.75,1
4234.5,0
4234.75,1
4237.0,0
4237.25,1
4240.5,0
4240.75,1
4241.25,0
4242.5,1
4242.75,0
4243.75,1
4244.0,0
4244.25,1
4244.5,0
4245.5,1
4245.75,0
4257.0,1
4257.5,0
4257.75,1
4258.25,0
4258.5,1
4260.0,0
4260.25,1
4261.5,0
4261.75,1
4262.0,0
4262.25,1
4262.5,0
4262.75,1
4265.25,0
4268.5,1
4268.75,0
4279.75,1
4280.0,0
4280.5,1
4287.0,0
4287.25,1
4289.5,0
4292.75,1
4293.0,0
4302.25,1
4302.5,0
4303.25,1
4303.5,0
4305.5,1
4306.0,0
4306.25,1
4310.25,0
4310.5,1
4313.25,0
4313.5,1
4314.0,0
4328.75,1
4329.75,0
4330.0,1
4331.75,0
4332.0,1
4335.75,0
4336.0,1
4337.5,0
4400.75,1
4401.0,0
4401.25,1
4404.25,0
4404.5,1
4409.25,0
4446.25,1
4446.5,0
4449.25,1
4452.5,0
4452.75,1
4455.5,0
4455.75,1
4458.0,0
4460.5,1
4460.75,0
4472.75,1
4478.0,0
4478.25,1
4481.25,0
4496.25,1
4496.5,0
4496.75,1
4497.75,0
4498.0,1
4505.25,0
4505.5,1
4505.75,0
4509.5,1
4509.75,0
4566.0,1
4566.25,0
4569.0,1
4573.5,0
4574.0,1
4577.5,0
4577.75,1
4578.0,0
4591.25,1
4591.5,0
4592.75,1
4596.5,0
4596.75,1
4598.5,0
4599.0,1
4601.0,0
4601.5,1
4601.75,0
4616.75,1
4620.5,0
4620.75,1
4622.25,0
4622.5,1
4625.0,0
4629.25,1
4629.5,0
4641.0,1
4643.75,0
4644.0,1
4649.0,0
4650.0,1
4650.25,0
4653.5,1
4653.75,0
4664.0,1
4664.25,0
4664.75,1
4669.25,0
4669.5,1
4673.0,0
4673.25,1
4673.5,0
4736.75,1
4737.0,0
4737.25,1
4738.0,0
4738.5,1
4740.0,0
4740.25,1
4742.75,0
4743.25,1
4744.75,0
4745.25,1
4745.5,0
4761.0,1
4762.75,0
4763.0,1
4763.75,0
4764.0,1
4767.5,0
4767.75,1
4769.5,0
4772.5,1
4772.75,0
4782.0,1
4782.25,0
4785.0,1
4785.75,0
4786.0,1
4786.25,0
4786.5,1
4788.25,0
4788.5,1
4791.75,0
4792.0,1
4793.0,0
4793.25,1
4793.75,0
4808.5,1
4811.5,0
4811.75,1
4813.5,0
4813.75,1
4817.25,0
4821.0,1
4821.25,0
4832.5,1
4832.75,0
4833.0,1
4835.25,0
4835.5,1
4837.0,0
4837.25,1
4839.0,0
4839.25,1
4841.0,0
4841.25,1
4841.5,0
4904.5,1
4906.75,0
4907.0,1
4908.75,0
4909.0,1
4913.25,0
4913.5,1
4913.75,0
4927.25,1
4927.75,0
4928.75,1
4931.5,0
4931.75,1
4932.75,0
4933.0,1
4935.0,0
4935.25,1
4937.75,0
4940.5,1
4940.75,0
4941.5,1
4941.75,0
4953.25,1
4955.5,0
4955.75,1
4957.0,0
4957.25,1
4958.25,0
4958.75,1
4960.75,0
4961.0,1
4961.25,0
4964.75,1
4965.0,0
4976.75,1
4977.0,0
4977.25,1
4985.25,0
4988.5,1
4988.75,0
4989.25,1
4989.5,0
4990.0,1
4990.25,0
4999.25,1
4999.5,0
5001.0,1
5003.75,0
5004.25,1
5009.25,0
5072.75,1
5075.25,0
5075.5,1
5076.25,0
5076.5,1
5081.0,0
5081.25,1
5081.5,0
5084.5,1
5084.75,0
5093.75,1
5094.0,0
5094.25,1
5094.5,0
5097.25,1
5099.0,0
5099.25,1
5100.5,0
5100.75,1
5105.25,0
5111.0,1
5111.25,0
5117.75,1
5118.0,0
5118.5,1
5118.75,0
5119.25,1
5119.5,0
5119.75,1
5120.0,0
5121.0,1
5125.25,0
5125.5,1
5126.25,0
5126.5,1
5129.75,0
5143.25,1
5143.5,0
5144.75,1
5149.0,0
5149.25,1
5152.75,0
5153.0,1
5153.25,0
5154.5,1
5154.75,0
5157.25,1
5157.5,0
5157.75,1
5158.0,0
5169.25,1
5173.5,0
5173.75,1
5175.0,0
5175.25,1
5177.5,0
5238.5,1
5238.75,0
5240.5,1
5244.0,0
5244.25,1
5245.0,0
5245.25,1
5247.5,0
5247.75,1
5249.25,0
5253.25,1
5253.5,0
5263.25,1
5263.5,0
5263.75,1
5264.0,0
5265.25,1
5273.75,0
5287.75,1
5288.25,0
5289.0,1
5291.0,0
5291.25,1
5291.5,0
5291.75,1
5292.75,0
5293.0,1
5296.75,0
5297.0,1
5297.5,0
5301.75,1
5302.0,0
5312.75,1
5314.25,0
5314.5,1
5315.0,0
5315.25,1
5321.5,0
5321.75,1
5322.0,0
5325.0,1
5325.25,0
5334.0,1
5334.25,0
5336.25,1
5336.5,0
5336.75,1
5337.0,0
5337.25,1
5345.0,0
5409.25,1
5412.5,0
5412.75,1
5417.25,0
5417.5,1
5417.75,0
5432.5,1
5432.75,0
5433.25,1
5435.0,0
5435.25,1
5435.5,0
5435.75,1
5441.0,0
5446.0,1
5446.25,0
5456.75,1
5460.5,0
5461.0,1
5465.25,0
5481.0,1
5486.5,0
5486.75,1
5487.25,0
5488.0,1
5489.25,0
5489.5,1
5489.75,0
5490.0,1
5490.25,0
5502.5,1
5502.75,0
5504.5,1
5505.0,0
5505.25,1
5508.25,0
5508.5,1
5510.25,0
5510.5,1
5512.0,0
5512.25,1
5513.25,0
5574.75,1
5575.0,0
5575.5,1
5575.75,0
5577.0,1
5579.25,0
5579.75,1
5584.5,0
5585.5,1
5585.75,0
5588.5,1
5588.75,0
5600.75,1
5602.75,0
5603.25,1
5604.75,0
5605.0,1
5609.5,0
5613.25,1
5613.5,0
5622.0,1
5622.25,0
5623.25,1
5623.5,0
5624.25,1
5624.75,0
5625.0,1
5628.5,0
5629.0,1
5633.5,0
5636.25,1
5636.5,0
5637.25,1
5637.5,0
5638.0,1
5638.25,0
5646.0,1
5646.25,0
5646.75,1
5647.0,0
5647.75,1
5648.0,0
5648.5,1
5654.5,0
5654.75,1
5655.0,0
5655.25,1
5656.0,0
5656.25,1
5656.5,0
5656.75,1
5657.0,0
5659.5,1
5659.75,0
5661.25,1
5661.5,0
5662.0,1
5662.25,0
5670.75,1
5671.0,0
5672.75,1
5681.25,0
5744.5,1
5744.75,0
5745.0,1
5748.25,0
5748.5,1
5750.0,0
5750.5,1
5753.5,0
5753.75,1
5754.0,0
5756.75,1
5757.0,0
5757.75,1
5758.0,0
5768.5,1
5773.0,0
5773.25,1
5774.75,0
5775.0,1
5777.5,0
5792.75,1
5793.0,0
5793.25,1
5795.0,0
5795.25,1
5796.25,0
5796.5,1
5801.25,0
5806.25,1
5806.5,0
5813.25,1
5813.75,0
5817.0,1
5825.25,0
5825.75,1
5826.0,0
5838.25,1
5838.5,0
5841.0,1
5842.25,0
5842.5,1
5844.25,0
5844.5,1
5845.0,0
5845.25,1
5845.75,0
5846.0,1
5849.5,0
5851.5,1
5851.75,0
5905.25,1
5905.5,0
5912.75,1
5917.25,0
5917.5,1
5921.25,0
5957.5,1
5957.75,0
5958.5,1
5958.75,0
5959.75,1
5960.0,0
5960.75,1
5964.0,0
5964.25,1
5966.25,0
5966.5,1
5969.5,0
5984.75,1
5985.0,0
5985.75,1
5986.25,0
5986.5,1
5988.0,0
5988.25,1
5989.25,0
5989.5,1
5991.25,0
5991.5,1
5993.25,0
5998.0,1
5998.25,0
6008.0,1
6008.25,0
6009.25,1
6010.75,0
6011.0,1
6017.25,0
6021.75,1
6022.0,0
6077.75,1
6078.0,0
6080.5,1
6081.0,0
6081.5,1
6084.0,0
6084.25,1
6086.75,0
6087.0,1
6089.25,0
6089.5,1
6089.75,0
6103.5,1
6103.75,0
6104.25,1
6113.0,0
6117.0,1
6117.25,0
6128.75,1
6132.5,0
6132.75,1
6133.0,0
6133.25,1
6137.5,0
6140.75,1
6141.0,0
6152.25,1
6155.75,0
6156.0,1
6161.0,0
6177.0,1
6183.5,0
6183.75,1
6185.25,0
6248.0,1
6248.25,0
6248.5,1
6248.75,0
6249.0,1
6253.25,0
6253.5,1
6255.75,0
6256.0,1
6256.75,0
6257.0,1
6257.5,0
6269.75,1
6270.0,0
6272.5,1
6275.0,0
6275.25,1
6276.75,0
6277.0,1
6281.0,0
6284.75,1
6285.0,0
6297.0,1
6298.5,0
6298.75,1
6300.25,0
6300.5,1
6305.25,0
6308.0,1
6308.25,0
6319.25,1
6319.5,0
6321.0,1
6329.25,0
6342.25,1
6342.75,0
6345.25,1
6347.5,0
6347.75,1
6349.75,0
6350.0,1
6353.0,0
6353.25,1
6353.75,0
6357.75,1
6358.0,0
6416.0,1
6416.25,0
6416.5,1
6417.0,0
6417.25,1
6425.0,0
6430.0,1
6430.25,0
6441.25,1
6449.0,0
6451.75,1
6452.0,0
6464.75,1
6468.25,0
6468.5,1
6469.0,0
6469.25,1
6472.0,0
6472.25,1
6473.0,0
6473.25,1
6473.75,0
6488.75,1
6490.25,0
6490.5,1
6491.0,0
6491.25,1
6493.0,0
6493.25,1
6497.0,0
6497.25,1
6497.75,0
6513.25,1
6521.0,0
6521.25,1
6521.75,0
6524.75,1
6525.0,0
6581.5,1
6581.75,0
6584.75,1
6588.25,0
6588.5,1
6589.0,0
6589.25,1
6593.0,0
6597.25,1
6597.5,0
6606.25,1
6606.5,0
6608.25,1
6609.25,0
6609.5,1
6610.5,0
6610.75,1
6611.5,0
6612.25,1
6613.0,0
6613.5,1
6617.25,0
6631.5,1
6631.75,0
6633.0,1
6640.75,0
6641.0,1
6641.25,0
6657.0,1
6663.0,0
6663.25,1
6665.25,0
6668.5,1
6668.75,0
6678.0,1
6678.25,0
6681.0,1
6681.25,0
6681.5,1
6683.25,0
6683.5,1
6685.5,0
6685.75,1
6686.0,0
6686.25,1
6689.0,0
6751.0,1
6751.25,0
6752.75,1
6755.75,0
6756.0,1
6760.75,0
6761.0,1
6761.25,0
6799.25,1
6799.5,0
6800.75,1
6801.5,0
6801.75,1
6803.5,0
6803.75,1
6809.0,0
6824.5,1
6825.0,0
6825.25,1
6833.0,0
6849.0,1
6856.75,0
6857.0,1
6857.5,0
6859.75,1
6860.0,0
6921.25,1
6925.0,0
6925.25,1
6926.75,0
6927.0,1
6928.75,0
6942.5,1
6942.75,0
6945.0,1
6949.25,0
6949.5,1
6952.75,0
6953.0,1
6953.5,0
6968.75,1
6973.5,0
6973.75,1
6975.0,0
6975.25,1
6976.25,0
6976.5,1
6976.75,0
6977.25,1
6977.5,0
6990.5,1
6990.75,0
6991.75,1
6992.0,0
6992.5,1
7000.75,0
7001.25,1
7001.5,0
7017.0,1
7021.5,0
7021.75,1
7025.75,0
7028.75,1
7029.0,0
7088.5,1
7089.25,0
7089.5,1
7092.5,0
7092.75,1
7097.75,0
7100.25,1
7100.5,0
7113.0,1
7116.0,0
7116.5,1
7120.5,0
7120.75,1
7121.25,0
7124.0,1
7124.25,0
7126.0,1
7126.25,0
7137.0,1
7140.5,0
7141.25,1
7145.25,0
7149.0,1
7149.25,0
7158.0,1
7158.25,0
7158.75,1
7159.0,0
7159.5,1
7159.75,0
7160.25,1
7160.5,0
7161.0,1
7163.5,0
7163.75,1
7166.0,0
7166.5,1
7167.75,0
7168.0,1
7169.25,0
7169.5,1
7169.75,0
7173.25,1
7173.5,0
7185.0,1
7188.0,0
7188.5,1
7193.0,0
7193.25,1
7193.75,0
7197.25,1
7197.5,0
7254.5,1
7254.75,0
7256.5,1
7260.5,0
7260.75,1
7261.0,0
7261.25,1
7265.25,0
7269.75,1
7270.0,0
7280.25,1
7283.5,0
7284.0,1
7284.5,0
7284.75,1
7285.25,0
7285.5,1
7285.75,0
7286.0,1
7289.0,0
7289.25,1
7289.75,0
7304.0,1
7304.25,0
7304.75,1
7305.5,0
7305.75,1
7306.0,0
7306.25,1
7307.0,0
7307.25,1
7309.5,0
7309.75,1
7313.0,0
7316.75,1
7317.0,0
7327.0,1
7327.5,0
7328.0,1
7328.25,0
7328.5,1
7332.5,0
7333.0,1
7337.25,0
7341.25,1
7341.5,0
7352.75,1
7356.25,0
7356.5,1
7360.75,0
7361.0,1
7361.5,0
7364.75,1
7365.0,0
7425.0,1
7426.75,0
7427.25,1
7427.75,0
7428.0,1
7428.75,0
7429.0,1
7430.25,0
7430.75,1
7433.0,0
7433.5,1
7433.75,0
7449.25,1
7451.5,0
7451.75,1
7453.25,0
7453.5,1
7457.25,0
7472.75,1
7473.0,0
7473.25,1
7474.0,0
7474.5,1
7476.75,0
7477.0,1
7481.25,0
7497.0,1
7505.5,0
7508.5,1
7508.75,0
7509.25,1
7509.5,0
7510.0,1
7510.25,0
7520.75,1
7526.5,0
7526.75,1
7530.0,0
7592.25,1
7592.5,0
7592.75,1
7594.5,0
7594.75,1
7597.5,0
7597.75,1
7598.0,0
7598.5,1
7601.5,0
7614.25,1
7614.5,0
7617.0,1
7620.5,0
7620.75,1
7624.0,0
7624.25,1
7625.0,0
7631.25,1
7631.5,0
7641.5,1
7646.0,0
7646.25,1
7648.0,0
7648.25,1
7648.5,0
7648.75,1
7649.5,0
7650.0,1
7650.25,0
7665.25,1
7670.5,0
7670.75,1
7673.25,0
7677.75,1
7678.0,0
7688.25,1
7688.5,0
7688.75,1
7694.0,0
7694.25,1
7697.25,0
7697.5,1
7697.75,0
7761.0,1
7764.0,0
7764.25,1
7764.5,0
7764.75,1
7768.0,0
7768.25,1
7769.5,0
7785.25,1
7786.75,0
7787.0,1
7793.0,0
7793.25,1
7793.5,0
7806.75,1
7807.0,0
7807.5,1
7807.75,0
7808.25,1
7812.75,0
7813.25,1
7817.25,0
7832.75,1
7835.75,0
7836.0,1
7837.75,0
7838.0,1
7841.5,0
7926.75,1
7927.0,0
7928.5,1
7932.0,0
7932.25,1
7937.5,0
7952.75,1
7957.0,0
7957.25,1
7961.75,0
7976.0,1
7976.25,0
7977.0,1
7984.75,0
7985.25,1
7985.5,0
7989.5,1
7989.75,0
8001.25,1
8008.75,0
8009.0,1
8009.25,0
8025.0,1
8033.0,0
8097.0,1
8099.25,0
8099.5,1
8103.75,0
8104.0,1
8105.75,0
8120.5,1
8121.0,0
8121.25,1
8124.25,0
8124.75,1
8129.25,0
8144.75,1
8151.75,0
8152.0,1
8152.5,0
8153.25,1
8153.5,0
8168.75,1
8169.75,0
8170.0,1
8172.25,0
8172.5,1
8178.0,0
8192.75,1
8196.5,0
8196.75,1
8200.5,0
8200.75,1
8201.0,0
8201.5,1
8201.75,0
8204.75,1
8205.0,0
8206.25,1
8206.5,0
8261.5,1
8261.75,0
8264.0,1
8264.25,0
8265.25,1
8267.0,0
8267.25,1
8270.0,0
8270.25,1
8272.5,0
8272.75,1
8273.25,0
8273.5,1
8274.0,0
8276.75,1
8277.0,0
8289.25,1
8292.75,0
8293.0,1
8297.25,0
8302.25,1
8302.75,0
8313.0,1
8321.25,0
8321.5,1
8322.0,0
8335.5,1
8335.75,0
8337.0,1
8345.5,0
8348.5,1
8348.75,0
8349.5,1
8349.75,0
8360.0,1
8360.25,0
8360.5,1
8360.75,0
8361.0,1
8365.25,0
8365.5,1
8369.5,0
8433.0,1
8436.0,0
8436.25,1
8441.25,0
8444.25,1
8444.5,0
8457.25,1
8459.25,0
8459.5,1
8465.25,0
8480.5,1
8487.0,0
8487.25,1
8487.5,0
8487.75,1
8489.5,0
8492.0,1
8492.25,0
8501.75,1
8502.25,0
8505.0,1
8505.75,0
8506.0,1
8510.75,0
8511.0,1
8512.75,0
8513.0,1
8513.25,0
8516.75,1
8517.0,0
8526.5,1
8526.75,0
8527.5,1
8527.75,0
8528.75,1
8535.5,0
8535.75,1
8537.25,0
8624.75,1
8625.75,0
8626.0,1
8627.5,0
8627.75,1
8633.25,0
8633.5,1
8633.75,0
8636.0,1
8636.5,0
8648.0,1
8648.25,0
8648.5,1
8650.25,0
8650.5,1
8657.0,0
8661.0,1
8661.25,0
8671.75,1
8672.0,0
8672.75,1
8676.5,0
8676.75,1
8681.25,0
8697.0,1
8698.0,0
8698.25,1
8698.5,0
8698.75,1
8704.75,0
8705.0,1
8705.25,0
8708.75,1
8709.0,0
8709.75,1
8710.0,0
