#1


float Room-215 (4269,2)
0.0,0
29.5,1
29.75,0
30.75,1
31.0,0
33.0,1
33.25,0
33.5,1
34.0,0
34.25,1
36.25,0
36.5,1
37.5,0
37.75,1
38.25,0
38.5,1
39.0,0
39.75,1
40.75,0
41.0,1
41.25,0
45.5,1
45.75,0
56.5,1
56.75,0
57.5,1
58.25,0
58.5,1
58.75,0
59.0,1
61.0,0
61.25,1
62.75,0
63.25,1
63.5,0
63.75,1
64.5,0
64.75,1
65.0,0
65.5,1
65.75,0
68.75,1
69.25,0
78.75,1
79.0,0
79.25,1
79.5,0
80.0,1
80.25,0
81.0,1
83.0,0
83.25,1
83.5,0
83.75,1
87.25,0
87.75,1
88.0,0
88.25,1
88.5,0
88.75,1
89.0,0
90.25,1
90.5,0
105.0,1
107.75,0
108.0,1
109.25,0
109.5,1
111.5,0
112.0,1
112.75,0
116.75,1
117.0,0
128.5,1
128.75,0
129.25,1
132.5,0
133.25,1
133.75,0
134.25,1
135.0,0
135.25,1
135.5,0
135.75,1
136.25,0
136.75,1
137.25,0
137.5,1
138.0,0
200.75,1
201.0,0
201.25,1
202.25,0
202.5,1
204.5,0
204.75,1
207.25,0
207.5,1
209.0,0
212.75,1
213.0,0
224.75,1
227.25,0
227.5,1
228.5,0
229.0,1
229.5,0
230.0,1
231.75,0
232.0,1
232.5,0
232.75,1
233.0,0
237.0,1
237.25,0
246.75,1
247.0,0
247.25,1
247.5,0
247.75,1
248.0,0
248.25,1
248.75,0
249.0,1
249.25,0
249.75,1
250.75,0
251.0,1
251.25,0
251.75,1
253.25,0
253.75,1
254.25,0
254.75,1
257.25,0
270.5,1
271.0,0
272.25,1
272.5,0
273.0,1
274.0,0
274.25,1
275.25,0
275.5,1
276.0,0
276.25,1
276.75,0
277.0,1
277.25,0
277.5,1
280.75,0
281.0,1
281.25,0
287.5,1
287.75,0
295.25,1
295.5,0
296.75,1
297.25,0
297.5,1
299.25,0
299.5,1
300.0,0
300.75,1
303.5,0
303.75,1
304.25,0
304.5,1
304.75,0
366.0,1
366.5,0
368.5,1
368.75,0
369.0,1
369.25,0
369.5,1
369.75,0
370.25,1
374.0,0
374.25,1
375.0,0
375.25,1
376.0,0
376.25,1
377.75,0
381.75,1
382.0,0
389.75,1
390.0,0
392.25,1
392.5,0
393.25,1
393.5,0
394.0,1
395.5,0
395.75,1
396.0,0
396.25,1
396.5,0
396.75,1
397.0,0
397.25,1
397.5,0
397.75,1
398.0,0
398.25,1
398.5,0
399.0,1
401.25,0
405.75,1
406.0,0
406.75,1
407.0,0
438.25,1
438.75,0
439.25,1
439.5,0
440.5,1
440.75,0
441.25,1
441.75,0
442.0,1
443.25,0
443.5,1
444.75,0
445.25,1
445.5,0
446.0,1
446.5,0
447.0,1
447.25,0
447.5,1
448.0,0
448.25,1
449.0,0
452.5,1
452.75,0
462.75,1
463.0,0
464.75,1
465.0,0
465.75,1
466.25,0
466.5,1
467.25,0
467.75,1
468.0,0
468.5,1
469.0,0
469.25,1
470.25,0
470.5,1
471.5,0
471.75,1
473.0,0
535.0,1
535.25,0
535.75,1
536.25,0
536.75,1
538.0,0
538.25,1
540.5,0
540.75,1
542.5,0
542.75,1
544.5,0
548.75,1
549.0,0
560.5,1
560.75,0
561.0,1
562.5,0
562.75,1
563.75,0
564.25,1
566.0,0
566.5,1
567.75,0
568.0,1
568.25,0
568.5,1
569.25,0
585.25,1
585.5,0
585.75,1
586.5,0
586.75,1
587.75,0
588.0,1
588.5,0
588.75,1
589.0,0
589.5,1
592.5,0
593.25,1
593.5,0
596.0,1
596.25,0
608.5,1
608.75,0
609.0,1
609.25,0
609.5,1
613.0,0
613.25,1
613.5,0
613.75,1
614.25,0
615.5,1
616.0,0
616.25,1
616.5,0
617.5,1
617.75,0
621.75,1
622.0,0
623.0,1
623.25,0
631.25,1
631.5,0
633.25,1
633.5,0
634.0,1
635.5,0
635.75,1
636.25,0
636.5,1
637.75,0
638.25,1
639.5,0
639.75,1
641.0,0
704.25,1
704.75,0
705.0,1
705.25,0
705.75,1
708.25,0
708.5,1
709.75,0
710.5,1
711.5,0
711.75,1
712.25,0
712.5,1
713.5,0
728.75,1
729.0,0
729.25,1
730.75,0
731.0,1
734.0,0
734.75,1
735.5,0
736.0,1
737.0,0
741.5,1
741.75,0
753.25,1
754.0,0
754.25,1
757.25,0
757.75,1
759.75,0
760.25,1
760.75,0
761.25,1
761.5,0
764.0,1
764.25,0
765.0,1
765.25,0
774.0,1
774.25,0
774.75,1
775.0,0
776.25,1
776.5,0
777.0,1
777.5,0
777.75,1
778.0,0
778.5,1
778.75,0
779.25,1
779.5,0
779.75,1
783.75,0
784.0,1
784.75,0
789.75,1
790.0,0
798.75,1
799.5,0
800.0,1
800.25,0
801.0,1
802.5,0
802.75,1
803.75,0
804.0,1
804.75,0
805.25,1
806.75,0
807.25,1
807.5,0
807.75,1
808.25,0
808.5,1
810.0,0
813.5,1
813.75,0
870.0,1
870.25,0
870.75,1
871.0,0
872.25,1
872.5,0
873.0,1
873.25,0
873.75,1
875.0,0
875.25,1
875.75,0
876.0,1
876.25,0
876.5,1
877.0,0
877.25,1
877.75,0
878.0,1
878.5,0
879.0,1
880.5,0
880.75,1
881.0,0
894.0,1
894.25,0
895.0,1
895.5,0
895.75,1
896.0,0
896.25,1
896.5,0
896.75,1
898.25,0
898.5,1
900.5,0
901.25,1
901.5,0
901.75,1
902.75,0
903.0,1
903.5,0
903.75,1
905.25,0
905.5,1
905.75,0
909.0,1
909.25,0
918.75,1
919.0,0
919.25,1
919.5,0
920.75,1
921.0,0
921.25,1
921.5,0
921.75,1
922.0,0
922.25,1
922.5,0
922.75,1
923.0,0
923.25,1
924.5,0
924.75,1
925.0,0
925.5,1
925.75,0
926.25,1
928.5,0
928.75,1
929.0,0
932.75,1
933.0,0
944.75,1
945.0,0
945.25,1
945.5,0
945.75,1
946.0,0
946.25,1
947.75,0
948.0,1
948.5,0
949.0,1
949.25,0
949.5,1
949.75,0
950.25,1
950.5,0
950.75,1
951.0,0
951.25,1
953.0,0
966.75,1
967.0,0
968.75,1
969.0,0
969.25,1
971.0,0
971.25,1
972.0,0
972.25,1
973.75,0
974.0,1
976.75,0
977.0,1
977.25,0
980.0,1
980.25,0
982.5,1
982.75,0
1039.75,1
1040.25,0
1041.25,1
1041.5,0
1042.25,1
1043.75,0
1044.0,1
1044.75,0
1045.0,1
1045.5,0
1045.75,1
1046.5,0
1046.75,1
1048.25,0
1048.5,1
1049.0,0
1049.25,1
1049.75,0
1065.0,1
1065.5,0
1066.25,1
1066.5,0
1067.0,1
1067.25,0
1067.75,1
1070.0,0
1070.25,1
1070.5,0
1071.0,1
1071.25,0
1071.5,1
1072.5,0
1072.75,1
1073.0,0
1077.0,1
1077.25,0
1110.5,1
1110.75,0
1113.0,1
1114.25,0
1114.5,1
1115.25,0
1115.5,1
1116.25,0
1116.5,1
1119.25,0
1119.5,1
1121.5,0
1135.0,1
1135.25,0
1137.25,1
1138.25,0
1138.5,1
1140.25,0
1140.5,1
1140.75,0
1141.25,1
1141.5,0
1142.25,1
1144.25,0
1144.5,1
1145.0,0
1148.5,1
1148.75,0
1208.25,1
1208.5,0
1209.25,1
1210.25,0
1210.5,1
1213.5,0
1214.0,1
1215.25,0
1215.5,1
1216.75,0
1217.25,1
1217.5,0
1221.0,1
1221.25,0
1231.5,1
1231.75,0
1233.25,1
1235.5,0
1235.75,1
1236.25,0
1236.5,1
1237.25,0
1237.5,1
1240.25,0
1240.75,1
1241.0,0
1241.25,1
1241.5,0
1246.25,1
1246.5,0
1254.0,1
1254.25,0
1255.25,1
1255.5,0
1256.75,1
1257.75,0
1258.0,1
1260.25,0
1260.5,1
1261.75,0
1262.0,1
1262.25,0
1262.5,1
1263.75,0
1264.25,1
1265.5,0
1278.75,1
1279.25,0
1281.25,1
1281.75,0
1282.0,1
1283.5,0
1283.75,1
1285.25,0
1285.5,1
1286.75,0
1287.0,1
1287.75,0
1288.0,1
1288.75,0
1302.5,1
1302.75,0
1303.25,1
1303.5,0
1303.75,1
1304.0,0
1304.75,1
1306.5,0
1306.75,1
1307.25,0
1307.75,1
1308.25,0
1309.0,1
1309.75,0
1310.0,1
1311.0,0
1311.25,1
1312.75,0
1313.5,1
1313.75,0
1375.25,1
1375.5,0
1377.0,1
1377.25,0
1377.5,1
1379.5,0
1379.75,1
1380.5,0
1380.75,1
1381.0,0
1381.25,1
1382.5,0
1382.75,1
1383.0,0
1383.25,1
1384.5,0
1385.0,1
1385.25,0
1388.5,1
1389.25,0
1399.0,1
1399.75,0
1400.75,1
1404.25,0
1404.75,1
1405.0,0
1405.25,1
1405.75,0
1406.25,1
1406.75,0
1407.0,1
1409.0,0
1413.5,1
1413.75,0
1424.5,1
1426.0,0
1426.25,1
1427.75,0
1428.0,1
1430.25,0
1430.5,1
1430.75,0
1431.0,1
1431.75,0
1432.0,1
1433.0,0
1448.75,1
1449.0,0
1449.25,1
1450.5,0
1450.75,1
1451.5,0
1451.75,1
1452.0,0
1452.75,1
1453.0,0
1453.25,1
1454.0,0
1454.25,1
1456.0,0
1456.5,1
1457.25,0
1460.0,1
1460.25,0
1469.75,1
1470.0,0
1473.0,1
1473.25,0
1473.5,1
1473.75,0
1474.25,1
1475.5,0
1475.75,1
1477.0,0
1477.25,1
1477.5,0
1477.75,1
1479.25,0
1479.5,1
1479.75,0
1480.0,1
1480.25,0
1480.75,1
1481.0,0
1485.75,1
1486.0,0
1544.75,1
1545.25,0
1545.5,1
1545.75,0
1546.25,1
1547.0,0
1547.25,1
1549.75,0
1550.25,1
1550.5,0
1550.75,1
1551.0,0
1551.5,1
1551.75,0
1552.0,1
1552.75,0
1553.0,1
1553.25,0
1553.5,1
1553.75,0
1556.25,1
1556.5,0
1569.25,1
1569.75,0
1570.0,1
1570.25,0
1570.5,1
1571.75,0
1572.25,1
1572.75,0
1573.0,1
1575.25,0
1575.5,1
1575.75,0
1576.0,1
1577.0,0
1577.25,1
1577.75,0
1590.25,1
1590.5,0
1593.0,1
1593.25,0
1594.0,1
1595.25,0
1595.5,1
1596.25,0
1596.5,1
1597.5,0
1597.75,1
1599.0,0
1599.25,1
1600.0,0
1600.5,1
1600.75,0
1605.5,1
1605.75,0
1616.75,1
1619.5,0
1620.0,1
1621.0,0
1621.25,1
1622.5,0
1622.75,1
1623.0,0
1623.75,1
1625.0,0
1629.5,1
1629.75,0
1630.5,1
1630.75,0
1639.0,1
1639.5,0
1639.75,1
1640.0,0
1640.25,1
1640.5,0
1640.75,1
1642.0,0
1642.25,1
1642.75,0
1643.25,1
1643.75,0
1644.25,1
1645.25,0
1645.5,1
1646.25,0
1646.5,1
1646.75,0
1647.0,1
1648.0,0
1648.5,1
1649.0,0
1649.25,1
1649.5,0
1710.75,1
1711.0,0
1712.5,1
1712.75,0
1713.0,1
1713.25,0
1713.5,1
1714.5,0
1715.5,1
1716.25,0
1716.5,1
1717.75,0
1718.0,1
1719.5,0
1719.75,1
1721.0,0
1723.25,1
1723.5,0
1724.5,1
1724.75,0
1734.25,1
1734.5,0
1736.75,1
1737.25,0
1737.5,1
1738.75,0
1739.0,1
1739.5,0
1739.75,1
1740.25,0
1740.5,1
1740.75,0
1741.0,1
1741.25,0
1741.75,1
1742.25,0
1742.75,1
1745.25,0
1748.0,1
1748.25,0
1748.5,1
1748.75,0
1749.0,1
1749.25,0
1758.75,1
1759.0,0
1760.75,1
1761.0,0
1761.5,1
1762.5,0
1762.75,1
1763.0,0
1763.25,1
1763.75,0
1764.0,1
1764.25,0
1764.5,1
1764.75,0
1765.0,1
1766.0,0
1766.5,1
1766.75,0
1767.0,1
1767.75,0
1768.0,1
1769.5,0
1782.5,1
1782.75,0
1784.75,1
1785.0,0
1785.25,1
1785.75,0
1786.0,1
1786.25,0
1786.5,1
1790.0,0
1790.25,1
1790.5,0
1791.5,1
1791.75,0
1792.0,1
1792.25,0
1792.5,1
1793.0,0
1797.75,1
1798.0,0
1807.0,1
1807.25,0
1809.0,1
1809.25,0
1809.75,1
1810.5,0
1810.75,1
1811.25,0
1811.5,1
1814.75,0
1815.5,1
1816.0,0
1816.25,1
1817.25,0
1881.0,1
1881.25,0
1881.5,1
1883.5,0
1883.75,1
1885.25,0
1885.5,1
1886.75,0
1887.0,1
1888.25,0
1888.5,1
1889.25,0
1902.25,1
1902.75,0
1905.0,1
1906.0,0
1906.25,1
1906.75,0
1907.0,1
1910.0,0
1910.25,1
1911.0,0
1911.25,1
1913.0,0
1926.25,1
1926.5,0
1927.0,1
1927.75,0
1929.0,1
1929.5,0
1929.75,1
1930.25,0
1930.5,1
1930.75,0
1931.0,1
1931.5,0
1931.75,1
1932.0,0
1932.25,1
1933.0,0
1933.25,1
1935.5,0
1935.75,1
1937.5,0
1952.0,1
1952.25,0
1953.25,1
1955.75,0
1956.5,1
1957.25,0
1957.5,1
1958.0,0
1958.25,1
1961.0,0
1961.25,1
1961.5,0
1962.0,1
1962.25,0
1965.0,1
1965.25,0
1975.25,1
1975.5,0
1976.5,1
1977.5,0
1978.0,1
1982.25,0
1982.5,1
1983.25,0
1984.0,1
1984.5,0
1985.0,1
1985.25,0
1985.5,1
1985.75,0
2046.25,1
2046.5,0
2048.5,1
2048.75,0
2049.25,1
2049.5,0
2050.0,1
2050.5,0
2050.75,1
2052.0,0
2052.5,1
2053.0,0
2053.75,1
2054.25,0
2054.5,1
2056.75,0
2057.0,1
2057.25,0
2071.5,1
2071.75,0
2072.5,1
2072.75,0
2073.0,1
2073.5,0
2073.75,1
2074.5,0
2075.0,1
2075.25,0
2075.5,1
2078.5,0
2079.0,1
2079.75,0
2080.0,1
2080.75,0
2085.0,1
2085.25,0
2095.5,1
2095.75,0
2096.25,1
2096.5,0
2097.25,1
2097.75,0
2098.0,1
2098.75,0
2099.25,1
2099.75,0
2100.25,1
2101.0,0
2101.5,1
2102.75,0
2103.0,1
2105.0,0
2121.0,1
2123.0,0
2123.25,1
2125.25,0
2125.5,1
2126.5,0
2126.75,1
2127.75,0
2128.0,1
2128.25,0
2128.5,1
2128.75,0
2129.0,1
2129.25,0
2129.5,1
2129.75,0
2144.5,1
2145.25,0
2146.5,1
2148.75,0
2149.0,1
2150.25,0
2150.5,1
2150.75,0
2151.0,1
2152.0,0
2152.25,1
2153.0,0
2156.0,1
2156.25,0
2156.75,1
2157.0,0
2214.25,1
2214.5,0
2216.75,1
2220.25,0
2220.5,1
2220.75,0
2221.0,1
2221.25,0
2221.5,1
2222.0,0
2222.25,1
2225.0,0
2228.25,1
2228.5,0
2237.75,1
2238.0,0
2239.0,1
2239.5,0
2239.75,1
2240.0,0
2240.25,1
2240.5,0
2241.0,1
2242.25,0
2242.5,1
2243.5,0
2244.25,1
2246.25,0
2246.5,1
2247.0,0
2247.25,1
2248.5,0
2249.75,1
2250.0,0
2263.0,1
2263.25,0
2264.5,1
2265.0,0
2265.5,1
2266.0,0
2266.25,1
2266.75,0
2267.0,1
2268.75,0
2269.0,1
2270.25,0
2270.5,1
2272.75,0
2273.5,1
2273.75,0
2289.0,1
2291.25,0
2291.75,1
2292.0,0
2292.25,1
2292.5,0
2293.0,1
2295.5,0
2295.75,1
2296.0,0
2296.25,1
2297.0,0
2297.25,1
2297.5,0
2310.25,1
2310.75,0
2311.75,1
2312.0,0
2312.5,1
2312.75,0
2313.25,1
2313.5,0
2313.75,1
2315.25,0
2315.75,1
2316.5,0
2316.75,1
2317.25,0
2317.5,1
2318.25,0
2318.5,1
2318.75,0
2319.0,1
2320.5,0
2321.25,1
2321.5,0
2384.25,1
2384.5,0
2384.75,1
2385.25,0
2385.5,1
2386.0,0
2386.25,1
2388.25,0
2388.5,1
2389.0,0
2389.25,1
2389.5,0
2389.75,1
2391.0,0
2391.5,1
2393.5,0
2396.25,1
2396.5,0
2396.75,1
2397.0,0
2409.25,1
2409.75,0
2410.0,1
2410.5,0
2410.75,1
2411.75,0
2412.0,1
2415.0,0
2415.25,1
2416.0,0
2416.25,1
2416.75,0
2430.75,1
2431.0,0
2431.25,1
2432.0,0
2433.5,1
2434.0,0
2434.25,1
2434.5,0
2435.0,1
2436.25,0
2436.5,1
2438.75,0
2439.0,1
2439.75,0
2440.0,1
2441.0,0
2454.5,1
2454.75,0
2456.75,1
2457.75,0
2458.0,1
2459.25,0
2459.5,1
2460.75,0
2461.0,1
2461.25,0
2462.0,1
2463.25,0
2463.5,1
2463.75,0
2464.0,1
2464.25,0
2464.5,1
2465.5,0
2478.75,1
2479.0,0
2479.75,1
2480.0,0
2480.75,1
2481.0,0
2481.25,1
2481.5,0
2481.75,1
2483.0,0
2483.25,1
2485.0,0
2485.25,1
2486.0,0
2486.5,1
2489.25,0
2550.5,1
2550.75,0
2551.75,1
2552.0,0
2553.5,1
2553.75,0
2554.0,1
2554.75,0
2555.0,1
2557.0,0
2557.25,1
2557.5,0
2557.75,1
2559.25,0
2559.5,1
2561.5,0
2564.25,1
2564.5,0
2565.5,1
2565.75,0
2574.5,1
2574.75,0
2575.0,1
2575.5,0
2576.0,1
2576.25,0
2577.0,1
2577.25,0
2577.5,1
2578.25,0
2578.5,1
2578.75,0
2579.0,1
2579.25,0
2580.0,1
2580.5,0
2580.75,1
2581.5,0
2582.0,1
2584.25,0
2584.75,1
2586.0,0
2600.0,1
2600.25,0
2600.75,1
2603.25,0
2603.75,1
2605.5,0
2605.75,1
2607.0,0
2607.25,1
2609.0,0
2609.25,1
2609.5,0
2613.0,1
2613.25,0
2622.5,1
2622.75,0
2624.25,1
2625.0,0
2625.25,1
2627.25,0
2627.5,1
2629.5,0
2629.75,1
2631.75,0
2632.0,1
2632.75,0
2637.5,1
2637.75,0
2646.0,1
2646.25,0
2648.75,1
2649.0,0
2649.75,1
2650.0,0
2650.25,1
2651.25,0
2652.0,1
2652.75,0
2653.0,1
2654.75,0
2655.0,1
2656.0,0
2656.25,1
2657.0,0
2720.25,1
2720.5,0
2721.5,1
2722.0,0
2722.25,1
2724.0,0
2724.5,1
2725.0,0
2725.25,1
2728.5,0
2728.75,1
2729.0,0
2729.5,1
2729.75,0
2734.0,1
2734.25,0
2743.25,1
2743.5,0
2744.25,1
2744.5,0
2744.75,1
2746.25,0
2746.5,1
2747.0,0
2747.25,1
2749.25,0
2749.5,1
2750.5,0
2750.75,1
2751.0,0
2751.25,1
2752.0,0
2752.25,1
2752.5,0
2752.75,1
2753.0,0
2766.25,1
2766.5,0
2769.0,1
2772.25,0
2772.5,1
2773.0,0
2773.25,1
2773.75,0
2774.0,1
2774.25,0
2774.5,1
2775.0,0
2775.25,1
2775.75,0
2776.25,1
2777.25,0
2777.5,1
2777.75,0
2781.5,1
2781.75,0
2790.25,1
2790.5,0
2792.75,1
2794.25,0
2794.5,1
2794.75,0
2795.25,1
2796.25,0
2796.5,1
2798.0,0
2798.25,1
2800.0,0
2800.25,1
2801.5,0
2815.0,1
2815.25,0
2816.25,1
2816.5,0
2816.75,1
2817.0,0
2817.5,1
2817.75,0
2818.0,1
2819.0,0
2819.25,1
2820.75,0
2821.25,1
2822.5,0
2822.75,1
2823.0,0
2823.25,1
2823.5,0
2823.75,1
2824.25,0
2824.75,1
2825.25,0
2886.75,1
2887.0,0
2889.0,1
2890.75,0
2891.0,1
2891.75,0
2892.0,1
2892.25,0
2892.5,1
2892.75,0
2893.0,1
2893.5,0
2893.75,1
2894.0,0
2894.25,1
2895.75,0
2896.0,1
2897.0,0
2897.25,1
2897.5,0
2900.5,1
2900.75,0
2910.75,1
2911.0,0
2912.75,1
2913.0,0
2913.5,1
2913.75,0
2914.0,1
2915.25,0
2915.5,1
2916.5,0
2916.75,1
2918.0,0
2918.25,1
2920.0,0
2920.5,1
2921.25,0
2925.5,1
2925.75,0
2934.75,1
2935.0,0
2936.0,1
2936.25,0
2936.5,1
2936.75,0
2937.0,1
2938.75,0
2939.0,1
2940.75,0
2941.0,1
2943.25,0
2943.75,1
2945.5,0
2948.25,1
2948.5,0
2959.5,1
2959.75,0
2960.0,1
2960.25,0
2960.75,1
2961.0,0
2961.25,1
2962.5,0
2962.75,1
2964.0,0
2964.5,1
2965.5,0
2966.0,1
2966.25,0
2966.75,1
2967.25,0
2967.5,1
2969.25,0
2972.25,1
2972.5,0
2973.0,1
2973.25,0
2982.75,1
2983.0,0
2985.0,1
2988.25,0
2988.5,1
2988.75,0
2989.0,1
2989.5,0
2990.25,1
2993.75,0
3055.25,1
3055.75,0
3056.75,1
3057.0,0
3057.5,1
3058.5,0
3058.75,1
3060.0,0
3060.25,1
3060.75,0
3061.0,1
3061.75,0
3062.25,1
3062.5,0
3063.25,1
3063.5,0
3063.75,1
3065.0,0
3065.25,1
3065.5,0
3069.5,1
3069.75,0
3080.75,1
3081.0,0
3081.25,1
3083.75,0
3084.25,1
3087.0,0
3087.25,1
3087.75,0
3088.0,1
3089.25,0
3089.75,1
3090.0,0
3102.25,1
3102.5,0
3103.75,1
3104.0,0
3105.25,1
3106.0,0
3106.25,1
3107.25,0
3107.5,1
3110.0,0
3110.25,1
3110.75,0
3111.0,1
3112.0,0
3112.25,1
3112.5,0
3113.25,1
3113.75,0
3118.0,1
3118.25,0
3127.0,1
3127.25,0
3127.5,1
3127.75,0
3128.5,1
3128.75,0
3129.5,1
3133.25,0
3133.5,1
3134.5,0
3134.75,1
3135.5,0
3135.75,1
3136.0,0
3136.25,1
3137.25,0
3141.0,1
3141.25,0
3150.0,1
3150.25,0
3152.25,1
3152.5,0
3153.25,1
3153.5,0
3154.25,1
3154.5,0
3155.0,1
3155.5,0
3156.0,1
3157.5,0
3157.75,1
3158.0,0
3158.25,1
3159.25,0
3159.75,1
3160.75,0
3161.0,1
3161.25,0
3164.75,1
3165.0,0
3222.25,1
3222.5,0
3224.0,1
3224.25,0
3224.5,1
3225.25,0
3225.75,1
3226.75,0
3227.0,1
3228.25,0
3228.5,1
3229.0,0
3229.25,1
3229.5,0
3229.75,1
3231.5,0
3231.75,1
3232.0,0
3232.25,1
3233.0,0
3237.25,1
3237.5,0
3247.0,1
3247.25,0
3247.5,1
3247.75,0
3249.0,1
3249.25,0
3250.0,1
3252.5,0
3252.75,1
3253.25,0
3253.75,1
3255.25,0
3255.5,1
3256.5,0
3261.5,1
3261.75,0
3273.0,1
3274.75,0
3275.0,1
3275.5,0
3275.75,1
3277.75,0
3278.0,1
3278.25,0
3278.5,1
3278.75,0
3279.0,1
3280.25,0
3280.75,1
3281.5,0
3285.5,1
3285.75,0
3296.5,1
3298.5,0
3298.75,1
3299.0,0
3299.5,1
3300.5,0
3300.75,1
3301.25,0
3301.5,1
3301.75,0
3302.0,1
3303.5,0
3303.75,1
3305.0,0
3319.0,1
3319.25,0
3319.75,1
3320.0,0
3320.25,1
3320.5,0
3320.75,1
3322.75,0
3323.0,1
3323.5,0
3323.75,1
3325.25,0
3325.5,1
3327.75,0
3328.0,1
3328.25,0
3328.5,1
3328.75,0
3329.5,1
3329.75,0
3389.75,1
3390.0,0
3390.25,1
3390.5,0
3391.75,1
3392.0,0
3393.0,1
3393.25,0
3393.5,1
3395.5,0
3395.75,1
3396.0,0
3396.25,1
3397.5,0
3397.75,1
3398.5,0
3398.75,1
3399.0,0
3399.5,1
3401.0,0
3416.0,1
3417.0,0
3417.5,1
3418.0,0
3418.25,1
3418.75,0
3419.0,1
3421.75,0
3422.0,1
3422.25,0
3422.5,1
3423.25,0
3423.75,1
3424.5,0
3425.0,1
3425.25,0
3429.0,1
3429.25,0
3438.0,1
3438.25,0
3440.5,1
3440.75,0
3441.5,1
3441.75,0
3442.0,1
3444.25,0
3444.75,1
3446.0,0
3446.25,1
3447.5,0
3447.75,1
3448.0,0
3448.5,1
3449.5,0
3465.0,1
3466.25,0
3466.5,1
3468.25,0
3468.5,1
3468.75,0
3469.0,1
3469.25,0
3469.5,1
3470.0,0
3470.25,1
3470.75,0
3471.0,1
3471.25,0
3471.75,1
3472.25,0
3472.75,1
3473.0,0
3489.0,1
3490.5,0
3491.0,1
3491.25,0
3492.0,1
3493.75,0
3494.0,1
3495.0,0
3495.25,1
3496.5,0
3496.75,1
3497.0,0
3497.25,1
3497.5,0
3498.0,1
3498.25,0
3559.0,1
3559.5,0
3560.5,1
3560.75,0
3561.25,1
3561.75,0
3562.0,1
3563.25,0
3563.75,1
3565.75,0
3566.0,1
3569.5,0
3573.25,1
3573.5,0
3607.25,1
3607.5,0
3608.5,1
3608.75,0
3609.25,1
3609.5,0
3609.75,1
3610.5,0
3610.75,1
3612.25,0
3612.75,1
3615.0,0
3615.25,1
3615.5,0
3615.75,1
3617.0,0
3630.25,1
3630.5,0
3632.25,1
3632.5,0
3633.0,1
3633.25,0
3633.5,1
3636.0,0
3636.25,1
3637.75,0
3638.0,1
3639.25,0
3639.5,1
3641.5,0
3644.5,1
3644.75,0
3645.25,1
3645.5,0
3657.25,1
3658.0,0
3658.5,1
3661.25,0
3661.5,1
3662.5,0
3662.75,1
3663.75,0
3664.0,1
3665.0,0
3726.0,1
3726.25,0
3727.25,1
3727.5,0
3727.75,1
3728.0,0
3728.25,1
3728.5,0
3729.25,1
3730.75,0
3731.0,1
3732.25,0
3732.75,1
3733.75,0
3734.0,1
3735.25,0
3735.5,1
3737.0,0
3737.5,1
3737.75,0
3752.5,1
3752.75,0
3753.0,1
3753.5,0
3753.75,1
3756.75,0
3757.0,1
3757.25,0
3757.5,1
3758.0,0
3758.25,1
3759.25,0
3759.5,1
3760.0,0
3760.25,1
3761.25,0
3764.25,1
3764.5,0
3766.25,1
3766.5,0
3776.75,1
3777.5,0
3777.75,1
3780.0,0
3780.25,1
3782.25,0
3782.5,1
3783.0,0
3783.5,1
3784.0,0
3784.25,1
3785.0,0
3798.0,1
3798.75,0
3800.75,1
3801.5,0
3801.75,1
3802.5,0
3803.0,1
3803.25,0
3803.5,1
3804.25,0
3804.5,1
3805.0,0
3805.25,1
3809.0,0
3824.75,1
3825.0,0
3825.25,1
3826.0,0
3826.5,1
3828.5,0
3828.75,1
3829.0,0
3829.75,1
3831.75,0
3832.0,1
3832.5,0
3832.75,1
3833.25,0
3837.0,1
3837.5,0
3896.0,1
3896.25,0
3897.5,1
3898.25,0
3898.5,1
3899.0,0
3899.25,1
3900.0,0
3900.25,1
3901.5,0
3901.75,1
3903.0,0
3903.25,1
3903.75,0
3904.0,1
3904.25,0
3904.5,1
3905.0,0
3909.5,1
3909.75,0
3921.0,1
3922.5,0
3922.75,1
3923.25,0
3923.5,1
3923.75,0
3924.25,1
3928.0,0
3928.25,1
3928.5,0
3928.75,1
3929.0,0
3929.25,1
3929.5,0
3933.0,1
3933.25,0
3944.75,1
3945.0,0
3946.0,1
3946.25,0
3946.5,1
3947.5,0
3947.75,1
3948.0,0
3948.5,1
3949.0,0
3949.5,1
3950.0,0
3950.25,1
3950.5,0
3950.75,1
3951.0,0
3951.25,1
3953.0,0
3953.25,1
3953.5,0
3954.0,1
3954.25,0
3967.5,1
3968.0,0
3969.25,1
3970.0,0
3970.25,1
3972.25,0
3972.5,1
3973.0,0
3973.25,1
3975.25,0
3975.5,1
3976.75,0
3977.0,1
3977.25,0
3979.75,1
3980.0,0
3980.25,1
3980.5,0
3990.0,1
3990.25,0
3992.25,1
3993.0,0
3993.5,1
3997.5,0
3998.25,1
3999.0,0
3999.25,1
4001.25,0
4001.5,1
4001.75,0
4004.0,1
4004.5,0
4064.0,1
4064.25,0
4065.5,1
4066.5,0
4066.75,1
4069.0,0
4069.25,1
4070.25,0
4070.5,1
4072.0,0
4072.25,1
4073.25,0
4078.0,1
4078.25,0
4086.25,1
4086.5,0
4088.75,1
4089.0,0
4089.25,1
4089.75,0
4090.0,1
4091.0,0
4091.25,1
4091.75,0
4092.25,1
4092.5,0
4092.75,1
4093.0,0
4093.25,1
4097.0,0
4097.5,1
4097.75,0
4100.0,1
4100.25,0
4101.0,1
4101.25,0
4110.25,1
4110.5,0
4111.25,1
4111.5,0
4111.75,1
4112.0,0
4113.5,1
4114.0,0
4114.25,1
4116.0,0
4116.5,1
4117.25,0
4117.5,1
4119.0,0
4119.25,1
4121.25,0
4121.5,1
4121.75,0
4124.5,1
4124.75,0
4125.5,1
4125.75,0
4136.25,1
4136.5,0
4137.25,1
4138.0,0
4138.25,1
4140.25,0
4140.5,1
4141.0,0
4142.0,1
4142.75,0
4143.0,1
4143.75,0
4144.0,1
4145.0,0
4145.25,1
4145.5,0
4145.75,1
4146.0,0
4158.0,1
4158.25,0
4160.25,1
4160.5,0
4160.75,1
4161.25,0
4161.75,1
4162.5,0
4162.75,1
4163.25,0
4163.5,1
4165.75,0
4166.5,1
4167.0,0
4167.25,1
4168.5,0
4169.25,1
4169.5,0
4173.5,1
4173.75,0
4231.5,1
4232.0,0
4232.75,1
4233.25,0
4233.5,1
4233.75,0
4234.0,1
4238.25,0
4238.5,1
4238.75,0
4239.0,1
4241.0,0
4241.5,1
4242.0,0
4257.25,1
4259.25,0
4259.5,1
4260.0,0
4260.25,1
4261.25,0
4261.5,1
4261.75,0
4262.0,1
4262.25,0
4262.75,1
4263.5,0
4263.75,1
4264.0,0
4264.25,1
4264.5,0
4264.75,1
4265.0,0
4265.25,1
4265.75,0
4271.0,1
4271.25,0
4280.0,1
4280.5,0
4281.25,1
4281.75,0
4282.0,1
4282.25,0
4282.5,1
4284.0,0
4284.25,1
4286.0,0
4286.25,1
4289.25,0
4289.5,1
4289.75,0
4290.0,1
4290.25,0
4302.75,1
4303.0,0
4303.75,1
4304.0,0
4304.5,1
4304.75,0
4305.0,1
4306.75,0
4307.25,1
4311.0,0
4311.25,1
4311.5,0
4311.75,1
4313.25,0
4313.5,1
4314.0,0
4329.0,1
4331.5,0
4332.25,1
4332.75,0
4333.25,1
4333.5,0
4333.75,1
4334.5,0
4334.75,1
4335.5,0
4335.75,1
4336.25,0
4336.5,1
4336.75,0
4337.25,1
4337.5,0
4399.75,1
4400.0,0
4401.5,1
4402.5,0
4403.25,1
4404.25,0
4404.5,1
4405.5,0
4405.75,1
4406.25,0
4406.75,1
4408.0,0
4408.25,1
4408.5,0
4409.0,1
4409.25,0
4447.25,1
4447.5,0
4448.75,1
4449.0,0
4449.25,1
4451.0,0
4451.25,1
4453.75,0
4454.0,1
4454.25,0
4454.5,1
4456.5,0
4456.75,1
4457.0,0
4457.25,1
4457.5,0
4471.0,1
4471.25,0
4471.5,1
4471.75,0
4473.0,1
4473.5,0
4473.75,1
4474.25,0
4474.5,1
4474.75,0
4475.0,1
4476.25,0
4476.5,1
4478.0,0
4478.25,1
4479.5,0
4479.75,1
4480.25,0
4480.75,1
4481.0,0
4481.75,1
4482.0,0
4485.25,1
4485.5,0
4494.75,1
4495.0,0
4496.75,1
4497.0,0
4497.25,1
4497.75,0
4498.0,1
4498.75,0
4499.25,1
4500.75,0
4501.0,1
4501.75,0
4502.0,1
4502.25,0
4502.5,1
4503.75,0
4504.0,1
4505.0,0
4567.0,1
4567.25,0
4567.75,1
4568.0,0
4568.75,1
4570.5,0
4571.0,1
4575.5,0
4575.75,1
4576.75,0
4577.0,1
4577.25,0
4581.75,1
4582.0,0
4591.0,1
4591.25,0
4592.25,1
4592.5,0
4593.25,1
4593.5,0
4593.75,1
4596.25,0
4596.5,1
4597.0,0
4597.25,1
4598.0,0
4598.25,1
4601.5,0
4604.25,1
4604.5,0
4615.75,1
4616.0,0
4617.0,1
4617.25,0
4617.75,1
4618.0,0
4618.25,1
4619.5,0
4619.75,1
4621.5,0
4621.75,1
4622.25,0
4622.5,1
4624.5,0
4624.75,1
4625.0,0
4625.25,1
4625.75,0
4628.5,1
4629.0,0
4629.25,1
4629.5,0
4637.25,1
4637.5,0
4638.0,1
4638.25,0
4640.0,1
4640.25,0
4640.75,1
4641.0,0
4641.25,1
4642.75,0
4643.0,1
4643.75,0
4644.0,1
4644.75,0
4645.0,1
4645.5,0
4646.0,1
4646.25,0
4646.5,1
4647.25,0
4647.5,1
4648.75,0
4649.0,1
4649.25,0
4649.5,1
4649.75,0
4663.5,1
4663.75,0
4664.0,1
4664.5,0
4665.25,1
4668.25,0
4668.5,1
4669.5,0
4669.75,1
4670.25,0
4670.5,1
4671.0,0
4671.25,1
4672.75,0
4677.75,1
4678.0,0
4736.0,1
4736.5,0
4736.75,1
4737.0,0
4737.25,1
4738.25,0
4738.5,1
4739.0,0
4739.25,1
4741.0,0
4741.25,1
4741.5,0
4741.75,1
4742.75,0
4743.25,1
4745.25,0
4759.25,1
4759.5,0
4761.0,1
4761.5,0
4761.75,1
4762.0,0
4762.25,1
4763.25,0
4763.5,1
4764.5,0
4765.0,1
4765.25,0
4765.5,1
4765.75,0
4766.0,1
4768.75,0
4769.25,1
4769.5,0
4784.75,1
4785.0,0
4785.5,1
4786.75,0
4787.0,1
4787.75,0
4788.0,1
4789.0,0
4789.25,1
4790.0,0
4790.25,1
4790.75,0
4791.25,1
4792.75,0
4793.25,1
4793.5,0
4807.25,1
4807.75,0
4808.75,1
4809.25,0
4809.5,1
4812.0,0
4812.25,1
4812.5,0
4813.0,1
4813.25,0
4813.5,1
4814.0,0
4814.25,1
4815.75,0
4816.0,1
4817.0,0
4833.0,1
4833.5,0
4833.75,1
4834.0,0
4834.25,1
4835.5,0
4836.0,1
4837.0,0
4837.25,1
4837.5,0
4837.75,1
4838.75,0
4839.0,1
4841.25,0
4903.5,1
4903.75,0
4904.0,1
4904.25,0
4904.75,1
4905.0,0
4905.25,1
4908.25,0
4908.5,1
4910.5,0
4910.75,1
4911.5,0
4911.75,1
4912.75,0
4929.25,1
4930.75,0
4931.0,1
4932.25,0
4932.75,1
4933.0,0
4933.5,1
4933.75,0
4934.0,1
4936.0,0
4936.25,1
4937.25,0
4950.5,1
4950.75,0
4952.5,1
4952.75,0
4953.0,1
4956.25,0
4956.5,1
4958.75,0
4959.25,1
4959.75,0
4960.0,1
4961.0,0
4961.5,1
4961.75,0
4977.0,1
4977.25,0
4977.75,1
4978.25,0
4978.5,1
4980.75,0
4981.0,1
4982.0,0
4982.75,1
4985.25,0
4999.0,1
4999.25,0
5000.25,1
5000.5,0
5001.5,1
5002.25,0
5002.75,1
5004.75,0
5005.0,1
5005.75,0
5006.25,1
5008.0,0
5008.25,1
5009.25,0
5070.5,1
5071.0,0
5073.0,1
5073.75,0
5074.25,1
5076.0,0
5076.5,1
5079.5,0
5079.75,1
5080.25,0
5080.5,1
5081.0,0
5096.25,1
5096.5,0
5096.75,1
5100.25,0
5100.5,1
5102.0,0
5102.25,1
5105.5,0
5121.25,1
5121.75,0
5122.0,1
5122.5,0
5123.0,1
5124.0,0
5124.5,1
5128.5,0
5128.75,1
5129.0,0
5144.25,1
5144.5,0
5144.75,1
5145.0,0
5145.5,1
5146.25,0
5146.5,1
5147.0,0
5147.25,1
5147.5,0
5147.75,1
5148.5,0
5149.0,1
5150.75,0
5151.5,1
5152.75,0
5166.5,1
5166.75,0
5168.0,1
5168.25,0
5168.75,1
5169.0,0
5169.25,1
5170.25,0
5170.75,1
5171.5,0
5171.75,1
5172.75,0
5173.5,1
5176.75,0
5177.25,1
5177.5,0
5180.5,1
5180.75,0
5181.75,1
5182.0,0
5238.0,1
5238.25,0
5238.75,1
5239.0,0
5241.0,1
5242.0,0
5242.5,1
5243.5,0
5243.75,1
5246.5,0
5246.75,1
5247.0,0
5247.5,1
5248.25,0
5248.75,1
5249.0,0
5254.25,1
5254.5,0
5262.75,1
5263.0,0
5264.5,1
5264.75,0
5265.0,1
5266.0,0
5266.25,1
5268.5,0
5268.75,1
5269.5,0
5269.75,1
5270.25,0
5270.5,1
5271.0,0
5271.25,1
5273.25,0
5278.0,1
5278.25,0
5289.0,1
5296.5,0
5296.75,1
5297.0,0
5297.25,1
5297.5,0
5313.25,1
5315.75,0
5316.0,1
5318.25,0
5319.0,1
5320.5,0
5320.75,1
5321.0,0
5325.25,1
5325.5,0
5337.5,1
5339.0,0
5339.25,1
5339.75,0
5340.0,1
5340.25,0
5340.5,1
5342.5,0
5342.75,1
5343.0,0
5343.25,1
5344.0,0
5344.5,1
5345.0,0
5345.25,1
5345.75,0
5349.0,1
5349.25,0
5409.0,1
5409.25,0
5409.75,1
5410.5,0
5410.75,1
5411.0,0
5411.25,1
5413.25,0
5413.75,1
5415.0,0
5415.25,1
5416.0,0
5416.25,1
5416.5,0
5416.75,1
5417.0,0
5421.75,1
5422.0,0
5431.25,1
5431.5,0
5431.75,1
5432.0,0
5433.0,1
5435.5,0
5435.75,1
5437.75,0
5438.0,1
5439.5,0
5439.75,1
5441.0,0
5453.5,1
5453.75,0
5454.5,1
5454.75,0
5455.5,1
5455.75,0
5456.0,1
5456.25,0
5456.75,1
5457.25,0
5457.5,1
5460.5,0
5460.75,1
5461.0,0
5461.25,1
5463.25,0
5463.5,1
5463.75,0
5464.0,1
5464.25,0
5464.5,1
5465.25,0
5478.25,1
5478.5,0
5480.0,1
5480.25,0
5481.0,1
5481.5,0
5481.75,1
5482.25,0
5482.75,1
5483.75,0
5484.0,1
5488.5,0
5489.25,1
5489.5,0
5502.0,1
5502.25,0
5505.0,1
5505.75,0
5506.0,1
5506.25,0
5506.5,1
5507.75,0
5508.0,1
5509.25,0
5509.5,1
5510.75,0
5511.0,1
5511.5,0
5511.75,1
5512.0,0
5512.25,1
5512.75,0
5513.25,1
5513.5,0
5517.75,1
5518.0,0
5574.25,1
5574.75,0
5576.5,1
5576.75,0
5577.0,1
5579.25,0
5579.75,1
5580.0,0
5580.25,1
5580.5,0
5581.0,1
5581.25,0
5581.5,1
5582.0,0
5582.5,1
5583.0,0
5583.25,1
5583.75,0
5584.0,1
5585.5,0
5597.75,1
5598.0,0
5600.25,1
5600.5,0
5601.25,1
5601.5,0
5601.75,1
5604.0,0
5604.5,1
5604.75,0
5605.25,1
5605.5,0
5606.0,1
5606.5,0
5606.75,1
5608.25,0
5608.5,1
5609.5,0
5622.75,1
5623.0,0
5623.5,1
5624.0,0
5624.25,1
5624.75,0
5625.25,1
5625.5,0
5625.75,1
5627.5,0
5627.75,1
5628.0,0
5628.25,1
5629.75,0
5630.5,1
5633.0,0
5649.0,1
5650.0,0
5650.75,1
5651.25,0
5651.5,1
5654.25,0
5654.5,1
5654.75,0
5655.0,1
5657.5,0
5659.75,1
5660.0,0
5670.25,1
5670.5,0
5672.75,1
5673.0,0
5673.5,1
5674.5,0
5674.75,1
5675.5,0
5675.75,1
5676.5,0
5677.25,1
5679.0,0
5679.25,1
5680.75,0
5681.0,1
5681.5,0
5742.0,1
5742.25,0
5742.5,1
5743.0,0
5744.25,1
5745.0,0
5745.25,1
5745.5,0
5745.75,1
5747.25,0
5747.5,1
5753.25,0
5767.75,1
5768.0,0
5769.5,1
5772.0,0
5772.25,1
5775.75,0
5776.0,1
5777.0,0
5790.25,1
5790.75,0
5793.25,1
5795.75,0
5796.0,1
5796.75,0
5797.0,1
5797.75,0
5798.0,1
5798.25,0
5798.5,1
5800.0,0
5800.25,1
5800.75,0
5815.75,1
5816.0,0
5816.5,1
5816.75,0
5817.0,1
5817.25,0
5817.5,1
5821.0,0
5821.25,1
5823.0,0
5823.5,1
5824.25,0
5829.25,1
5829.5,0
5833.5,1
5833.75,0
5834.0,1
5834.25,0
5836.25,1
5836.5,0
5841.25,1
5841.5,0
5841.75,1
5844.0,0
5844.25,1
5846.5,0
5846.75,1
5847.75,0
5848.0,1
5848.5,0
5848.75,1
5849.0,0
5849.5,1
5850.0,0
5852.5,1
5852.75,0
5910.0,1
5910.25,0
5913.25,1
5913.5,0
5913.75,1
5915.75,0
5916.0,1
5918.25,0
5918.75,1
5919.25,0
5919.5,1
5919.75,0
5920.0,1
5920.25,0
5920.75,1
5921.0,0
5925.0,1
5925.25,0
5958.0,1
5958.25,0
5958.5,1
5958.75,0
5960.5,1
5960.75,0
5961.25,1
5962.5,0
5963.0,1
5965.25,0
5965.75,1
5966.0,0
5966.25,1
5967.25,0
5967.5,1
5968.25,0
5968.75,1
5969.0,0
5982.75,1
5983.25,0
5985.0,1
5985.25,0
5985.75,1
5986.25,0
5986.5,1
5991.0,0
5991.5,1
5992.25,0
5992.5,1
5992.75,0
5993.0,1
5993.5,0
6006.0,1
6006.25,0
6006.5,1
6007.0,0
6007.75,1
6008.0,0
6009.0,1
6011.25,0
6011.75,1
6012.0,0
6012.5,1
6012.75,0
6013.0,1
6013.5,0
6013.75,1
6016.25,0
6016.5,1
6017.0,0
6080.5,1
6080.75,0
6081.5,1
6081.75,0
6082.0,1
6082.25,0
6082.5,1
6082.75,0
6083.0,1
6085.0,0
6085.25,1
6086.0,0
6086.25,1
6089.0,0
6089.25,1
6089.5,0
6103.5,1
6103.75,0
6105.25,1
6105.5,0
6105.75,1
6106.25,0
6106.5,1
6107.5,0
6107.75,1
6109.0,0
6109.25,1
6111.0,0
6111.25,1
6111.5,0
6112.25,1
6112.5,0
6112.75,1
6113.0,0
6127.0,1
6127.25,0
6127.5,1
6127.75,0
6129.0,1
6129.5,0
6129.75,1
6130.25,0
6130.75,1
6131.25,0
6131.5,1
6133.0,0
6133.25,1
6133.5,0
6133.75,1
6134.75,0
6135.0,1
6136.25,0
6137.0,1
6137.25,0
6137.5,1
6137.75,0
6150.75,1
6151.25,0
6152.25,1
6152.5,0
6153.0,1
6153.5,0
6153.75,1
6155.0,0
6155.5,1
6155.75,0
6156.0,1
6157.5,0
6157.75,1
6158.75,0
6159.0,1
6160.0,0
6161.25,1
6161.5,0
6175.5,1
6176.0,0
6177.0,1
6178.0,0
6178.25,1
6181.25,0
6181.5,1
6182.0,0
6182.25,1
6182.5,0
6182.75,1
6183.25,0
6183.5,1
6184.75,0
6185.25,1
6185.5,0
6246.0,1
6246.25,0
6246.75,1
6247.0,0
6248.5,1
6248.75,0
6249.0,1
6251.0,0
6251.25,1
6251.5,0
6251.75,1
6252.5,0
6253.0,1
6253.25,0
6253.5,1
6255.5,0
6255.75,1
6256.75,0
6270.0,1
6270.25,0
6272.5,1
6273.0,0
6273.5,1
6273.75,0
6274.5,1
6275.5,0
6275.75,1
6278.0,0
6278.5,1
6278.75,0
6279.0,1
6279.25,0
6279.5,1
6280.5,0
6284.5,1
6284.75,0
6295.25,1
6295.5,0
6296.0,1
6296.25,0
6296.75,1
6303.0,0
6303.25,1
6304.0,0
6304.25,1
6305.25,0
6305.75,1
6306.0,0
6308.25,1
6308.5,0
6308.75,1
6309.0,0
6318.25,1
6318.5,0
6321.5,1
6322.25,0
6322.75,1
6323.5,0
6323.75,1
6324.0,0
6324.25,1
6324.75,0
6325.25,1
6327.25,0
6327.75,1
6328.5,0
6328.75,1
6329.25,0
6333.75,1
6334.0,0
6341.25,1
6341.5,0
6343.25,1
6343.5,0
6345.0,1
6345.25,0
6345.75,1
6348.0,0
6348.25,1
6348.5,0
6348.75,1
6352.5,0
6417.25,1
6419.5,0
6419.75,1
6421.25,0
6421.5,1
6422.25,0
6422.5,1
6423.75,0
6424.0,1
6424.75,0
6425.25,1
6425.5,0
6430.0,1
6430.25,0
6441.75,1
6442.0,0
6442.25,1
6444.5,0
6444.75,1
6446.5,0
6446.75,1
6449.25,0
6464.0,1
6464.5,0
6465.0,1
6466.5,0
6466.75,1
6467.5,0
6467.75,1
6468.0,0
6468.25,1
6468.5,0
6468.75,1
6469.0,0
6469.25,1
6471.0,0
6471.25,1
6472.75,0
6473.0,1
6473.25,0
6473.75,1
6474.0,0
6476.5,1
6476.75,0
6477.75,1
6478.0,0
6486.5,1
6486.75,0
6488.0,1
6488.5,0
6489.0,1
6489.25,0
6489.5,1
6489.75,0
6490.25,1
6491.25,0
6491.5,1
6492.25,0
6492.75,1
6493.75,0
6494.0,1
6494.75,0
6495.0,1
6496.0,0
6496.25,1
6497.0,0
6497.5,1
6497.75,0
6512.0,1
6512.5,0
6512.75,1
6513.5,0
6513.75,1
6514.75,0
6515.0,1
6515.25,0
6515.5,1
6517.0,0
6517.5,1
6518.25,0
6518.5,1
6519.75,0
6520.0,1
6520.25,0
6520.5,1
6521.0,0
6521.5,1
6521.75,0
6526.0,1
6526.25,0
6584.75,1
6586.25,0
6586.5,1
6587.25,0
6587.5,1
6588.75,0
6589.0,1
6589.25,0
6590.25,1
6592.5,0
6592.75,1
6593.0,0
6598.0,1
6598.25,0
6609.0,1
6609.25,0
6609.5,1
6611.75,0
6612.0,1
6612.25,0
6612.5,1
6615.25,0
6615.5,1
6615.75,0
6616.0,1
6616.25,0
6616.5,1
6617.25,0
6617.5,1
6617.75,0
6619.75,1
6620.0,0
6630.75,1
6631.0,0
6632.5,1
6632.75,0
6633.0,1
6638.5,0
6638.75,1
6640.25,0
6640.75,1
6641.25,0
6654.25,1
6654.5,0
6656.0,1
6656.5,0
6656.75,1
6657.0,0
6657.25,1
6657.5,0
6658.25,1
6660.0,0
6660.25,1
6660.5,0
6660.75,1
6661.0,0
6661.25,1
6664.25,0
6679.25,1
6680.0,0
6681.0,1
6681.25,0
6681.5,1
6682.25,0
6682.5,1
6685.25,0
6685.75,1
6687.25,0
6687.5,1
6688.5,0
6690.75,1
6691.0,0
6753.25,1
6754.25,0
6754.75,1
6755.5,0
6755.75,1
6757.0,0
6757.25,1
6758.25,0
6758.5,1
6759.25,0
6759.5,1
6760.75,0
6761.0,1
6761.5,0
6765.0,1
6765.25,0
6766.0,1
6766.25,0
6801.25,1
6801.5,0
6801.75,1
6802.25,0
6802.5,1
6803.75,0
6804.0,1
6804.5,0
6805.0,1
6805.25,0
6805.5,1
6806.0,0
6806.25,1
6807.0,0
6807.5,1
6808.0,0
6808.25,1
6808.5,0
6809.0,1
6809.25,0
6823.75,1
6824.0,0
6825.25,1
6825.75,0
6826.0,1
6826.25,0
6826.5,1
6827.0,0
6827.25,1
6827.75,0
6828.0,1
6828.25,0
6828.5,1
6830.25,0
6830.5,1
6830.75,0
6831.5,1
6833.25,0
6833.5,1
6833.75,0
6837.0,1
6837.25,0
6848.75,1
6849.25,0
6849.5,1
6850.25,0
6850.5,1
6850.75,0
6851.0,1
6853.0,0
6853.5,1
6854.75,0
6855.0,1
6855.75,0
6856.0,1
6856.5,0
6859.5,1
6859.75,0
6920.5,1
6920.75,0
6921.25,1
6921.75,0
6922.0,1
6923.75,0
6924.0,1
6925.25,0
6925.5,1
6926.0,0
6926.25,1
6926.75,0
6927.0,1
6927.5,0
6927.75,1
6928.0,0
6928.25,1
6928.5,0
6928.75,1
6929.0,0
6929.25,1
6929.5,0
6943.0,1
6943.25,0
6944.5,1
6944.75,0
6945.25,1
6945.5,0
6945.75,1
6947.25,0
6947.5,1
6949.0,0
6949.25,1
6950.5,0
6950.75,1
6951.25,0
6951.5,1
6953.0,0
6958.25,1
6958.5,0
6966.5,1
6966.75,0
6967.0,1
6967.25,0
6968.75,1
6969.0,0
6969.25,1
6971.5,0
6971.75,1
6972.5,0
6973.25,1
6973.75,0
6974.0,1
6974.5,0
6974.75,1
6975.0,0
6975.25,1
6976.75,0
6981.75,1
6982.0,0
6990.25,1
6990.5,0
6990.75,1
6991.0,0
6991.5,1
6991.75,0
6992.5,1
6993.0,0
6993.25,1
6994.5,0
6994.75,1
6995.0,0
6995.25,1
6996.0,0
6996.5,1
6996.75,0
6997.0,1
7000.5,0
7000.75,1
7001.25,0
7006.0,1
7006.25,0
7016.0,1
7016.25,0
7016.5,1
7017.5,0
7017.75,1
7018.25,0
7018.5,1
7020.25,0
7020.5,1
7021.25,0
7021.5,1
7025.5,0
7025.75,1
7026.0,0
7028.5,1
7028.75,0
7029.25,1
7029.5,0
7086.25,1
7086.5,0
7088.75,1
7091.0,0
7091.25,1
7091.75,0
7092.25,1
7094.0,0
7094.75,1
7097.75,0
7109.75,1
7110.0,0
7113.25,1
7113.5,0
7113.75,1
7114.25,0
7114.5,1
7115.5,0
7115.75,1
7116.75,0
7117.0,1
7117.5,0
7117.75,1
7118.5,0
7118.75,1
7120.5,0
7120.75,1
7121.25,0
7123.75,1
7124.25,0
7125.0,1
7125.25,0
7125.5,1
7125.75,0
7135.5,1
7136.0,0
7136.25,1
7136.5,0
7137.5,1
7137.75,0
7138.25,1
7141.75,0
7142.0,1
7143.25,0
7143.5,1
7145.25,0
7149.75,1
7150.0,0
7159.25,1
7159.5,0
7160.75,1
7161.0,0
7161.5,1
7161.75,0
7162.0,1
7163.5,0
7163.75,1
7164.0,0
7164.25,1
7165.25,0
7165.5,1
7166.0,0
7166.25,1
7166.75,0
7167.0,1
7168.5,0
7183.25,1
7183.75,0
7185.5,1
7186.0,0
7186.25,1
7187.25,0
7187.75,1
7188.25,0
7188.5,1
7190.5,0
7191.0,1
7192.0,0
7192.25,1
7193.0,0
7257.0,1
7257.25,0
7257.5,1
7259.25,0
7259.5,1
7260.0,0
7260.25,1
7261.0,0
7261.25,1
7262.5,0
7262.75,1
7263.25,0
7263.75,1
7265.0,0
7268.5,1
7268.75,0
7269.25,1
7269.5,0
7281.5,1
7281.75,0
7282.0,1
7282.75,0
7283.0,1
7283.75,0
7284.0,1
7285.0,0
7285.25,1
7285.75,0
7286.0,1
7286.25,0
7286.5,1
7287.0,0
7287.25,1
7288.5,0
7288.75,1
7289.0,0
7304.0,1
7304.5,0
7304.75,1
7305.25,0
7305.5,1
7306.25,0
7306.5,1
7309.0,0
7309.25,1
7310.5,0
7310.75,1
7312.0,0
7312.25,1
7312.5,0
7326.5,1
7326.75,0
7327.5,1
7327.75,0
7328.5,1
7328.75,0
7329.0,1
7331.0,0
7331.25,1
7333.5,0
7333.75,1
7334.5,0
7334.75,1
7336.5,0
7337.25,1
7337.75,0
7340.75,1
7341.0,0
7353.0,1
7353.25,0
7353.5,1
7354.0,0
7354.25,1
7355.25,0
7355.5,1
7356.25,0
7356.5,1
7356.75,0
7357.0,1
7357.25,0
7357.5,1
7359.0,0
7359.5,1
7359.75,0
7360.0,1
7361.25,0
7425.25,1
7425.5,0
7426.0,1
7428.0,0
7428.5,1
7429.75,0
7430.0,1
7433.0,0
7436.75,1
7437.0,0
7446.0,1
7446.25,0
7448.75,1
7450.0,0
7450.25,1
7453.25,0
7453.5,1
7453.75,0
7454.0,1
7456.25,0
7456.5,1
7456.75,0
7457.0,1
7457.25,0
7471.0,1
7471.25,0
7471.75,1
7472.0,0
7473.0,1
7476.0,0
7476.25,1
7476.5,0
7477.0,1
7477.5,0
7477.75,1
7479.0,0
7479.25,1
7481.0,0
7485.25,1
7485.5,0
7496.5,1
7496.75,0
7497.0,1
7497.25,0
7497.5,1
7498.0,0
7498.5,1
7501.5,0
7501.75,1
7502.5,0
7502.75,1
7503.25,0
7503.5,1
7504.5,0
7504.75,1
7505.0,0
7505.5,1
7505.75,0
7518.25,1
7518.5,0
7519.0,1
7519.25,0
7520.25,1
7520.5,0
7521.0,1
7522.5,0
7523.0,1
7523.25,0
7523.75,1
7524.0,0
7524.25,1
7525.25,0
7525.75,1
7528.25,0
7528.5,1
7528.75,0
7529.0,1
7529.5,0
7592.0,1
7592.5,0
7593.0,1
7596.0,0
7596.25,1
7597.0,0
7597.25,1
7597.5,0
7597.75,1
7598.0,0
7598.25,1
7599.0,0
7599.25,1
7600.0,0
7600.25,1
7600.75,0
7601.75,1
7602.0,0
7614.75,1
7615.0,0
7616.5,1
7616.75,0
7617.0,1
7617.25,0
7617.5,1
7620.0,0
7620.25,1
7624.75,0
7625.0,1
7625.25,0
7641.0,1
7642.75,0
7643.0,1
7643.5,0
7644.0,1
7646.5,0
7646.75,1
7647.25,0
7647.5,1
7648.75,0
7661.75,1
7662.0,0
7665.0,1
7665.25,0
7665.75,1
7666.75,0
7667.0,1
7669.5,0
7670.0,1
7670.25,0
7670.5,1
7672.5,0
7673.75,1
7674.0,0
7686.25,1
7686.5,0
7689.0,1
7691.25,0
7691.5,1
7692.0,0
7692.5,1
7693.0,0
7693.5,1
7694.0,0
7694.25,1
7694.75,0
7695.0,1
7695.25,0
7695.75,1
7697.0,0
7697.25,1
7697.5,0
7701.0,1
7701.25,0
7758.25,1
7759.25,0
7760.0,1
7760.25,0
7760.5,1
7760.75,0
7761.0,1
7762.25,0
7762.5,1
7765.25,0
7765.5,1
7768.0,0
7768.25,1
7768.5,0
7768.75,1
7769.0,0
7785.5,1
7786.0,0
7786.25,1
7786.75,0
7787.0,1
7787.5,0
7788.0,1
7788.5,0
7788.75,1
7789.75,0
7790.0,1
7792.5,0
7793.25,1
7793.5,0
7796.75,1
7797.0,0
7807.75,1
7808.0,0
7808.25,1
7808.75,0
7809.0,1
7809.25,0
7809.75,1
7812.0,0
7812.25,1
7812.5,0
7813.0,1
7813.25,0
7813.5,1
7813.75,0
7814.0,1
7815.0,0
7815.25,1
7816.25,0
7816.5,1
7817.0,0
7817.75,1
7818.0,0
7821.25,1
7821.5,0
7822.25,1
7822.5,0
7832.75,1
7834.0,0
7834.25,1
7834.75,0
7835.0,1
7837.0,0
7837.25,1
7837.5,0
7837.75,1
7838.0,0
7838.75,1
7839.25,0
7839.5,1
7840.25,0
7840.5,1
7841.0,0
7926.0,1
7926.25,0
7927.0,1
7927.5,0
7929.25,1
7931.75,0
7932.25,1
7933.0,0
7933.25,1
7933.75,0
7934.0,1
7934.5,0
7934.75,1
7935.75,0
7936.0,1
7937.0,0
7940.5,1
7940.75,0
7942.5,1
7942.75,0
7952.5,1
7954.5,0
7954.75,1
7955.25,0
7955.5,1
7956.5,0
7956.75,1
7957.0,0
7957.25,1
7957.75,0
7958.25,1
7959.0,0
7959.25,1
7961.25,0
7961.75,1
7962.0,0
7976.0,1
7976.25,0
7977.0,1
7979.0,0
7979.5,1
7981.5,0
7981.75,1
7982.25,0
7983.25,1
7983.75,0
7984.0,1
7985.75,0
7998.75,1
7999.0,0
8001.25,1
8003.25,0
8003.5,1
8004.5,0
8005.0,1
8005.75,0
8006.0,1
8007.75,0
8008.0,1
8008.75,0
8009.25,1
8009.5,0
8025.0,1
8025.25,0
8025.5,1
8026.25,0
8026.75,1
8029.0,0
8029.25,1
8029.5,0
8029.75,1
8030.5,0
8030.75,1
8033.25,0
8037.25,1
8037.5,0
8096.75,1
8099.0,0
8099.25,1
8100.25,0
8100.5,1
8101.0,0
8101.75,1
8105.0,0
8119.0,1
8119.25,0
8121.0,1
8124.75,0
8125.0,1
8126.25,0
8126.5,1
8126.75,0
8127.25,1
8128.75,0
8129.0,1
8129.25,0
8144.75,1
8145.5,0
8145.75,1
8148.0,0
8148.25,1
8149.5,0
8149.75,1
8150.75,0
8151.0,1
8153.0,0
8156.0,1
8156.25,0
8167.5,1
8167.75,0
8168.0,1
8168.5,0
8169.0,1
8169.75,0
8170.0,1
8172.25,0
8172.5,1
8173.5,0
8174.0,1
8174.25,0
8174.5,1
8175.25,0
8175.5,1
8177.25,0
8180.75,1
8181.0,0
8193.25,1
8193.5,0
8193.75,1
8194.25,0
8194.5,1
8196.0,0
8196.25,1
8196.5,0
8196.75,1
8198.0,0
8198.5,1
8198.75,0
8199.0,1
8199.75,0
8200.0,1
8200.75,0
8201.0,1
8201.25,0
8261.0,1
8261.25,0
8264.75,1
8265.75,0
8266.0,1
8268.75,0
8269.0,1
8269.5,0
8270.25,1
8271.0,0
8271.25,1
8271.5,0
8271.75,1
8272.0,0
8272.25,1
8273.25,0
8274.0,1
8274.25,0
8276.25,1
8276.5,0
8287.0,1
8287.25,0
8287.5,1
8287.75,0
8288.0,1
8288.25,0
8288.75,1
8290.5,0
8290.75,1
8292.0,0
8292.5,1
8293.0,0
8293.25,1
8295.5,0
8295.75,1
8297.0,0
8311.5,1
8311.75,0
8313.0,1
8316.0,0
8316.25,1
8318.75,0
8319.25,1
8320.25,0
8320.5,1
8321.5,0
8322.25,1
8322.5,0
8334.5,1
8334.75,0
8337.25,1
8338.0,0
8338.25,1
8340.75,0
8341.0,1
8342.0,0
8342.5,1
8342.75,0
8343.25,1
8343.5,0
8343.75,1
8344.75,0
8349.0,1
8349.5,0
8358.75,1
8359.0,0
8360.5,1
8360.75,0
8361.5,1
8361.75,0
8362.0,1
8362.25,0
8362.5,1
8363.0,0
8363.5,1
8367.25,0
8367.5,1
8367.75,0
8368.0,1
8369.0,0
8369.5,1
8369.75,0
8372.25,1
8372.5,0
8373.0,1
8373.25,0
8430.5,1
8430.75,0
8433.75,1
8434.0,0
8434.5,1
8435.0,0
8435.5,1
8435.75,0
8436.0,1
8437.25,0
8437.5,1
8438.0,0
8438.25,1
8438.75,0
8439.25,1
8441.0,0
8442.0,1
8442.25,0
8456.0,1
8456.25,0
8457.5,1
8458.5,0
8458.75,1
8459.5,0
8460.0,1
8462.25,0
8462.75,1
8463.25,0
8463.5,1
8464.25,0
8464.5,1
8464.75,0
8465.0,1
8465.5,0
8480.5,1
8480.75,0
8481.0,1
8481.75,0
8482.0,1
8483.75,0
8484.0,1
8485.25,0
8485.5,1
8486.5,0
8486.75,1
8487.5,0
8487.75,1
8488.0,0
8488.25,1
8488.75,0
8490.0,1
8490.25,0
8504.75,1
8505.75,0
8506.0,1
8506.25,0
8506.5,1
8507.25,0
8507.5,1
8508.75,0
8509.25,1
8509.75,0
8510.0,1
8511.25,0
8511.5,1
8512.0,0
8513.0,1
8513.25,0
8517.25,1
8517.5,0
8526.5,1
8526.75,0
8528.75,1
8529.25,0
8529.75,1
8531.75,0
8532.0,1
8532.25,0
8532.5,1
8532.75,0
8533.25,1
8534.0,0
8534.25,1
8534.5,0
8534.75,1
8535.25,0
8535.5,1
8537.5,0
8541.5,1
8541.75,0
8624.75,1
8625.75,0
8626.0,1
8628.75,0
8629.0,1
8629.75,0
8630.25,1
8630.5,0
8630.75,1
8632.5,0
8633.0,1
8633.25,0
8647.25,1
8647.5,0
8648.75,1
8649.25,0
8649.5,1
8650.0,0
8650.25,1
8651.25,0
8651.5,1
8651.75,0
8652.0,1
8652.5,0
8652.75,1
8654.75,0
8655.0,1
8655.5,0
8655.75,1
8656.0,0
8656.75,1
8657.5,0
8672.0,1
8672.25,0
8673.5,1
8676.5,0
8676.75,1
8677.0,0
8677.25,1
8679.0,0
8679.25,1
8680.5,0
8680.75,1
8681.0,0
8681.25,1
8681.5,0
8681.75,1
8682.0,0
8684.5,1
8685.0,0
8694.0,1
8694.25,0
8696.5,1
8696.75,0
8697.0,1
8697.5,0
8697.75,1
8698.0,0
8698.25,1
8699.5,0
8700.5,1
8703.0,0
8703.25,1
8703.75,0
8704.0,1
8704.5,0
8704.75,1
8705.0,0
8705.5,1
8705.75,0
