#1


float Room-326 (4399,2)
0.0,0
32.5,1
32.75,0
33.25,1
33.5,0
33.75,1
35.5,0
35.75,1
37.5,0
38.0,1
39.25,0
39.5,1
40.5,0
40.75,1
41.25,0
54.0,1
54.5,0
57.75,1
58.0,0
58.25,1
59.0,0
59.5,1
59.75,0
61.0,1
61.5,0
61.75,1
62.25,0
62.5,1
64.0,0
68.75,1
69.0,0
77.5,1
77.75,0
81.0,1
82.25,0
82.5,1
85.0,0
85.25,1
88.0,0
88.25,1
88.5,0
88.75,1
89.25,0
94.75,1
95.0,0
102.5,1
102.75,0
105.0,1
105.75,0
106.25,1
106.5,0
107.0,1
108.25,0
108.5,1
109.0,0
109.25,1
111.0,0
111.25,1
112.25,0
112.5,1
113.0,0
113.5,1
113.75,0
116.0,1
116.25,0
125.75,1
126.0,0
128.5,1
128.75,0
129.0,1
129.5,0
130.0,1
132.5,0
133.0,1
134.25,0
134.5,1
134.75,0
135.25,1
137.25,0
199.5,1
199.75,0
200.25,1
200.75,0
201.25,1
202.25,0
202.5,1
204.0,0
204.25,1
208.0,0
208.25,1
209.5,0
213.5,1
213.75,0
225.0,1
225.5,0
225.75,1
229.5,0
230.0,1
230.25,0
230.5,1
231.0,0
231.25,1
232.25,0
232.75,1
233.25,0
247.5,1
247.75,0
248.25,1
248.5,0
248.75,1
249.0,0
249.25,1
251.25,0
251.5,1
253.0,0
253.25,1
253.75,0
254.0,1
256.25,0
256.5,1
257.25,0
271.5,1
272.0,0
273.0,1
274.5,0
274.75,1
275.25,0
275.5,1
277.0,0
277.25,1
279.0,0
279.25,1
281.25,0
293.0,1
293.25,0
295.0,1
295.25,0
296.25,1
296.75,0
297.25,1
298.0,0
298.25,1
300.0,0
300.25,1
304.0,0
304.25,1
305.0,0
307.5,1
307.75,0
369.0,1
369.25,0
369.5,1
371.75,0
372.25,1
372.5,0
372.75,1
373.25,0
373.75,1
374.75,0
375.0,1
376.0,0
376.25,1
377.25,0
377.5,1
377.75,0
390.25,1
390.5,0
393.25,1
393.5,0
393.75,1
396.25,0
396.75,1
397.5,0
397.75,1
401.25,0
404.25,1
404.5,0
406.25,1
406.5,0
438.5,1
438.75,0
440.0,1
440.75,0
441.5,1
444.25,0
444.5,1
445.25,0
445.5,1
445.75,0
446.0,1
446.25,0
446.5,1
449.0,0
449.25,1
449.5,0
464.25,1
464.5,0
464.75,1
465.5,0
465.75,1
466.0,0
466.25,1
466.75,0
467.5,1
468.5,0
468.75,1
469.75,0
470.0,1
471.0,0
471.25,1
473.25,0
477.0,1
477.25,0
537.0,1
537.75,0
538.0,1
538.25,0
538.5,1
538.75,0
539.0,1
539.5,0
539.75,1
540.5,0
540.75,1
541.75,0
542.25,1
544.0,0
544.75,1
545.25,0
558.75,1
559.0,0
561.25,1
561.5,0
561.75,1
562.0,0
562.25,1
562.5,0
563.5,1
564.25,0
564.5,1
564.75,0
565.0,1
567.25,0
567.5,1
568.75,0
571.5,1
571.75,0
585.25,1
585.5,0
585.75,1
586.75,0
587.0,1
587.25,0
587.5,1
589.0,0
589.5,1
589.75,0
590.25,1
592.5,0
592.75,1
593.0,0
593.25,1
593.5,0
596.25,1
596.5,0
597.5,1
597.75,0
607.0,1
607.25,0
608.0,1
608.5,0
609.25,1
609.5,0
609.75,1
610.75,0
611.0,1
611.75,0
612.0,1
612.5,0
612.75,1
614.75,0
615.0,1
617.0,0
619.75,1
620.0,0
621.5,1
621.75,0
622.0,1
622.25,0
629.75,1
630.0,0
630.25,1
630.5,0
632.5,1
634.25,0
634.5,1
636.25,0
636.5,1
636.75,0
637.0,1
638.0,0
638.25,1
639.0,0
639.25,1
640.25,0
640.5,1
641.25,0
703.0,1
703.25,0
703.5,1
704.0,0
704.5,1
705.5,0
705.75,1
707.5,0
707.75,1
708.5,0
708.75,1
709.0,0
709.25,1
709.75,0
710.25,1
712.75,0
728.75,1
729.75,0
730.0,1
731.25,0
731.75,1
732.75,0
733.0,1
733.5,0
733.75,1
734.0,0
734.25,1
734.5,0
734.75,1
735.75,0
736.25,1
736.75,0
737.0,1
737.25,0
741.0,1
741.25,0
753.0,1
753.25,0
753.5,1
755.75,0
756.0,1
756.25,0
756.5,1
757.5,0
757.75,1
758.25,0
758.5,1
758.75,0
759.0,1
759.25,0
759.5,1
761.0,0
775.75,1
776.0,0
776.75,1
777.0,0
777.25,1
777.5,0
777.75,1
778.5,0
778.75,1
780.25,0
780.5,1
781.25,0
781.75,1
782.0,0
782.25,1
782.5,0
782.75,1
783.5,0
783.75,1
784.75,0
789.25,1
789.5,0
801.5,1
801.75,0
802.0,1
802.5,0
802.75,1
803.25,0
803.5,1
805.5,0
806.25,1
808.0,0
808.25,1
809.25,0
812.25,1
812.5,0
873.5,1
874.0,0
874.25,1
874.5,0
874.75,1
875.5,0
875.75,1
876.0,0
876.25,1
877.5,0
877.75,1
880.5,0
880.75,1
881.0,0
886.0,1
886.25,0
894.5,1
894.75,0
896.75,1
897.0,0
897.5,1
898.25,0
898.75,1
900.25,0
900.5,1
901.5,0
902.0,1
902.5,0
902.75,1
903.5,0
903.75,1
904.25,0
904.5,1
904.75,0
905.0,1
905.25,0
919.0,1
919.25,0
921.0,1
921.75,0
922.0,1
924.5,0
925.0,1
925.5,0
926.0,1
927.0,0
927.75,1
928.75,0
929.25,1
929.5,0
942.75,1
943.25,0
943.5,1
943.75,0
945.0,1
945.25,0
945.5,1
949.0,0
949.25,1
952.0,0
952.5,1
952.75,0
953.75,1
954.0,0
955.5,1
956.0,0
957.25,1
957.5,0
966.5,1
966.75,0
969.25,1
969.5,0
970.0,1
972.75,0
973.75,1
974.75,0
975.0,1
975.25,0
975.5,1
977.25,0
977.75,1
978.0,0
982.5,1
982.75,0
1039.25,1
1039.5,0
1041.0,1
1041.5,0
1041.75,1
1042.25,0
1042.75,1
1043.0,0
1043.25,1
1043.5,0
1043.75,1
1046.25,0
1046.5,1
1046.75,0
1047.25,1
1049.0,0
1049.25,1
1049.5,0
1062.5,1
1062.75,0
1063.75,1
1064.0,0
1065.25,1
1068.0,0
1068.75,1
1070.0,0
1070.5,1
1073.0,0
1110.0,1
1110.25,0
1111.0,1
1111.25,0
1112.75,1
1113.0,0
1113.25,1
1113.5,0
1113.75,1
1114.5,0
1114.75,1
1115.75,0
1116.0,1
1116.25,0
1116.75,1
1117.5,0
1118.0,1
1121.25,0
1134.75,1
1135.25,0
1137.0,1
1137.25,0
1137.5,1
1139.0,0
1139.75,1
1142.0,0
1142.25,1
1144.0,0
1144.25,1
1144.5,0
1144.75,1
1145.0,0
1145.5,1
1145.75,0
1150.0,1
1150.25,0
1205.75,1
1206.0,0
1207.5,1
1207.75,0
1209.0,1
1209.5,0
1209.75,1
1210.25,0
1210.5,1
1211.75,0
1212.25,1
1212.5,0
1212.75,1
1213.25,0
1213.5,1
1214.25,0
1214.5,1
1215.0,0
1215.25,1
1216.75,0
1222.0,1
1222.25,0
1230.5,1
1230.75,0
1231.75,1
1232.0,0
1233.25,1
1234.0,0
1234.25,1
1235.0,0
1235.25,1
1237.25,0
1237.5,1
1238.0,0
1238.25,1
1240.75,0
1241.0,1
1241.25,0
1241.75,1
1242.0,0
1245.5,1
1245.75,0
1254.5,1
1254.75,0
1255.25,1
1255.5,0
1257.0,1
1257.25,0
1257.5,1
1259.5,0
1259.75,1
1261.25,0
1261.5,1
1262.5,0
1263.25,1
1263.75,0
1264.0,1
1265.0,0
1268.75,1
1269.0,0
1270.5,1
1270.75,0
1276.5,1
1276.75,0
1278.0,1
1278.25,0
1278.5,1
1279.0,0
1279.75,1
1280.0,0
1280.25,1
1280.5,0
1281.5,1
1281.75,0
1282.0,1
1282.25,0
1282.5,1
1285.0,0
1285.75,1
1286.25,0
1286.5,1
1286.75,0
1287.0,1
1289.25,0
1292.25,1
1292.5,0
1292.75,1
1293.0,0
1294.0,1
1294.25,0
1302.25,1
1303.0,0
1303.5,1
1303.75,0
1305.5,1
1305.75,0
1306.0,1
1307.25,0
1307.5,1
1309.25,0
1309.5,1
1310.5,0
1311.0,1
1311.5,0
1312.0,1
1313.25,0
1316.5,1
1316.75,0
1376.75,1
1378.0,0
1378.5,1
1378.75,0
1379.0,1
1380.25,0
1380.5,1
1381.0,0
1381.25,1
1381.75,0
1382.0,1
1382.25,0
1382.5,1
1382.75,0
1383.0,1
1383.25,0
1383.5,1
1383.75,0
1384.0,1
1384.25,0
1385.5,1
1386.0,0
1398.5,1
1398.75,0
1399.0,1
1399.25,0
1401.0,1
1401.75,0
1402.0,1
1402.5,0
1402.75,1
1404.0,0
1404.25,1
1405.25,0
1406.0,1
1406.5,0
1406.75,1
1407.0,0
1407.25,1
1407.75,0
1408.0,1
1408.25,0
1408.75,1
1409.25,0
1413.25,1
1413.5,0
1425.0,1
1425.25,0
1425.5,1
1427.0,0
1427.25,1
1427.5,0
1427.75,1
1430.75,0
1431.0,1
1431.5,0
1431.75,1
1432.25,0
1432.5,1
1433.0,0
1434.25,1
1434.5,0
1447.5,1
1447.75,0
1448.75,1
1449.0,0
1449.5,1
1449.75,0
1450.0,1
1451.5,0
1451.75,1
1452.25,0
1452.5,1
1452.75,0
1453.0,1
1453.5,0
1453.75,1
1454.0,0
1454.25,1
1454.5,0
1455.25,1
1455.5,0
1455.75,1
1456.25,0
1456.5,1
1457.5,0
1472.25,1
1472.5,0
1472.75,1
1473.0,0
1473.25,1
1473.5,0
1473.75,1
1474.0,0
1474.25,1
1475.25,0
1475.5,1
1476.25,0
1476.5,1
1476.75,0
1477.0,1
1477.75,0
1478.25,1
1479.0,0
1479.25,1
1479.75,0
1480.0,1
1481.25,0
1481.5,1
1481.75,0
1543.75,1
1544.0,0
1545.0,1
1547.0,0
1547.25,1
1549.5,0
1549.75,1
1552.5,0
1552.75,1
1553.0,0
1566.5,1
1566.75,0
1569.25,1
1569.5,0
1569.75,1
1574.5,0
1575.0,1
1577.0,0
1577.5,1
1577.75,0
1590.5,1
1590.75,0
1593.0,1
1594.0,0
1594.25,1
1596.5,0
1596.75,1
1597.0,0
1597.25,1
1597.75,0
1598.0,1
1598.75,0
1599.0,1
1600.0,0
1600.25,1
1601.0,0
1604.5,1
1605.0,0
1615.5,1
1615.75,0
1616.5,1
1616.75,0
1617.0,1
1617.5,0
1617.75,1
1619.5,0
1619.75,1
1620.0,0
1620.25,1
1622.0,0
1622.25,1
1622.75,0
1623.0,1
1623.5,0
1623.75,1
1624.5,0
1625.0,1
1625.25,0
1629.0,1
1629.25,0
1638.5,1
1638.75,0
1640.25,1
1640.5,0
1641.0,1
1641.25,0
1642.25,1
1644.0,0
1644.5,1
1645.25,0
1645.5,1
1645.75,0
1646.25,1
1647.5,0
1647.75,1
1648.25,0
1648.5,1
1649.0,0
1653.5,1
1653.75,0
1710.0,1
1710.25,0
1710.5,1
1710.75,0
1712.75,1
1713.0,0
1713.5,1
1714.5,0
1714.75,1
1715.5,0
1716.0,1
1716.5,0
1716.75,1
1717.25,0
1717.5,1
1717.75,0
1718.0,1
1719.25,0
1719.5,1
1720.0,0
1720.25,1
1721.0,0
1723.5,1
1723.75,0
1724.5,1
1724.75,0
1736.75,1
1737.5,0
1737.75,1
1741.5,0
1741.75,1
1742.0,0
1742.75,1
1743.25,0
1743.5,1
1744.75,0
1745.25,1
1745.5,0
1761.25,1
1762.5,0
1762.75,1
1763.0,0
1763.25,1
1764.5,0
1764.75,1
1765.5,0
1765.75,1
1767.0,0
1767.25,1
1768.5,0
1768.75,1
1769.25,0
1773.75,1
1774.0,0
1782.5,1
1782.75,0
1783.5,1
1783.75,0
1784.75,1
1785.25,0
1785.5,1
1787.0,0
1787.25,1
1788.0,0
1788.25,1
1790.75,0
1791.0,1
1791.5,0
1791.75,1
1793.25,0
1793.5,1
1793.75,0
1807.0,1
1807.25,0
1808.0,1
1808.25,0
1808.5,1
1808.75,0
1809.0,1
1809.5,0
1809.75,1
1810.0,0
1810.5,1
1811.5,0
1811.75,1
1813.0,0
1813.25,1
1813.75,0
1814.0,1
1815.0,0
1815.25,1
1816.0,0
1816.5,1
1817.5,0
1820.75,1
1821.0,0
1881.0,1
1883.25,0
1883.5,1
1884.5,0
1885.0,1
1886.75,0
1887.5,1
1887.75,0
1888.0,1
1888.5,0
1903.0,1
1903.25,0
1905.0,1
1906.75,0
1907.25,1
1907.75,0
1908.5,1
1908.75,0
1909.0,1
1910.5,0
1910.75,1
1912.75,0
1913.0,1
1913.25,0
1917.75,1
1918.0,0
1925.75,1
1926.25,0
1928.75,1
1929.0,0
1929.25,1
1932.0,0
1932.5,1
1932.75,0
1933.5,1
1934.0,0
1934.25,1
1934.5,0
1934.75,1
1937.0,0
1950.75,1
1951.0,0
1952.25,1
1952.5,0
1953.0,1
1957.0,0
1957.25,1
1957.75,0
1958.0,1
1960.25,0
1960.75,1
1961.25,0
1974.0,1
1974.25,0
1975.25,1
1975.75,0
1976.75,1
1977.5,0
1977.75,1
1980.0,0
1980.5,1
1980.75,0
1981.5,1
1981.75,0
1982.0,1
1982.5,0
1982.75,1
1983.0,0
1983.25,1
1984.75,0
1985.0,1
1985.25,0
1988.75,1
1989.0,0
1989.5,1
1989.75,0
2046.5,1
2046.75,0
2048.25,1
2048.75,0
2049.0,1
2049.25,0
2049.5,1
2051.5,0
2051.75,1
2053.25,0
2053.5,1
2057.0,0
2071.75,1
2072.0,0
2073.0,1
2075.75,0
2076.0,1
2077.25,0
2077.5,1
2078.75,0
2079.25,1
2080.25,0
2080.5,1
2080.75,0
2081.25,1
2081.5,0
2085.5,1
2085.75,0
2095.25,1
2095.5,0
2096.0,1
2096.25,0
2097.0,1
2098.0,0
2098.25,1
2100.0,0
2100.25,1
2101.5,0
2101.75,1
2103.25,0
2103.5,1
2103.75,0
2104.0,1
2104.75,0
2117.75,1
2118.0,0
2118.25,1
2118.5,0
2120.75,1
2121.25,0
2122.0,1
2123.25,0
2123.75,1
2124.75,0
2125.0,1
2126.0,0
2126.25,1
2126.75,0
2127.0,1
2127.5,0
2127.75,1
2129.0,0
2142.25,1
2142.75,0
2143.75,1
2144.0,0
2144.5,1
2144.75,0
2145.25,1
2147.5,0
2147.75,1
2148.0,0
2148.5,1
2149.25,0
2149.5,1
2150.0,0
2150.75,1
2151.0,0
2151.25,1
2152.5,0
2152.75,1
2153.0,0
2157.5,1
2157.75,0
2215.5,1
2215.75,0
2216.25,1
2216.5,0
2217.0,1
2217.25,0
2217.75,1
2218.0,0
2218.25,1
2218.5,0
2218.75,1
2219.5,0
2219.75,1
2220.5,0
2220.75,1
2223.5,0
2223.75,1
2224.0,0
2224.25,1
2224.75,0
2225.0,1
2225.25,0
2241.0,1
2241.25,0
2241.5,1
2243.5,0
2243.75,1
2245.75,0
2246.5,1
2247.0,0
2247.25,1
2247.5,0
2247.75,1
2249.0,0
2251.5,1
2251.75,0
2264.75,1
2265.0,0
2265.25,1
2268.75,0
2269.0,1
2269.25,0
2269.5,1
2270.25,0
2270.75,1
2272.0,0
2272.5,1
2273.0,0
2285.75,1
2286.0,0
2288.75,1
2289.0,0
2289.5,1
2291.5,0
2291.75,1
2292.25,0
2292.75,1
2295.5,0
2295.75,1
2296.75,0
2297.0,1
2297.25,0
2310.5,1
2311.0,0
2312.25,1
2312.5,0
2312.75,1
2313.5,0
2313.75,1
2315.25,0
2315.5,1
2315.75,0
2316.0,1
2316.25,0
2316.75,1
2317.75,0
2318.25,1
2318.5,0
2318.75,1
2319.25,0
2319.5,1
2320.0,0
2320.25,1
2320.75,0
2321.0,1
2321.25,0
2321.75,1
2322.0,0
2325.75,1
2326.0,0
2384.5,1
2384.75,0
2385.25,1
2387.5,0
2387.75,1
2388.25,0
2388.5,1
2389.25,0
2389.5,1
2389.75,0
2390.25,1
2391.75,0
2392.0,1
2392.25,0
2392.75,1
2393.25,0
2407.25,1
2407.5,0
2408.75,1
2409.0,0
2409.5,1
2410.75,0
2411.0,1
2413.5,0
2413.75,1
2416.0,0
2416.25,1
2416.75,0
2417.0,1
2417.5,0
2422.0,1
2422.25,0
2422.5,1
2422.75,0
2432.5,1
2432.75,0
2433.5,1
2433.75,0
2434.25,1
2436.0,0
2436.25,1
2436.5,0
2437.0,1
2437.25,0
2437.5,1
2437.75,0
2438.25,1
2438.5,0
2438.75,1
2439.5,0
2439.75,1
2440.75,0
2441.25,1
2441.75,0
2454.25,1
2454.5,0
2455.5,1
2455.75,0
2456.0,1
2456.25,0
2456.75,1
2457.75,0
2458.0,1
2458.5,0
2458.75,1
2459.0,0
2459.25,1
2459.75,0
2460.0,1
2460.5,0
2460.75,1
2463.0,0
2463.25,1
2465.0,0
2478.0,1
2478.25,0
2481.0,1
2481.25,0
2481.75,1
2482.0,0
2482.25,1
2483.5,0
2483.75,1
2484.0,0
2484.25,1
2487.0,0
2487.25,1
2488.25,0
2488.5,1
2489.0,0
2489.25,1
2489.75,0
2490.0,1
2490.25,0
2493.0,1
2493.25,0
2551.75,1
2552.0,0
2552.25,1
2552.5,0
2552.75,1
2553.0,0
2553.5,1
2556.0,0
2556.25,1
2557.0,0
2557.5,1
2558.5,0
2558.75,1
2560.0,0
2560.25,1
2560.5,0
2574.25,1
2574.5,0
2575.75,1
2576.25,0
2576.75,1
2579.75,0
2580.25,1
2580.5,0
2580.75,1
2581.0,0
2581.25,1
2581.5,0
2581.75,1
2582.5,0
2582.75,1
2583.0,0
2583.25,1
2584.25,0
2584.5,1
2584.75,0
2585.0,1
2585.25,0
2599.5,1
2599.75,0
2601.0,1
2601.75,0
2602.0,1
2602.75,0
2603.0,1
2603.25,0
2603.5,1
2604.75,0
2605.25,1
2605.5,0
2606.0,1
2606.25,0
2606.5,1
2607.75,0
2608.0,1
2608.25,0
2609.0,1
2609.25,0
2609.5,1
2609.75,0
2613.5,1
2613.75,0
2624.0,1
2624.5,0
2625.5,1
2626.0,0
2626.25,1
2628.0,0
2628.25,1
2628.5,0
2628.75,1
2630.25,0
2630.5,1
2630.75,0
2631.25,1
2633.0,0
2637.25,1
2637.5,0
2638.25,1
2638.5,0
2646.25,1
2646.5,0
2647.0,1
2647.25,0
2648.0,1
2648.5,0
2649.0,1
2649.25,0
2649.5,1
2651.0,0
2651.25,1
2651.75,0
2652.0,1
2652.75,0
2653.0,1
2653.25,0
2653.5,1
2656.5,0
2656.75,1
2657.5,0
2660.25,1
2660.5,0
2662.25,1
2662.5,0
2721.0,1
2722.25,0
2722.5,1
2724.0,0
2724.25,1
2725.25,0
2725.5,1
2727.25,0
2727.5,1
2727.75,0
2728.0,1
2728.75,0
2729.0,1
2729.25,0
2732.75,1
2733.0,0
2733.75,1
2734.0,0
2742.25,1
2742.5,0
2742.75,1
2743.0,0
2744.25,1
2744.5,0
2745.25,1
2745.75,0
2746.0,1
2747.75,0
2748.0,1
2749.75,0
2750.0,1
2750.75,0
2751.25,1
2751.5,0
2751.75,1
2753.0,0
2753.25,1
2753.75,0
2767.0,1
2767.25,0
2769.0,1
2769.25,0
2769.5,1
2771.5,0
2772.0,1
2773.25,0
2773.5,1
2774.0,0
2774.25,1
2776.75,0
2777.0,1
2777.25,0
2793.25,1
2797.75,0
2798.0,1
2799.25,0
2799.5,1
2800.25,0
2800.5,1
2801.25,0
2815.25,1
2815.5,0
2815.75,1
2816.0,0
2817.0,1
2818.75,0
2819.25,1
2820.5,0
2820.75,1
2821.0,0
2821.25,1
2821.75,0
2822.0,1
2822.75,0
2823.0,1
2825.0,0
2888.75,1
2889.0,0
2889.25,1
2889.75,0
2890.25,1
2891.75,0
2892.0,1
2892.25,0
2892.5,1
2892.75,0
2893.25,1
2894.0,0
2894.75,1
2895.25,0
2895.5,1
2897.5,0
2901.0,1
2901.25,0
2910.5,1
2910.75,0
2913.5,1
2914.0,0
2914.75,1
2918.75,0
2919.0,1
2921.5,0
2935.75,1
2936.0,0
2936.5,1
2936.75,0
2937.25,1
2937.5,0
2937.75,1
2938.25,0
2938.5,1
2940.25,0
2940.5,1
2940.75,0
2941.0,1
2944.75,0
2949.0,1
2949.25,0
2958.75,1
2959.0,0
2959.75,1
2960.0,0
2961.5,1
2961.75,0
2962.0,1
2963.5,0
2963.75,1
2965.0,0
2965.5,1
2965.75,0
2966.25,1
2966.5,0
2966.75,1
2968.25,0
2968.5,1
2969.25,0
2982.0,1
2982.25,0
2983.0,1
2983.25,0
2985.25,1
2985.75,0
2986.0,1
2986.5,0
2986.75,1
2987.25,0
2987.5,1
2989.0,0
2989.25,1
2993.0,0
2993.25,1
2993.5,0
2997.0,1
2997.25,0
3054.5,1
3054.75,0
3057.5,1
3058.0,0
3058.25,1
3059.5,0
3059.75,1
3060.25,0
3060.75,1
3061.0,0
3061.25,1
3064.25,0
3065.0,1
3065.25,0
3077.75,1
3078.0,0
3080.75,1
3082.25,0
3082.5,1
3086.0,0
3086.25,1
3086.75,0
3087.25,1
3089.25,0
3094.75,1
3095.0,0
3095.25,1
3095.5,0
3102.75,1
3103.0,0
3104.0,1
3104.25,0
3105.25,1
3106.25,0
3106.75,1
3107.0,0
3107.25,1
3108.25,0
3108.5,1
3110.0,0
3110.25,1
3112.5,0
3113.0,1
3113.25,0
3127.75,1
3128.25,0
3128.75,1
3129.5,0
3129.75,1
3131.0,0
3131.25,1
3132.0,0
3132.25,1
3133.5,0
3134.0,1
3135.5,0
3135.75,1
3136.0,0
3136.25,1
3136.5,0
3137.5,1
3137.75,0
3149.75,1
3150.0,0
3150.75,1
3151.25,0
3151.5,1
3151.75,0
3152.5,1
3153.25,0
3153.5,1
3153.75,0
3154.0,1
3154.25,0
3154.5,1
3154.75,0
3155.0,1
3155.25,0
3155.5,1
3156.5,0
3156.75,1
3157.0,0
3157.25,1
3158.25,0
3158.5,1
3160.75,0
3161.25,1
3161.75,0
3225.5,1
3225.75,0
3226.0,1
3226.25,0
3226.5,1
3228.75,0
3229.25,1
3229.75,0
3230.0,1
3230.25,0
3230.75,1
3231.25,0
3232.5,1
3232.75,0
3233.0,1
3233.75,0
3237.25,1
3237.5,0
3247.0,1
3247.25,0
3249.0,1
3249.25,0
3249.75,1
3252.75,0
3253.0,1
3253.5,0
3253.75,1
3254.0,0
3254.25,1
3254.5,0
3254.75,1
3256.5,0
3272.25,1
3272.5,0
3273.0,1
3273.25,0
3273.5,1
3274.25,0
3274.5,1
3277.5,0
3278.0,1
3279.75,0
3280.25,1
3281.5,0
3295.0,1
3295.25,0
3295.5,1
3295.75,0
3296.75,1
3298.5,0
3298.75,1
3300.0,0
3300.25,1
3300.5,0
3300.75,1
3301.0,0
3301.5,1
3302.25,0
3302.5,1
3303.0,0
3303.5,1
3304.5,0
3304.75,1
3305.25,0
3305.5,1
3305.75,0
3308.25,1
3308.5,0
3317.75,1
3318.25,0
3318.5,1
3319.5,0
3320.0,1
3320.25,0
3321.0,1
3323.0,0
3323.25,1
3324.75,0
3325.25,1
3325.5,0
3325.75,1
3326.25,0
3326.5,1
3327.0,0
3327.25,1
3328.75,0
3332.25,1
3332.5,0
3391.25,1
3391.5,0
3392.25,1
3392.5,0
3393.0,1
3393.75,0
3394.0,1
3397.25,0
3397.5,1
3399.25,0
3399.5,1
3400.0,0
3400.25,1
3401.0,0
3414.25,1
3414.75,0
3416.0,1
3416.25,0
3417.5,1
3418.5,0
3418.75,1
3419.0,0
3419.25,1
3420.0,0
3420.25,1
3420.5,0
3420.75,1
3422.0,0
3422.25,1
3423.25,0
3423.5,1
3424.5,0
3424.75,1
3425.25,0
3429.5,1
3430.0,0
3440.5,1
3440.75,0
3441.0,1
3442.5,0
3443.0,1
3446.25,0
3446.75,1
3447.25,0
3447.5,1
3449.25,0
3463.0,1
3463.5,0
3465.0,1
3465.25,0
3465.5,1
3466.25,0
3466.75,1
3470.0,0
3470.25,1
3470.5,0
3471.0,1
3471.25,0
3471.5,1
3471.75,0
3472.0,1
3472.75,0
3473.25,1
3473.5,0
3477.5,1
3477.75,0
3486.75,1
3487.0,0
3488.25,1
3488.5,0
3489.25,1
3491.75,0
3492.0,1
3494.5,0
3494.75,1
3495.5,0
3495.75,1
3496.25,0
3496.5,1
3497.25,0
3497.75,1
3498.0,0
3558.5,1
3558.75,0
3561.25,1
3562.25,0
3562.5,1
3563.5,0
3563.75,1
3565.75,0
3566.0,1
3567.0,0
3567.25,1
3568.25,0
3568.5,1
3569.0,0
3569.25,1
3569.75,0
3573.5,1
3573.75,0
3607.25,1
3607.5,0
3609.25,1
3609.5,0
3609.75,1
3610.25,0
3610.5,1
3610.75,0
3611.25,1
3611.5,0
3612.0,1
3612.5,0
3612.75,1
3614.0,0
3614.5,1
3614.75,0
3615.0,1
3615.25,0
3615.5,1
3616.75,0
3617.5,1
3617.75,0
3631.75,1
3632.0,0
3633.25,1
3633.5,0
3634.0,1
3635.75,0
3636.0,1
3636.5,0
3637.0,1
3638.75,0
3639.0,1
3640.25,0
3640.5,1
3641.5,0
3653.5,1
3653.75,0
3656.5,1
3656.75,0
3657.25,1
3658.0,0
3658.25,1
3658.5,0
3659.0,1
3659.75,0
3660.5,1
3660.75,0
3661.0,1
3661.5,0
3661.75,1
3662.25,0
3662.5,1
3664.25,0
3664.5,1
3664.75,0
3665.0,1
3665.25,0
3666.0,1
3666.25,0
3727.0,1
3727.25,0
3728.5,1
3728.75,0
3729.0,1
3729.5,0
3729.75,1
3730.25,0
3730.5,1
3731.0,0
3731.25,1
3732.75,0
3733.0,1
3735.0,0
3735.25,1
3736.0,0
3736.25,1
3737.25,0
3740.25,1
3740.5,0
3750.25,1
3750.5,0
3753.0,1
3753.5,0
3753.75,1
3754.25,0
3754.5,1
3756.0,0
3756.25,1
3756.5,0
3756.75,1
3757.0,0
3757.25,1
3758.0,0
3758.25,1
3759.5,0
3759.75,1
3760.5,0
3761.0,1
3761.25,0
3776.5,1
3776.75,0
3777.25,1
3781.0,0
3781.25,1
3781.5,0
3781.75,1
3783.25,0
3783.5,1
3784.75,0
3785.25,1
3785.75,0
3788.75,1
3789.0,0
3799.25,1
3799.5,0
3800.25,1
3800.75,0
3801.25,1
3802.0,0
3802.25,1
3802.5,0
3803.0,1
3805.0,0
3805.25,1
3805.5,0
3806.0,1
3807.0,0
3807.25,1
3808.5,0
3809.0,1
3809.25,0
3812.75,1
3813.0,0
3814.0,1
3814.25,0
3822.0,1
3822.25,0
3824.75,1
3825.75,0
3826.0,1
3826.25,0
3826.5,1
3827.0,0
3827.25,1
3827.5,0
3827.75,1
3832.25,0
3832.5,1
3832.75,0
3833.0,1
3833.5,0
3894.0,1
3894.25,0
3894.75,1
3895.0,0
3896.25,1
3896.5,0
3897.0,1
3898.0,0
3898.25,1
3900.5,0
3900.75,1
3901.0,0
3901.25,1
3901.5,0
3901.75,1
3903.0,0
3903.25,1
3904.5,0
3905.5,1
3905.75,0
3910.25,1
3910.5,0
3917.75,1
3918.0,0
3921.0,1
3922.0,0
3922.5,1
3923.0,0
3923.25,1
3923.75,0
3924.25,1
3924.5,0
3925.25,1
3925.5,0
3925.75,1
3926.0,0
3926.75,1
3928.5,0
3928.75,1
3929.25,0
3944.5,1
3945.0,0
3945.5,1
3946.75,0
3947.0,1
3947.25,0
3947.5,1
3948.0,0
3948.5,1
3948.75,0
3949.0,1
3949.5,0
3949.75,1
3950.75,0
3951.25,1
3952.75,0
3953.0,1
3953.5,0
3969.5,1
3971.5,0
3971.75,1
3972.25,0
3972.5,1
3972.75,0
3973.0,1
3974.0,0
3974.5,1
3976.5,0
3981.0,1
3981.25,0
3990.0,1
3990.25,0
3993.25,1
3993.75,0
3994.0,1
3994.5,0
3994.75,1
3995.0,0
3995.25,1
3995.5,0
3995.75,1
3997.5,0
3998.0,1
3998.25,0
3998.5,1
3999.0,0
3999.5,1
4000.75,0
4062.75,1
4063.0,0
4064.0,1
4064.25,0
4065.0,1
4065.75,0
4066.0,1
4066.75,0
4067.0,1
4069.5,0
4070.0,1
4070.75,0
4071.25,1
4072.75,0
4073.25,1
4073.75,0
4076.5,1
4076.75,0
4077.75,1
4078.0,0
4089.25,1
4089.5,0
4089.75,1
4090.0,0
4090.25,1
4091.75,0
4092.25,1
4093.5,0
4093.75,1
4094.25,0
4094.75,1
4097.25,0
4101.25,1
4101.5,0
4102.0,1
4102.25,0
4111.25,1
4111.75,0
4113.0,1
4113.25,0
4113.5,1
4114.25,0
4114.5,1
4115.5,0
4115.75,1
4116.25,0
4116.5,1
4117.5,0
4118.0,1
4118.25,0
4118.5,1
4120.25,0
4120.5,1
4121.5,0
4137.0,1
4137.25,0
4137.5,1
4138.5,0
4138.75,1
4141.75,0
4142.75,1
4144.0,0
4144.25,1
4144.75,0
4145.0,1
4145.5,0
4161.25,1
4162.0,0
4162.25,1
4163.5,0
4164.0,1
4164.25,0
4164.5,1
4168.75,0
4169.0,1
4169.25,0
4231.0,1
4231.25,0
4231.5,1
4231.75,0
4232.25,1
4232.5,0
4232.75,1
4233.0,0
4233.25,1
4234.0,0
4234.25,1
4234.5,0
4235.0,1
4235.75,0
4236.0,1
4236.25,0
4236.5,1
4236.75,0
4237.25,1
4237.5,0
4237.75,1
4238.25,0
4238.5,1
4238.75,0
4239.0,1
4241.0,0
4241.5,1
4241.75,0
4244.25,1
4244.75,0
4254.0,1
4254.25,0
4256.25,1
4256.5,0
4257.25,1
4259.25,0
4259.5,1
4262.0,0
4262.25,1
4262.5,0
4262.75,1
4263.75,0
4264.0,1
4264.5,0
4265.0,1
4265.25,0
4270.0,1
4270.5,0
4278.0,1
4278.25,0
4280.25,1
4280.5,0
4281.0,1
4281.25,0
4281.5,1
4283.5,0
4283.75,1
4284.25,0
4284.5,1
4284.75,0
4285.0,1
4285.75,0
4287.0,1
4287.25,0
4287.75,1
4289.0,0
4303.0,1
4303.25,0
4304.75,1
4306.75,0
4307.0,1
4307.25,0
4307.5,1
4308.0,0
4308.25,1
4308.5,0
4309.0,1
4309.75,0
4310.25,1
4313.0,0
4316.25,1
4316.5,0
4329.25,1
4331.0,0
4331.25,1
4332.0,0
4332.25,1
4333.75,0
4334.0,1
4334.5,0
4334.75,1
4335.5,0
4335.75,1
4336.25,0
4336.5,1
4336.75,0
4337.0,1
4337.25,0
4400.75,1
4401.0,0
4401.25,1
4403.0,0
4403.25,1
4404.25,0
4404.5,1
4405.5,0
4405.75,1
4406.0,0
4406.25,1
4406.75,0
4407.0,1
4407.5,0
4408.0,1
4408.75,0
4409.0,1
4409.25,0
4409.5,1
4409.75,0
4449.25,1
4451.5,0
4451.75,1
4452.75,0
4453.5,1
4456.5,0
4456.75,1
4457.25,0
4471.75,1
4472.0,0
4472.5,1
4474.25,0
4474.75,1
4475.0,0
4475.5,1
4476.25,0
4476.75,1
4477.25,0
4477.75,1
4478.75,0
4479.25,1
4480.0,0
4480.5,1
4481.0,0
4481.25,1
4481.5,0
4497.0,1
4497.25,0
4497.75,1
4498.0,0
4498.25,1
4498.75,0
4499.5,1
4502.0,0
4502.25,1
4505.5,0
4566.25,1
4566.5,0
4569.25,1
4572.25,0
4572.5,1
4573.75,0
4574.0,1
4575.5,0
4575.75,1
4576.75,0
4581.5,1
4581.75,0
4591.5,1
4591.75,0
4592.75,1
4593.0,0
4593.5,1
4594.0,0
4594.25,1
4594.5,0
4594.75,1
4595.25,0
4595.5,1
4595.75,0
4596.0,1
4597.25,0
4597.5,1
4598.0,0
4598.25,1
4598.5,0
4599.0,1
4600.5,0
4600.75,1
4601.25,0
4614.25,1
4614.5,0
4615.25,1
4615.5,0
4616.75,1
4617.0,0
4617.5,1
4618.25,0
4618.5,1
4621.25,0
4621.5,1
4622.0,0
4622.25,1
4622.5,0
4622.75,1
4623.5,0
4623.75,1
4624.25,0
4624.5,1
4625.25,0
4625.75,1
4626.0,0
4630.0,1
4630.25,0
4639.0,1
4639.25,0
4640.75,1
4641.25,0
4642.0,1
4642.25,0
4642.5,1
4642.75,0
4643.0,1
4644.5,0
4645.0,1
4645.5,0
4645.75,1
4646.0,0
4646.25,1
4646.5,0
4646.75,1
4647.5,0
4647.75,1
4649.0,0
4661.75,1
4662.0,0
4665.0,1
4665.25,0
4665.5,1
4669.25,0
4669.5,1
4670.0,0
4670.25,1
4670.75,0
4671.0,1
4672.25,0
4672.5,1
4673.0,0
4734.5,1
4734.75,0
4737.0,1
4739.25,0
4739.75,1
4744.25,0
4744.5,1
4745.0,0
4749.25,1
4749.5,0
4757.75,1
4758.0,0
4758.75,1
4759.0,0
4759.5,1
4760.0,0
4760.75,1
4761.0,0
4761.5,1
4761.75,0
4762.0,1
4762.5,0
4763.0,1
4764.0,0
4764.25,1
4765.0,0
4765.5,1
4766.0,0
4766.25,1
4767.0,0
4767.25,1
4767.5,0
4768.25,1
4768.5,0
4768.75,1
4769.0,0
4769.25,1
4769.5,0
4785.0,1
4785.25,0
4785.5,1
4788.25,0
4788.5,1
4789.0,0
4789.25,1
4791.25,0
4791.5,1
4792.75,0
4793.0,1
4793.25,0
4794.25,1
4794.5,0
4806.25,1
4806.5,0
4807.75,1
4808.0,0
4808.75,1
4809.25,0
4809.5,1
4810.75,0
4811.0,1
4812.5,0
4812.75,1
4813.0,0
4813.25,1
4813.75,0
4814.25,1
4814.75,0
4815.5,1
4816.5,0
4817.0,1
4817.5,0
4832.0,1
4832.25,0
4832.5,1
4833.0,0
4833.75,1
4836.25,0
4836.5,1
4838.5,0
4838.75,1
4839.25,0
4839.5,1
4841.0,0
4844.75,1
4845.0,0
4845.25,1
4845.5,0
4845.75,1
4846.0,0
4902.0,1
4902.25,0
4905.25,1
4906.75,0
4907.5,1
4909.0,0
4909.25,1
4910.5,0
4911.0,1
4912.0,0
4912.25,1
4912.5,0
4913.25,1
4913.5,0
4927.5,1
4928.0,0
4929.0,1
4929.25,0
4929.75,1
4930.0,0
4930.25,1
4931.25,0
4931.5,1
4935.5,0
4935.75,1
4937.25,0
4951.25,1
4951.5,0
4953.5,1
4955.0,0
4955.25,1
4956.5,0
4956.75,1
4957.0,0
4957.25,1
4958.25,0
4958.5,1
4961.5,0
4976.5,1
4978.75,0
4979.0,1
4980.75,0
4981.0,1
4982.75,0
4983.0,1
4985.0,0
4988.75,1
4989.0,0
4998.75,1
4999.0,0
5000.75,1
5001.25,0
5001.5,1
5002.0,0
5002.25,1
5002.75,0
5003.0,1
5005.25,0
5005.5,1
5005.75,0
5006.0,1
5007.25,0
5007.75,1
5009.25,0
5072.5,1
5072.75,0
5073.25,1
5073.5,0
5073.75,1
5074.25,0
5074.5,1
5077.0,0
5077.5,1
5078.0,0
5078.25,1
5078.5,0
5079.25,1
5080.5,0
5080.75,1
5081.25,0
5096.75,1
5097.25,0
5097.5,1
5101.75,0
5102.0,1
5103.5,0
5103.75,1
5104.5,0
5104.75,1
5105.0,0
5105.5,1
5105.75,0
5109.75,1
5110.0,0
5118.75,1
5119.0,0
5119.75,1
5120.0,0
5120.5,1
5121.0,0
5121.25,1
5122.75,0
5123.0,1
5123.25,0
5123.5,1
5124.25,0
5124.5,1
5126.25,0
5126.5,1
5127.75,0
5128.0,1
5129.0,0
5129.25,1
5129.75,0
5133.25,1
5133.5,0
5133.75,1
5134.0,0
5142.5,1
5142.75,0
5144.75,1
5145.25,0
5145.75,1
5148.5,0
5148.75,1
5149.25,0
5149.75,1
5150.25,0
5151.25,1
5153.0,0
5153.25,1
5153.5,0
5168.5,1
5168.75,0
5169.0,1
5169.5,0
5169.75,1
5172.75,0
5173.25,1
5174.25,0
5174.5,1
5175.25,0
5175.5,1
5176.25,0
5176.5,1
5177.0,0
5238.25,1
5238.5,0
5241.0,1
5242.25,0
5242.5,1
5243.0,0
5243.25,1
5243.5,0
5243.75,1
5245.0,0
5245.25,1
5246.5,0
5246.75,1
5248.5,0
5262.75,1
5263.0,0
5265.25,1
5266.5,0
5266.75,1
5267.0,0
5267.25,1
5267.5,0
5267.75,1
5268.0,0
5268.25,1
5268.5,0
5268.75,1
5271.75,0
5272.0,1
5272.25,0
5272.5,1
5273.0,0
5273.5,1
5273.75,0
5286.75,1
5287.25,0
5289.25,1
5289.75,0
5290.0,1
5291.0,0
5291.25,1
5293.5,0
5293.75,1
5294.25,0
5294.5,1
5295.0,0
5295.25,1
5295.75,0
5296.0,1
5297.25,0
5310.25,1
5310.75,0
5311.75,1
5312.0,0
5313.0,1
5315.5,0
5315.75,1
5316.25,0
5316.5,1
5316.75,0
5317.0,1
5317.25,0
5317.5,1
5320.25,0
5320.75,1
5321.0,0
5335.0,1
5335.25,0
5336.5,1
5337.0,0
5337.5,1
5338.5,0
5338.75,1
5339.75,0
5340.0,1
5341.0,0
5341.25,1
5342.0,0
5342.25,1
5342.75,0
5343.0,1
5343.25,0
5343.75,1
5344.5,0
5344.75,1
5345.25,0
5408.75,1
5409.25,0
5409.5,1
5411.0,0
5411.5,1
5412.75,0
5413.0,1
5413.75,0
5414.0,1
5416.75,0
5417.0,1
5417.25,0
5420.75,1
5421.0,0
5430.5,1
5430.75,0
5431.0,1
5431.25,0
5431.5,1
5431.75,0
5432.0,1
5432.25,0
5432.5,1
5433.0,0
5433.25,1
5436.5,0
5436.75,1
5438.5,0
5438.75,1
5440.25,0
5440.5,1
5441.0,0
5454.25,1
5454.5,0
5455.25,1
5455.5,0
5456.5,1
5456.75,0
5457.25,1
5460.0,0
5461.0,1
5461.25,0
5461.5,1
5461.75,0
5462.0,1
5464.0,0
5464.25,1
5464.5,0
5464.75,1
5465.0,0
5468.75,1
5469.0,0
5480.25,1
5480.5,0
5481.5,1
5481.75,0
5482.0,1
5482.25,0
5482.5,1
5484.75,0
5485.0,1
5485.25,0
5485.75,1
5486.0,0
5486.5,1
5488.25,0
5488.75,1
5489.25,0
5489.5,1
5489.75,0
5504.0,1
5504.25,0
5504.75,1
5505.75,0
5506.0,1
5507.25,0
5507.5,1
5508.5,0
5508.75,1
5509.0,0
5509.25,1
5510.0,0
5510.25,1
5511.25,0
5511.5,1
5512.0,0
5512.5,1
5512.75,0
5513.0,1
5513.75,0
5517.0,1
5517.5,0
5575.25,1
5575.5,0
5576.75,1
5577.0,0
5577.25,1
5578.5,0
5578.75,1
5582.0,0
5582.25,1
5582.5,0
5582.75,1
5583.25,0
5583.5,1
5584.0,0
5584.25,1
5584.5,0
5585.25,1
5585.5,0
5588.75,1
5589.0,0
5589.25,1
5589.5,0
5601.75,1
5603.25,0
5603.5,1
5603.75,0
5604.25,1
5605.75,0
5606.0,1
5607.25,0
5607.5,1
5608.25,0
5608.75,1
5609.0,0
5609.25,1
5609.5,0
5614.25,1
5614.5,0
5623.75,1
5624.0,0
5624.75,1
5625.0,0
5625.5,1
5627.25,0
5628.0,1
5630.5,0
5631.0,1
5632.75,0
5648.0,1
5648.25,0
5649.25,1
5649.5,0
5649.75,1
5650.0,0
5650.5,1
5651.25,0
5651.5,1
5654.0,0
5654.25,1
5655.25,0
5655.5,1
5655.75,0
5656.0,1
5657.0,0
5657.5,1
5657.75,0
5671.0,1
5671.25,0
5672.25,1
5672.5,0
5673.5,1
5673.75,0
5674.0,1
5674.75,0
5675.0,1
5676.0,0
5676.25,1
5676.75,0
5677.0,1
5677.25,0
5677.5,1
5677.75,0
5678.0,1
5680.5,0
5681.5,1
5681.75,0
5744.25,1
5744.5,0
5744.75,1
5746.0,0
5746.25,1
5746.75,0
5747.0,1
5749.0,0
5749.25,1
5749.75,0
5750.0,1
5753.25,0
5768.75,1
5770.5,0
5770.75,1
5772.75,0
5773.0,1
5774.25,0
5774.5,1
5774.75,0
5775.0,1
5775.5,0
5775.75,1
5777.25,0
5790.75,1
5791.0,0
5792.25,1
5792.5,0
5793.5,1
5793.75,0
5794.0,1
5794.25,0
5794.5,1
5794.75,0
5795.0,1
5796.5,0
5796.75,1
5798.0,0
5798.25,1
5799.0,0
5799.25,1
5800.5,0
5815.25,1
5815.5,0
5817.25,1
5820.25,0
5820.5,1
5821.0,0
5821.25,1
5821.75,0
5822.25,1
5822.75,0
5823.0,1
5825.25,0
5825.75,1
5826.0,0
5828.25,1
5828.5,0
5832.25,1
5832.5,0
5840.5,1
5840.75,0
5841.0,1
5841.5,0
5841.75,1
5842.0,0
5842.25,1
5842.75,0
5843.0,1
5846.25,0
5846.5,1
5848.25,0
5848.75,1
5849.0,0
5852.0,1
5852.25,0
5854.25,1
5854.5,0
5909.75,1
5910.0,0
5911.0,1
5911.25,0
5912.75,1
5913.0,0
5913.5,1
5913.75,0
5914.0,1
5914.75,0
5915.0,1
5915.5,0
5915.75,1
5916.5,0
5917.0,1
5917.5,0
5917.75,1
5918.5,0
5919.0,1
5919.75,0
5920.0,1
5921.75,0
5922.75,1
5923.0,0
5959.5,1
5960.0,0
5960.75,1
5961.0,0
5961.25,1
5962.25,0
5963.0,1
5964.25,0
5964.75,1
5966.25,0
5966.5,1
5967.25,0
5967.5,1
5967.75,0
5968.25,1
5968.75,0
5969.25,1
5969.75,0
5984.75,1
5985.0,0
5985.25,1
5985.5,0
5985.75,1
5988.0,0
5988.25,1
5989.0,0
5989.25,1
5990.0,0
5990.25,1
5992.25,0
5993.5,1
5993.75,0
6007.5,1
6008.0,0
6008.75,1
6009.0,0
6009.25,1
6010.0,0
6010.5,1
6012.5,0
6013.0,1
6013.25,0
6014.0,1
6014.5,0
6014.75,1
6015.75,0
6016.0,1
6016.25,0
6016.5,1
6017.0,0
6020.75,1
6021.25,0
6080.25,1
6080.5,0
6081.0,1
6081.5,0
6081.75,1
6082.75,0
6083.0,1
6084.5,0
6084.75,1
6085.25,0
6085.75,1
6086.0,0
6086.25,1
6086.5,0
6086.75,1
6088.75,0
6089.25,1
6089.5,0
6089.75,1
6090.0,0
6102.5,1
6103.0,0
6103.5,1
6104.0,0
6105.25,1
6107.75,0
6108.0,1
6108.25,0
6108.75,1
6112.5,0
6113.5,1
6114.0,0
6126.75,1
6127.0,0
6128.5,1
6128.75,0
6129.0,1
6129.5,0
6129.75,1
6130.25,0
6130.5,1
6133.25,0
6133.5,1
6134.0,0
6134.25,1
6134.5,0
6134.75,1
6135.25,0
6135.5,1
6137.0,0
6137.75,1
6138.0,0
6140.75,1
6141.0,0
6152.25,1
6152.5,0
6153.25,1
6154.75,0
6155.25,1
6156.25,0
6156.5,1
6157.25,0
6157.5,1
6157.75,0
6158.25,1
6159.0,0
6159.25,1
6159.5,0
6159.75,1
6160.75,0
6165.75,1
6166.0,0
6174.5,1
6174.75,0
6175.5,1
6176.0,0
6177.0,1
6177.25,0
6177.5,1
6178.75,0
6179.0,1
6179.5,0
6180.0,1
6180.25,0
6181.0,1
6181.5,0
6182.0,1
6182.5,0
6182.75,1
6184.25,0
6184.5,1
6185.0,0
6246.5,1
6246.75,0
6247.0,1
6247.25,0
6248.25,1
6248.5,0
6248.75,1
6249.0,0
6249.5,1
6249.75,0
6250.5,1
6252.5,0
6253.0,1
6253.5,0
6253.75,1
6254.0,0
6254.25,1
6254.5,0
6254.75,1
6255.75,0
6256.0,1
6257.0,0
6257.25,1
6257.5,0
6272.25,1
6272.75,0
6273.0,1
6273.75,0
6274.25,1
6275.25,0
6275.5,1
6275.75,0
6276.25,1
6277.75,0
6278.0,1
6279.75,0
6280.0,1
6280.5,0
6280.75,1
6281.25,0
6281.5,1
6281.75,0
6294.5,1
6295.0,0
6295.25,1
6295.5,0
6296.75,1
6297.0,0
6297.25,1
6297.5,0
6297.75,1
6298.5,0
6298.75,1
6300.0,0
6300.25,1
6301.0,0
6301.25,1
6302.25,0
6302.75,1
6304.25,0
6304.5,1
6304.75,0
6305.0,1
6305.25,0
6320.5,1
6320.75,0
6321.0,1
6321.25,0
6321.5,1
6321.75,0
6322.0,1
6322.75,0
6323.0,1
6323.75,0
6324.5,1
6326.25,0
6326.5,1
6326.75,0
6327.0,1
6328.0,0
6328.25,1
6329.5,0
6342.5,1
6342.75,0
6343.0,1
6343.25,0
6344.0,1
6344.25,0
6344.5,1
6345.0,0
6345.25,1
6346.75,0
6347.0,1
6347.25,0
6348.0,1
6349.25,0
6349.5,1
6352.0,0
6352.25,1
6352.75,0
6353.0,1
6353.25,0
6416.25,1
6416.5,0
6416.75,1
6417.25,0
6417.75,1
6418.25,0
6418.5,1
6418.75,0
6419.25,1
6420.5,0
6420.75,1
6421.0,0
6421.25,1
6422.0,0
6422.5,1
6423.75,0
6424.0,1
6424.25,0
6424.5,1
6425.0,0
6425.25,1
6425.5,0
6441.0,1
6444.5,0
6444.75,1
6445.0,0
6446.0,1
6446.5,0
6446.75,1
6449.0,0
6449.25,1
6449.5,0
6465.0,1
6466.25,0
6466.5,1
6467.0,0
6467.5,1
6468.75,0
6469.0,1
6469.5,0
6470.0,1
6470.25,0
6470.75,1
6473.0,0
6489.5,1
6490.0,0
6490.25,1
6492.0,0
6492.5,1
6493.75,0
6494.0,1
6494.25,0
6494.5,1
6496.75,0
6501.25,1
6501.5,0
6509.5,1
6509.75,0
6510.25,1
6510.5,0
6512.75,1
6513.0,0
6513.25,1
6513.5,0
6513.75,1
6514.0,0
6514.5,1
6517.0,0
6517.25,1
6517.5,0
6517.75,1
6518.75,0
6519.0,1
6519.25,0
6519.5,1
6520.75,0
6582.5,1
6582.75,0
6584.25,1
6584.5,0
6584.75,1
6586.5,0
6586.75,1
6587.25,0
6587.5,1
6588.5,0
6588.75,1
6589.0,0
6589.25,1
6591.5,0
6591.75,1
6593.0,0
6593.75,1
6594.0,0
6597.75,1
6598.0,0
6598.5,1
6598.75,0
6606.0,1
6606.25,0
6609.25,1
6610.5,0
6610.75,1
6611.75,0
6612.25,1
6613.5,0
6613.75,1
6614.25,0
6614.75,1
6615.5,0
6616.0,1
6617.0,0
6631.75,1
6632.0,0
6633.0,1
6635.0,0
6635.25,1
6635.5,0
6636.0,1
6637.75,0
6638.0,1
6638.5,0
6638.75,1
6639.75,0
6640.0,1
6641.25,0
6656.5,1
6656.75,0
6657.25,1
6657.5,0
6657.75,1
6658.0,0
6658.25,1
6658.5,0
6659.0,1
6659.75,0
6660.0,1
6660.75,0
6661.0,1
6661.75,0
6662.0,1
6663.75,0
6670.75,1
6671.0,0
6672.5,1
6672.75,0
6679.5,1
6680.25,0
6681.25,1
6682.75,0
6683.0,1
6684.25,0
6684.5,1
6684.75,0
6685.0,1
6685.75,0
6686.0,1
6687.0,0
6687.25,1
6688.5,0
6689.0,1
6689.25,0
6693.5,1
6693.75,0
6752.5,1
6753.0,0
6754.0,1
6754.25,0
6754.5,1
6755.25,0
6755.5,1
6756.0,0
6756.25,1
6756.5,0
6756.75,1
6757.25,0
6757.5,1
6760.75,0
6764.0,1
6764.25,0
6765.0,1
6765.5,0
6800.75,1
6801.0,0
6801.25,1
6801.75,0
6802.0,1
6803.0,0
6803.25,1
6804.25,0
6805.0,1
6805.5,0
6805.75,1
6806.25,0
6807.0,1
6808.75,0
6809.0,1
6809.5,0
6823.25,1
6823.5,0
6824.25,1
6824.5,0
6825.5,1
6825.75,0
6826.0,1
6826.5,0
6826.75,1
6827.25,0
6827.5,1
6828.0,0
6828.75,1
6829.25,0
6829.75,1
6830.25,0
6830.5,1
6831.0,0
6831.25,1
6832.25,0
6832.75,1
6833.0,0
6846.75,1
6847.0,0
6849.25,1
6851.0,0
6851.5,1
6852.0,0
6852.25,1
6852.5,0
6852.75,1
6855.0,0
6855.5,1
6855.75,0
6856.0,1
6857.25,0
6918.75,1
6919.0,0
6919.75,1
6920.0,0
6920.25,1
6920.5,0
6921.5,1
6922.5,0
6922.75,1
6923.25,0
6923.5,1
6924.25,0
6924.5,1
6925.25,0
6926.0,1
6927.25,0
6927.5,1
6928.0,0
6928.25,1
6928.75,0
6929.0,1
6929.25,0
6943.25,1
6943.5,0
6944.25,1
6944.5,0
6945.25,1
6945.5,0
6945.75,1
6946.75,0
6947.0,1
6947.25,0
6947.5,1
6949.75,0
6950.25,1
6950.75,0
6951.0,1
6951.25,0
6951.5,1
6953.25,0
6968.75,1
6969.0,0
6969.25,1
6969.5,0
6970.0,1
6971.0,0
6971.25,1
6973.25,0
6973.5,1
6974.75,0
6975.0,1
6975.5,0
6975.75,1
6976.0,0
6976.25,1
6977.25,0
6993.0,1
6993.75,0
6994.0,1
6994.5,0
6994.75,1
6997.5,0
6997.75,1
6998.75,0
6999.0,1
7000.0,0
7000.75,1
7001.0,0
7014.5,1
7014.75,0
7017.25,1
7017.5,0
7017.75,1
7018.0,0
7018.25,1
7018.5,0
7018.75,1
7019.0,0
7019.25,1
7019.75,0
7020.0,1
7020.25,0
7020.75,1
7021.25,0
7021.5,1
7022.5,0
7022.75,1
7024.0,0
7024.25,1
7025.25,0
7086.75,1
7087.0,0
7088.5,1
7089.0,0
7089.25,1
7089.5,0
7089.75,1
7091.75,0
7092.0,1
7092.5,0
7092.75,1
7093.0,0
7093.25,1
7093.5,0
7094.0,1
7094.75,0
7095.25,1
7095.5,0
7095.75,1
7096.75,0
7097.0,1
7097.5,0
7099.5,1
7099.75,0
7113.5,1
7115.25,0
7115.5,1
7115.75,0
7116.25,1
7117.75,0
7118.25,1
7118.75,0
7119.0,1
7119.5,0
7119.75,1
7120.0,0
7120.5,1
7121.0,0
7121.25,1
7121.5,0
7134.25,1
7134.5,0
7137.5,1
7138.0,0
7138.5,1
7139.5,0
7139.75,1
7140.0,0
7140.25,1
7142.0,0
7142.25,1
7142.5,0
7142.75,1
7144.25,0
7144.5,1
7145.0,0
7161.0,1
7163.75,0
7164.0,1
7164.25,0
7164.5,1
7165.25,0
7165.5,1
7165.75,0
7166.25,1
7167.75,0
7168.0,1
7169.0,0
7183.75,1
7184.0,0
7184.25,1
7184.5,0
7185.5,1
7186.25,0
7186.5,1
7187.0,0
7187.25,1
7188.5,0
7188.75,1
7189.5,0
7189.75,1
7190.75,0
7191.75,1
7192.0,0
7192.5,1
7193.75,0
7257.0,1
7257.75,0
7258.0,1
7258.5,0
7258.75,1
7261.25,0
7261.75,1
7262.75,0
7263.0,1
7264.25,0
7264.5,1
7265.25,0
7265.5,1
7265.75,0
7277.75,1
7278.0,0
7279.25,1
7279.5,0
7281.25,1
7282.25,0
7282.5,1
7282.75,0
7283.0,1
7283.25,0
7283.5,1
7284.5,0
7284.75,1
7285.0,0
7285.25,1
7286.5,0
7287.0,1
7288.75,0
7289.0,1
7289.25,0
7305.25,1
7305.5,0
7306.0,1
7306.5,0
7306.75,1
7308.25,0
7308.5,1
7310.0,0
7310.5,1
7310.75,0
7311.0,1
7313.0,0
7313.5,1
7313.75,0
7327.5,1
7327.75,0
7328.5,1
7331.5,0
7332.0,1
7333.25,0
7334.25,1
7334.75,0
7335.0,1
7335.5,0
7336.25,1
7337.0,0
7337.25,1
7337.5,0
7340.5,1
7340.75,0
7341.5,1
7341.75,0
7350.0,1
7350.5,0
7352.75,1
7353.0,0
7353.5,1
7353.75,0
7354.25,1
7354.5,0
7354.75,1
7358.75,0
7359.0,1
7360.0,0
7360.25,1
7361.25,0
7364.5,1
7364.75,0
7425.5,1
7426.0,0
7426.5,1
7426.75,0
7427.0,1
7427.75,0
7428.0,1
7430.0,0
7430.25,1
7432.0,0
7432.25,1
7432.75,0
7436.75,1
7437.25,0
7437.75,1
7438.0,0
7445.25,1
7445.5,0
7449.25,1
7449.75,0
7450.0,1
7453.5,0
7454.25,1
7456.0,0
7456.25,1
7456.5,0
7456.75,1
7457.0,0
7457.25,1
7457.5,0
7460.5,1
7460.75,0
7470.75,1
7471.0,0
7473.0,1
7473.75,0
7474.0,1
7475.5,0
7475.75,1
7476.25,0
7477.0,1
7478.0,0
7478.25,1
7479.5,0
7479.75,1
7480.25,0
7480.5,1
7481.25,0
7497.5,1
7500.0,0
7500.25,1
7500.5,0
7501.0,1
7501.5,0
7501.75,1
7502.0,0
7502.25,1
7503.5,0
7504.0,1
7504.75,0
7505.25,1
7505.5,0
7509.25,1
7509.5,0
7509.75,1
7510.0,0
7519.75,1
7520.0,0
7521.0,1
7521.25,0
7521.75,1
7522.0,0
7522.25,1
7523.0,0
7523.5,1
7524.25,0
7524.5,1
7526.0,0
7526.25,1
7527.75,0
7528.0,1
7529.25,0
7533.25,1
7533.5,0
7533.75,1
7534.0,0
7591.25,1
7591.75,0
7592.25,1
7592.75,0
7593.25,1
7593.75,0
7594.0,1
7596.5,0
7596.75,1
7597.0,0
7597.25,1
7597.5,0
7598.0,1
7599.0,0
7599.25,1
7599.5,0
7599.75,1
7601.25,0
7605.0,1
7605.25,0
7615.75,1
7616.0,0
7616.25,1
7616.5,0
7616.75,1
7617.5,0
7617.75,1
7618.25,0
7618.75,1
7620.0,0
7620.5,1
7621.75,0
7622.0,1
7622.75,0
7623.0,1
7623.75,0
7624.0,1
7624.5,0
7624.75,1
7625.0,0
7628.75,1
7629.0,0
7636.75,1
7637.0,0
7641.25,1
7641.75,0
7642.0,1
7642.25,0
7642.5,1
7642.75,0
7643.0,1
7644.25,0
7644.75,1
7645.0,0
7645.75,1
7646.0,0
7646.25,1
7646.5,0
7646.75,1
7649.5,0
7652.0,1
7652.25,0
7653.25,1
7653.5,0
7665.5,1
7666.25,0
7666.5,1
7667.25,0
7667.5,1
7668.25,0
7668.5,1
7668.75,0
7669.25,1
7669.5,0
7670.25,1
7671.0,0
7671.25,1
7672.75,0
7676.5,1
7676.75,0
7678.25,1
7678.5,0
7686.0,1
7686.25,0
7688.0,1
7688.25,0
7688.5,1
7689.25,0
7689.75,1
7690.0,0
7690.25,1
7692.5,0
7693.0,1
7695.0,0
7695.25,1
7695.75,0
7696.0,1
7696.5,0
7696.75,1
7697.25,0
7760.5,1
7760.75,0
7761.25,1
7762.5,0
7762.75,1
7764.25,0
7764.75,1
7765.5,0
7766.25,1
7766.5,0
7766.75,1
7767.25,0
7767.5,1
7768.0,0
7768.25,1
7768.5,0
7768.75,1
7769.25,0
7784.75,1
7785.25,0
7785.5,1
7786.5,0
7786.75,1
7789.0,0
7789.25,1
7791.25,0
7791.5,1
7793.0,0
7793.25,1
7793.5,0
7793.75,1
7794.0,0
7808.5,1
7810.5,0
7810.75,1
7811.25,0
7811.5,1
7812.25,0
7812.5,1
7812.75,0
7813.0,1
7813.25,0
7813.5,1
7813.75,0
7814.0,1
7814.75,0
7815.0,1
7815.25,0
7815.5,1
7815.75,0
7816.25,1
7817.0,0
7817.25,1
7817.5,0
7821.25,1
7821.5,0
7832.0,1
7832.25,0
7832.75,1
7836.25,0
7836.75,1
7837.0,0
7837.25,1
7837.5,0
7837.75,1
7838.0,0
7838.25,1
7839.0,0
7839.25,1
7839.75,0
7840.0,1
7840.5,0
7840.75,1
7841.25,0
7844.25,1
7844.5,0
7927.25,1
7927.5,0
7929.0,1
7929.5,0
7929.75,1
7930.25,0
7930.5,1
7931.5,0
7931.75,1
7932.0,0
7932.25,1
7933.25,0
7933.75,1
7934.5,0
7934.75,1
7937.0,0
7950.0,1
7950.5,0
7951.5,1
7951.75,0
7952.5,1
7952.75,0
7953.25,1
7953.5,0
7954.0,1
7954.25,0
7954.5,1
7955.25,0
7955.5,1
7956.25,0
7956.5,1
7957.25,0
7957.5,1
7957.75,0
7958.0,1
7958.25,0
7958.5,1
7959.0,0
7959.25,1
7960.75,0
7961.0,1
7961.25,0
7962.0,1
7962.25,0
7964.5,1
7964.75,0
7976.75,1
7977.0,0
7977.25,1
7978.75,0
7979.0,1
7980.25,0
7980.5,1
7981.75,0
7982.0,1
7982.25,0
7982.5,1
7984.0,0
7984.5,1
7985.5,0
7998.25,1
7998.5,0
8000.0,1
8000.25,0
8000.75,1
8001.5,0
8002.25,1
8004.25,0
8004.5,1
8005.5,0
8005.75,1
8006.5,0
8006.75,1
8007.75,0
8008.0,1
8008.75,0
8009.0,1
8009.25,0
8022.75,1
8023.0,0
8025.0,1
8028.25,0
8028.5,1
8031.5,0
8031.75,1
8033.5,0
8038.75,1
8039.0,0
8096.75,1
8099.5,0
8099.75,1
8100.5,0
8101.25,1
8101.5,0
8101.75,1
8102.5,0
8103.0,1
8103.75,0
8104.0,1
8105.25,0
8118.0,1
8118.25,0
8119.75,1
8120.0,0
8120.5,1
8120.75,0
8121.25,1
8121.75,0
8123.0,1
8123.5,0
8123.75,1
8124.5,0
8125.0,1
8125.75,0
8126.0,1
8126.25,0
8126.75,1
8127.0,0
8127.25,1
8127.75,0
8128.0,1
8128.75,0
8129.25,1
8129.5,0
8135.0,1
8135.25,0
8144.5,1
8145.0,0
8145.5,1
8146.5,0
8147.0,1
8147.5,0
8147.75,1
8148.0,0
8148.25,1
8149.0,0
8149.25,1
8149.75,0
8150.25,1
8151.75,0
8152.0,1
8152.25,0
8152.5,1
8152.75,0
8153.25,1
8153.75,0
8156.5,1
8156.75,0
8166.25,1
8166.5,0
8168.75,1
8169.5,0
8170.0,1
8171.0,0
8171.25,1
8172.25,0
8172.5,1
8172.75,0
8173.0,1
8174.75,0
8175.0,1
8175.25,0
8175.5,1
8176.75,0
8177.0,1
8177.5,0
8193.25,1
8193.5,0
8193.75,1
8195.5,0
8196.25,1
8196.75,0
8197.0,1
8197.5,0
8197.75,1
8198.5,0
8198.75,1
8199.5,0
8199.75,1
8201.0,0
8201.25,1
8201.5,0
8260.75,1
8261.0,0
8264.5,1
8264.75,0
8265.25,1
8265.75,0
8266.0,1
8267.25,0
8267.5,1
8269.5,0
8269.75,1
8271.5,0
8271.75,1
8272.5,0
8272.75,1
8273.0,0
8273.5,1
8273.75,0
8286.25,1
8286.5,0
8288.5,1
8288.75,0
8289.25,1
8290.75,0
8291.0,1
8291.75,0
8292.0,1
8292.5,0
8292.75,1
8293.25,0
8293.75,1
8294.5,0
8295.0,1
8295.5,0
8296.0,1
8297.0,0
8297.5,1
8297.75,0
8311.25,1
8311.5,0
8313.0,1
8314.5,0
8314.75,1
8316.25,0
8316.5,1
8317.25,0
8317.5,1
8318.5,0
8318.75,1
8319.25,0
8319.5,1
8320.25,0
8320.5,1
8320.75,0
8321.0,1
8321.25,0
8335.75,1
8336.0,0
8336.5,1
8337.0,0
8337.25,1
8339.25,0
8339.5,1
8341.0,0
8341.25,1
8341.75,0
8342.0,1
8344.75,0
8357.75,1
8358.25,0
8358.5,1
8358.75,0
8360.25,1
8361.25,0
8361.75,1
8362.75,0
8363.0,1
8364.25,0
8364.5,1
8366.5,0
8367.0,1
8369.0,0
8433.25,1
8434.0,0
8434.25,1
8435.75,0
8436.25,1
8436.5,0
8436.75,1
8437.25,0
8437.5,1
8437.75,0
8438.0,1
8438.5,0
8438.75,1
8439.25,0
8439.75,1
8441.5,0
8445.25,1
8445.5,0
8457.0,1
8457.25,0
8457.5,1
8460.25,0
8460.5,1
8464.5,0
8464.75,1
8465.0,0
8479.25,1
8479.5,0
8480.75,1
8483.75,0
8484.0,1
8484.5,0
8485.0,1
8485.25,0
8486.25,1
8487.25,0
8487.5,1
8489.25,0
8489.5,1
8489.75,0
8492.5,1
8492.75,0
8502.0,1
8502.5,0
8504.0,1
8504.25,0
8505.25,1
8508.0,0
8508.25,1
8509.75,0
8510.25,1
8510.75,0
8511.0,1
8511.75,0
8512.0,1
8512.75,0
8513.0,1
8513.25,0
8517.0,1
8517.25,0
8526.0,1
8526.5,0
8528.5,1
8529.0,0
8529.25,1
8530.5,0
8530.75,1
8532.5,0
8532.75,1
8534.0,0
8534.25,1
8535.75,0
8536.0,1
8536.5,0
8537.0,1
8537.5,0
8623.5,1
8623.75,0
8624.5,1
8624.75,0
8625.75,1
8627.75,0
8628.25,1
8629.25,0
8629.75,1
8630.0,0
8630.25,1
8632.0,0
8632.25,1
8632.5,0
8632.75,1
8633.0,0
8636.25,1
8636.5,0
8648.25,1
8648.75,0
8649.0,1
8650.5,0
8650.75,1
8651.25,0
8652.0,1
8652.25,0
8652.5,1
8653.25,0
8653.5,1
8657.0,0
8662.0,1
8662.25,0
8672.0,1
8672.5,0
8673.75,1
8675.25,0
8675.5,1
8676.0,0
8676.25,1
8678.0,0
8678.5,1
8678.75,0
8679.0,1
8679.25,0
8679.5,1
8680.0,0
8680.25,1
8680.5,0
8680.75,1
8681.5,0
8682.0,1
8682.25,0
8693.75,1
8694.0,0
8694.5,1
8694.75,0
8695.5,1
8695.75,0
8697.0,1
8697.25,0
8697.5,1
8697.75,0
8698.0,1
8698.25,0
8698.75,1
8699.5,0
8699.75,1
8700.0,0
8700.5,1
8700.75,0
8701.25,1
8701.5,0
8702.0,1
8703.75,0
8704.25,1
8705.0,0
8709.0,1
8709.25,0
