#1


float Room-131 (2201,2)
0.0,0
30.5,1
30.75,0
32.25,1
32.5,0
33.25,1
37.25,0
37.5,1
41.0,0
41.25,1
41.5,0
56.75,1
57.0,0
57.25,1
57.5,0
57.75,1
65.5,0
69.0,1
69.25,0
80.0,1
80.25,0
81.0,1
81.25,0
81.5,1
87.75,0
88.0,1
89.0,0
89.25,1
89.5,0
89.75,1
90.0,0
93.25,1
93.5,0
105.0,1
109.75,0
110.5,1
113.25,0
114.0,1
114.5,0
125.75,1
126.0,0
128.25,1
128.5,0
129.0,1
133.5,0
133.75,1
138.0,0
140.5,1
140.75,0
201.0,1
204.5,0
204.75,1
205.0,0
205.75,1
207.75,0
208.25,1
208.75,0
213.5,1
213.75,0
225.0,1
227.75,0
228.0,1
228.75,0
229.0,1
233.5,0
248.5,1
248.75,0
249.0,1
250.5,0
250.75,1
252.0,0
252.5,1
257.75,0
260.75,1
261.0,0
271.5,1
271.75,0
272.25,1
272.5,0
273.0,1
281.5,0
285.0,1
285.25,0
291.25,1
291.5,0
297.0,1
300.5,0
301.0,1
303.75,0
304.0,1
304.75,0
305.0,1
305.5,0
368.75,1
372.0,0
372.25,1
376.25,0
376.5,1
376.75,0
377.25,1
377.75,0
380.25,1
380.5,0
381.0,1
381.25,0
390.25,1
390.5,0
392.5,1
400.75,0
401.25,1
401.75,0
439.25,1
439.5,0
440.75,1
444.0,0
444.25,1
448.25,0
448.5,1
449.25,0
450.0,1
450.25,0
465.0,1
466.75,0
467.0,1
468.0,0
468.5,1
473.25,0
473.5,1
473.75,0
477.25,1
477.5,0
534.75,1
535.0,0
536.75,1
539.5,0
540.0,1
545.25,0
558.25,1
558.5,0
560.75,1
562.5,0
562.75,1
563.25,0
563.5,1
566.5,0
566.75,1
568.75,0
585.25,1
588.25,0
588.5,1
589.0,0
589.25,1
592.25,0
592.5,1
593.25,0
606.5,1
606.75,0
607.5,1
607.75,0
608.75,1
617.5,0
632.25,1
632.5,0
633.0,1
634.5,0
634.75,1
637.75,0
638.0,1
640.25,0
640.5,1
641.25,0
703.25,1
703.5,0
704.75,1
705.0,0
705.25,1
707.75,0
708.0,1
708.25,0
708.5,1
713.5,0
728.0,1
728.25,0
729.25,1
731.25,0
731.5,1
732.0,0
732.25,1
737.75,0
750.25,1
750.5,0
751.75,1
752.0,0
752.75,1
755.25,0
756.0,1
757.5,0
757.75,1
761.5,0
766.25,1
766.5,0
776.75,1
780.25,0
780.5,1
781.5,0
781.75,1
783.0,0
783.5,1
785.5,0
790.0,1
790.25,0
801.0,1
805.25,0
805.5,1
808.75,0
809.25,1
809.5,0
812.75,1
813.0,0
873.0,1
873.25,0
873.5,1
879.0,0
879.25,1
880.5,0
880.75,1
881.0,0
884.0,1
884.25,0
885.25,1
885.5,0
885.75,1
886.0,0
897.25,1
900.25,0
900.5,1
904.0,0
904.25,1
905.0,0
905.5,1
906.0,0
909.25,1
909.5,0
920.75,1
923.5,0
923.75,1
925.25,0
925.5,1
928.75,0
943.75,1
944.0,0
944.75,1
948.25,0
948.5,1
953.5,0
966.25,1
966.5,0
968.5,1
977.75,0
1040.75,1
1041.5,0
1042.0,1
1042.5,0
1042.75,1
1044.25,0
1044.5,1
1048.5,0
1048.75,1
1049.25,0
1053.0,1
1053.25,0
1062.25,1
1062.5,0
1064.75,1
1069.25,0
1069.5,1
1073.25,0
1113.0,1
1116.0,0
1116.25,1
1116.75,0
1117.0,1
1121.0,0
1136.0,1
1136.25,0
1137.0,1
1137.25,0
1137.5,1
1141.75,0
1142.0,1
1145.75,0
1148.25,1
1148.5,0
1149.25,1
1149.5,0
1206.5,1
1206.75,0
1208.75,1
1210.25,0
1210.5,1
1216.5,0
1216.75,1
1217.75,0
1231.75,1
1232.0,0
1232.5,1
1232.75,0
1233.0,1
1234.25,0
1234.5,1
1241.5,0
1244.0,1
1244.25,0
1255.0,1
1255.25,0
1256.25,1
1256.5,0
1256.75,1
1258.75,0
1259.0,1
1264.75,0
1265.0,1
1265.25,0
1280.5,1
1280.75,0
1281.0,1
1281.25,0
1281.5,1
1282.0,0
1282.25,1
1284.25,0
1284.75,1
1289.25,0
1303.5,1
1303.75,0
1304.25,1
1304.5,0
1304.75,1
1305.0,0
1305.25,1
1308.75,0
1309.0,1
1313.5,0
1377.0,1
1377.25,0
1377.5,1
1380.25,0
1380.5,1
1381.5,0
1381.75,1
1383.5,0
1383.75,1
1385.5,0
1385.75,1
1386.0,0
1398.0,1
1398.25,0
1401.0,1
1405.25,0
1405.5,1
1409.5,0
1424.5,1
1427.0,0
1427.25,1
1428.25,0
1428.75,1
1433.25,0
1436.75,1
1437.0,0
1448.0,1
1449.0,0
1449.25,1
1453.0,0
1453.25,1
1457.25,0
1461.25,1
1461.5,0
1471.25,1
1471.5,0
1472.5,1
1473.0,0
1473.25,1
1476.25,0
1476.5,1
1481.75,0
1485.0,1
1485.25,0
1485.5,1
1485.75,0
1543.5,1
1543.75,0
1544.5,1
1545.0,0
1545.25,1
1548.5,0
1548.75,1
1553.25,0
1553.5,1
1553.75,0
1556.5,1
1556.75,0
1566.5,1
1566.75,0
1569.0,1
1573.0,0
1573.25,1
1577.25,0
1580.5,1
1580.75,0
1592.5,1
1594.25,0
1594.75,1
1601.25,0
1605.25,1
1605.5,0
1616.75,1
1618.0,0
1618.25,1
1618.5,0
1619.0,1
1620.0,0
1620.25,1
1625.5,0
1628.75,1
1629.0,0
1641.0,1
1641.25,0
1641.5,1
1643.0,0
1643.25,1
1649.25,0
1649.5,1
1650.0,0
1712.75,1
1721.25,0
1737.0,1
1739.75,0
1740.25,1
1740.5,0
1740.75,1
1743.25,0
1743.5,1
1745.25,0
1749.5,1
1749.75,0
1761.25,1
1763.5,0
1763.75,1
1764.0,0
1764.5,1
1769.0,0
1782.25,1
1782.5,0
1784.5,1
1784.75,0
1785.25,1
1788.0,0
1788.5,1
1790.5,0
1791.0,1
1793.0,0
1793.25,1
1793.5,0
1796.0,1
1796.25,0
1808.5,1
1808.75,0
1809.0,1
1812.5,0
1812.75,1
1817.5,0
1820.5,1
1820.75,0
1821.25,1
1821.75,0
1822.5,1
1822.75,0
1881.5,1
1882.0,0
1882.25,1
1889.25,0
1892.5,1
1892.75,0
1894.25,1
1894.5,0
1904.25,1
1904.5,0
1905.0,1
1906.75,0
1907.0,1
1912.5,0
1913.0,1
1913.25,0
1913.5,1
1914.0,0
1928.75,1
1937.25,0
1950.5,1
1950.75,0
1952.75,1
1961.5,0
1976.75,1
1981.0,0
1981.25,1
1982.75,0
1983.25,1
1984.75,0
1985.25,1
1985.5,0
2048.25,1
2057.75,0
2070.75,1
2071.0,0
2072.5,1
2081.25,0
2096.75,1
2097.0,0
2097.25,1
2105.5,0
2118.0,1
2118.25,0
2118.5,1
2118.75,0
2120.5,1
2120.75,0
2121.0,1
2125.25,0
2125.5,1
2126.0,0
2126.25,1
2129.5,0
2134.0,1
2134.25,0
2144.0,1
2144.25,0
2144.75,1
2148.25,0
2148.5,1
2153.5,0
2155.0,1
2155.25,0
2217.0,1
2220.5,0
2220.75,1
2222.5,0
2222.75,1
2225.0,0
2225.5,1
2225.75,0
2237.5,1
2237.75,0
2240.75,1
2241.75,0
2242.25,1
2243.5,0
2243.75,1
2245.0,0
2245.25,1
2249.25,0
2249.75,1
2250.0,0
2264.75,1
2265.0,0
2265.75,1
2271.75,0
2272.0,1
2273.5,0
2276.75,1
2277.0,0
2288.25,1
2288.5,0
2289.25,1
2293.5,0
2293.75,1
2296.75,0
2297.0,1
2297.25,0
2301.75,1
2302.0,0
2310.0,1
2310.25,0
2311.25,1
2311.5,0
2312.75,1
2319.0,0
2319.25,1
2321.25,0
2384.25,1
2384.5,0
2385.0,1
2388.25,0
2388.5,1
2392.0,0
2392.25,1
2393.0,0
2395.75,1
2396.0,0
2396.75,1
2397.0,0
2397.25,1
2397.5,0
2409.0,1
2409.75,0
2410.0,1
2410.25,0
2410.5,1
2414.75,0
2415.0,1
2415.25,0
2415.5,1
2416.5,0
2417.0,1
2417.5,0
2421.25,1
2421.5,0
2430.5,1
2430.75,0
2433.0,1
2436.5,0
2436.75,1
2437.75,0
2438.25,1
2438.75,0
2439.0,1
2439.75,0
2440.0,1
2441.0,0
2457.25,1
2458.5,0
2458.75,1
2465.5,0
2468.0,1
2468.25,0
2469.25,1
2469.5,0
2481.25,1
2486.5,0
2486.75,1
2489.0,0
2489.25,1
2489.75,0
2552.25,1
2552.5,0
2552.75,1
2554.0,0
2554.25,1
2561.0,0
2561.5,1
2561.75,0
2577.0,1
2580.25,0
2580.5,1
2583.0,0
2583.25,1
2585.0,0
2599.0,1
2599.25,0
2599.5,1
2599.75,0
2600.75,1
2603.25,0
2603.5,1
2605.5,0
2606.25,1
2607.5,0
2608.0,1
2609.0,0
2609.25,1
2609.5,0
2612.0,1
2612.25,0
2624.5,1
2626.75,0
2627.0,1
2633.25,0
2649.0,1
2653.0,0
2653.25,1
2657.25,0
2719.25,1
2719.5,0
2721.25,1
2723.0,0
2723.25,1
2729.75,0
2744.5,1
2746.75,0
2747.0,1
2747.5,0
2747.75,1
2753.0,0
2756.5,1
2757.0,0
2768.75,1
2769.0,0
2769.25,1
2769.75,0
2770.0,1
2772.0,0
2772.25,1
2777.25,0
2792.5,1
2792.75,0
2793.0,1
2794.75,0
2795.0,1
2801.25,0
2803.25,1
2803.5,0
2816.0,1
2816.25,0
2816.75,1
2819.0,0
2819.25,1
2821.0,0
2821.5,1
2823.5,0
2823.75,1
2825.0,0
2889.0,1
2893.25,0
2893.5,1
2897.0,0
2911.75,1
2912.0,0
2912.5,1
2921.0,0
2935.75,1
2936.0,0
2936.25,1
2936.5,0
2936.75,1
2940.75,0
2941.0,1
2945.25,0
2961.0,1
2961.25,0
2961.5,1
2967.75,0
2968.0,1
2969.75,0
2981.5,1
2981.75,0
2985.0,1
2985.75,0
2986.0,1
2988.25,0
2988.75,1
2993.25,0
3054.75,1
3055.0,0
3056.75,1
3061.75,0
3062.0,1
3064.75,0
3065.25,1
3065.5,0
3068.25,1
3068.5,0
3080.75,1
3084.5,0
3084.75,1
3085.5,0
3085.75,1
3086.75,0
3087.0,1
3089.5,0
3093.0,1
3093.25,0
3105.0,1
3111.75,0
3112.0,1
3113.5,0
3127.5,1
3127.75,0
3129.0,1
3134.0,0
3134.25,1
3137.0,0
3152.25,1
3154.5,0
3154.75,1
3157.0,0
3157.25,1
3161.75,0
3165.5,1
3165.75,0
3224.75,1
3227.5,0
3227.75,1
3228.25,0
3228.75,1
3233.75,0
3249.0,1
3252.5,0
3252.75,1
3255.5,0
3255.75,1
3257.0,0
3257.25,1
3257.5,0
3261.25,1
3261.5,0
3272.75,1
3274.0,0
3274.25,1
3276.25,0
3276.5,1
3277.75,0
3278.0,1
3279.75,0
3280.0,1
3281.0,0
3281.25,1
3281.5,0
3294.25,1
3294.5,0
3296.75,1
3297.75,0
3298.0,1
3305.75,0
3308.25,1
3308.5,0
3319.5,1
3319.75,0
3320.75,1
3329.25,0
3331.25,1
3331.5,0
3393.0,1
3393.25,0
3393.5,1
3399.25,0
3399.5,1
3401.5,0
3416.25,1
3418.25,0
3418.5,1
3420.0,0
3420.25,1
3420.75,0
3421.0,1
3425.25,0
3438.25,1
3438.5,0
3440.5,1
3445.25,0
3445.5,1
3449.0,0
3449.25,1
3449.5,0
3452.5,1
3452.75,0
3463.0,1
3463.25,0
3464.75,1
3468.75,0
3469.25,1
3472.25,0
3472.5,1
3473.5,0
3477.0,1
3477.25,0
3489.0,1
3492.0,0
3492.25,1
3497.25,0
3498.5,1
3498.75,0
3558.5,1
3558.75,0
3560.75,1
3569.0,0
3569.25,1
3569.5,0
3606.25,1
3606.5,0
3608.75,1
3611.75,0
3612.0,1
3613.5,0
3613.75,1
3617.5,0
3632.75,1
3636.5,0
3636.75,1
3638.0,0
3638.25,1
3641.25,0
3656.5,1
3661.5,0
3661.75,1
3663.75,0
3664.0,1
3665.25,0
3665.5,1
3665.75,0
3668.0,1
3668.25,0
3670.0,1
3670.25,0
3726.5,1
3726.75,0
3728.75,1
3736.75,0
3737.0,1
3737.25,0
3737.5,1
3737.75,0
3753.0,1
3757.25,0
3757.5,1
3761.5,0
3774.25,1
3774.5,0
3776.75,1
3780.0,0
3780.25,1
3781.75,0
3782.25,1
3783.5,0
3784.0,1
3785.0,0
3785.25,1
3785.5,0
3800.0,1
3800.25,0
3800.75,1
3809.25,0
3813.75,1
3814.0,0
3824.5,1
3824.75,0
3825.0,1
3829.0,0
3829.25,1
3832.5,0
3832.75,1
3833.5,0
3833.75,1
3834.0,0
3895.5,1
3895.75,0
3896.5,1
3899.5,0
3900.0,1
3901.0,0
3901.25,1
3905.25,0
3908.25,1
3908.75,0
3921.0,1
3929.25,0
3931.75,1
3932.0,0
3944.75,1
3949.0,0
3949.25,1
3953.0,0
3953.5,1
3953.75,0
3955.25,1
3955.5,0
3966.0,1
3966.25,0
3968.75,1
3971.25,0
3971.5,1
3977.25,0
3992.0,1
3996.0,0
3996.25,1
3996.5,0
3996.75,1
4001.25,0
4004.75,1
4005.0,0
4064.5,1
4064.75,0
4065.0,1
4066.5,0
4066.75,1
4069.75,0
4070.0,1
4073.25,0
4076.25,1
4076.5,0
4076.75,1
4077.0,0
4077.5,1
4077.75,0
4085.5,1
4085.75,0
4088.5,1
4091.75,0
4092.0,1
4092.75,0
4093.0,1
4093.25,0
4093.5,1
4096.75,0
4103.25,1
4103.5,0
4111.25,1
4111.5,0
4112.75,1
4113.0,0
4113.25,1
4115.25,0
4116.0,1
4119.25,0
4119.5,1
4121.25,0
4123.25,1
4123.5,0
4124.25,1
4124.75,0
4136.75,1
4138.5,0
4138.75,1
4140.5,0
4140.75,1
4145.0,0
4145.5,1
4145.75,0
4160.5,1
4160.75,0
4161.0,1
4169.5,0
4172.0,1
4172.25,0
4173.5,1
4173.75,0
4231.25,1
4231.75,0
4233.0,1
4241.25,0
4241.5,1
4241.75,0
4255.75,1
4256.0,0
4257.25,1
4258.25,0
4258.5,1
4264.0,0
4264.25,1
4264.5,0
4264.75,1
4265.25,0
4266.25,1
4266.5,0
4279.0,1
4279.25,0
4280.75,1
4289.25,0
4292.75,1
4293.0,0
4304.75,1
4306.0,0
4306.25,1
4308.0,0
4308.25,1
4312.25,0
4312.5,1
4313.5,0
4317.0,1
4317.5,0
4328.75,1
4336.0,0
4336.5,1
4337.0,0
4337.75,1
4338.0,0
4401.0,1
4402.0,0
4402.25,1
4409.25,0
4413.5,1
4413.75,0
4448.75,1
4449.25,0
4449.5,1
4450.5,0
4450.75,1
4452.25,0
4452.5,1
4457.5,0
4459.75,1
4460.0,0
4473.0,1
4481.5,0
4497.0,1
4502.5,0
4502.75,1
4503.0,0
4503.25,1
4505.25,0
4569.0,1
4569.25,0
4569.75,1
4572.5,0
4572.75,1
4577.5,0
4593.0,1
4593.25,0
4594.25,1
4597.25,0
4597.5,1
4601.5,0
4616.75,1
4624.25,0
4624.5,1
4625.75,0
4638.75,1
4639.0,0
4640.25,1
4641.5,0
4641.75,1
4642.5,0
4642.75,1
4643.25,0
4644.0,1
4646.75,0
4647.0,1
4647.5,0
4647.75,1
4649.0,0
4650.0,1
4650.25,0
4664.0,1
4664.25,0
4664.75,1
4673.5,0
4734.75,1
4735.0,0
4736.75,1
4737.75,0
4738.0,1
4740.0,0
4740.25,1
4742.75,0
4743.0,1
4743.5,0
4743.75,1
4744.0,0
4744.25,1
4745.25,0
4750.25,1
4750.5,0
4761.25,1
4764.5,0
4764.75,1
4769.25,0
4769.5,1
4769.75,0
4785.25,1
4787.25,0
4787.5,1
4787.75,0
4788.0,1
4793.25,0
4793.5,1
4793.75,0
4807.25,1
4807.5,0
4808.75,1
4812.75,0
4813.0,1
4813.75,0
4814.0,1
4814.5,0
4814.75,1
4816.5,0
4816.75,1
4817.25,0
4821.5,1
4821.75,0
4833.0,1
4841.5,0
4844.75,1
4845.0,0
4904.5,1
4904.75,0
4905.0,1
4906.0,0
4906.25,1
4906.5,0
4906.75,1
4908.25,0
4908.75,1
4909.25,0
4909.5,1
4910.0,0
4910.25,1
4911.0,0
4911.25,1
4912.75,0
4914.0,1
4914.25,0
4928.0,1
4928.25,0
4928.5,1
4929.5,0
4929.75,1
4932.75,0
4933.0,1
4933.5,0
4933.75,1
4937.0,0
4937.25,1
4937.5,0
4940.0,1
4940.5,0
4941.25,1
4941.5,0
4952.75,1
4953.0,0
4953.25,1
4956.25,0
4956.5,1
4959.0,0
4959.25,1
4961.25,0
4976.75,1
4980.0,0
4980.25,1
4983.25,0
4983.5,1
4984.0,0
4984.25,1
4985.5,0
5001.0,1
5002.0,0
5002.25,1
5006.5,0
5006.75,1
5009.0,0
5009.5,1
5009.75,0
5014.25,1
5014.5,0
5070.75,1
5071.0,0
5072.75,1
5079.25,0
5079.75,1
5080.75,0
5085.0,1
5085.25,0
5097.0,1
5105.25,0
5109.75,1
5110.0,0
5120.75,1
5121.25,0
5121.5,1
5125.0,0
5125.25,1
5129.5,0
5144.0,1
5144.25,0
5144.75,1
5146.25,0
5146.5,1
5148.5,0
5148.75,1
5152.75,0
5153.25,1
5153.75,0
5156.0,1
5156.25,0
5169.0,1
5177.5,0
5181.0,1
5181.25,0
5241.0,1
5243.25,0
5243.5,1
5243.75,0
5244.0,1
5244.75,0
5245.0,1
5249.25,0
5264.75,1
5268.25,0
5268.75,1
5269.0,0
5269.25,1
5273.5,0
5288.5,1
5290.0,0
5290.5,1
5292.0,0
5292.25,1
5297.25,0
5300.5,1
5300.75,0
5310.75,1
5311.0,0
5312.75,1
5313.0,0
5313.25,1
5313.75,0
5314.0,1
5315.75,0
5316.0,1
5321.25,0
5334.75,1
5335.0,0
5335.25,1
5335.5,0
5337.0,1
5342.5,0
5342.75,1
5345.5,0
5409.0,1
5411.0,0
5411.25,1
5412.75,0
5413.0,1
5416.25,0
5416.5,1
5417.75,0
5432.5,1
5436.0,0
5436.5,1
5439.75,0
5440.0,1
5440.75,0
5441.5,1
5441.75,0
5442.0,1
5442.25,0
5453.5,1
5453.75,0
5456.5,1
5457.25,0
5457.5,1
5460.25,0
5460.75,1
5461.75,0
5462.25,1
5462.5,0
5463.0,1
5463.5,0
5463.75,1
5466.0,0
5468.75,1
5469.25,0
5478.25,1
5478.75,0
5480.75,1
5481.5,0
5481.75,1
5482.5,0
5483.0,1
5484.5,0
5484.75,1
5486.0,0
5486.25,1
5487.5,0
5487.75,1
5489.25,0
5490.0,1
5490.25,0
5504.75,1
5505.0,0
5505.25,1
5512.75,0
5513.75,1
5514.0,0
5576.75,1
5580.0,0
5580.25,1
5580.5,0
5581.0,1
5585.5,0
5600.5,1
5607.0,0
5607.25,1
5608.75,0
5609.5,1
5609.75,0
5623.0,1
5623.25,0
5624.5,1
5624.75,0
5625.0,1
5626.25,0
5626.5,1
5633.25,0
5633.5,1
5633.75,0
5637.25,1
5637.5,0
5648.75,1
5649.0,0
5649.25,1
5653.5,0
5653.75,1
5654.0,0
5654.25,1
5657.25,0
5672.75,1
5675.0,0
5675.25,1
5676.75,0
5677.0,1
5677.75,0
5678.0,1
5681.25,0
5744.0,1
5744.75,0
5745.0,1
5747.25,0
5747.5,1
5748.25,0
5748.5,1
5750.0,0
5750.25,1
5753.25,0
5756.25,1
5756.5,0
5757.25,1
5757.75,0
5769.0,1
5777.0,0
5780.25,1
5780.5,0
5791.5,1
5791.75,0
5792.75,1
5797.25,0
5797.5,1
5800.5,0
5800.75,1
5801.0,0
5817.0,1
5825.75,0
5829.5,1
5829.75,0
5830.0,1
5830.25,0
5837.75,1
5838.0,0
5841.0,1
5844.5,0
5844.75,1
5849.5,0
5852.75,1
5853.0,0
5909.75,1
5910.0,0
5910.75,1
5911.0,0
5913.25,1
5915.5,0
5915.75,1
5916.75,0
5917.25,1
5918.5,0
5918.75,1
5920.0,0
5920.25,1
5920.5,0
5920.75,1
5921.25,0
5924.0,1
5924.25,0
5924.5,1
5925.0,0
5958.0,1
5958.25,0
5961.25,1
5969.75,0
5971.75,1
5972.0,0
5984.0,1
5984.25,0
5984.5,1
5984.75,0
5985.25,1
5988.75,0
5989.0,1
5993.5,0
6008.75,1
6009.0,0
6009.25,1
6011.5,0
6011.75,1
6012.25,0
6012.5,1
6013.25,0
6013.5,1
6013.75,0
6014.0,1
6017.25,0
6020.75,1
6021.0,0
6080.5,1
6084.5,0
6084.75,1
6085.75,0
6086.0,1
6089.0,0
6105.0,1
6108.25,0
6108.75,1
6109.5,0
6110.0,1
6113.25,0
6128.5,1
6129.0,0
6129.25,1
6129.5,0
6129.75,1
6130.25,0
6130.5,1
6131.25,0
6131.5,1
6132.25,0
6133.25,1
6137.0,0
6137.25,1
6137.5,0
6142.5,1
6143.0,0
6150.75,1
6151.0,0
6151.75,1
6152.0,0
6153.25,1
6161.25,0
6173.5,1
6173.75,0
6177.25,1
6179.0,0
6179.25,1
6183.0,0
6183.25,1
6183.75,0
6184.0,1
6185.75,0
6248.5,1
6248.75,0
6249.0,1
6253.25,0
6253.5,1
6255.75,0
6256.0,1
6256.5,0
6256.75,1
6257.25,0
6257.5,1
6257.75,0
6261.25,1
6261.5,0
6261.75,1
6262.0,0
6272.5,1
6280.25,0
6280.5,1
6281.5,0
6285.25,1
6285.5,0
6296.75,1
6300.0,0
6300.25,1
6305.5,0
6309.25,1
6309.5,0
6320.75,1
6327.75,0
6328.0,1
6328.5,0
6328.75,1
6329.5,0
6329.75,1
6330.0,0
6344.5,1
6348.5,0
6349.0,1
6351.25,0
6351.5,1
6353.0,0
6353.25,1
6353.5,0
6358.0,1
6358.25,0
6416.75,1
6418.0,0
6418.25,1
6418.5,0
6418.75,1
6422.5,0
6423.0,1
6424.5,0
6424.75,1
6425.25,0
6429.0,1
6429.25,0
6439.75,1
6440.0,0
6440.5,1
6441.0,0
6441.25,1
6445.25,0
6445.5,1
6449.5,0
6452.5,1
6452.75,0
6465.0,1
6466.5,0
6466.75,1
6468.75,0
6469.0,1
6469.5,0
6469.75,1
6473.0,0
6473.25,1
6473.5,0
6476.25,1
6476.5,0
6488.75,1
6489.0,0
6489.25,1
6491.75,0
6492.0,1
6497.0,0
6512.75,1
6515.75,0
6516.0,1
6517.25,0
6517.5,1
6519.25,0
6519.5,1
6521.25,0
6582.75,1
6583.0,0
6584.75,1
6589.75,0
6590.0,1
6593.25,0
6598.0,1
6598.25,0
6608.25,1
6608.75,0
6609.0,1
6609.25,0
6609.5,1
6611.25,0
6611.5,1
6615.75,0
6616.0,1
6617.25,0
6631.75,1
6632.0,0
6632.5,1
6641.25,0
6644.25,1
6644.75,0
6645.25,1
6645.5,0
6656.75,1
6657.0,0
6657.25,1
6659.75,0
6660.0,1
6661.5,0
6661.75,1
6665.25,0
6670.5,1
6670.75,0
6674.25,1
6674.75,0
6679.25,1
6679.5,0
6681.0,1
6685.5,0
6685.75,1
6689.75,0
6691.75,1
6692.0,0
6694.25,1
6694.5,0
6752.75,1
6755.75,0
6756.0,1
6761.5,0
6799.25,1
6799.5,0
6801.0,1
6808.5,0
6808.75,1
6809.0,0
6812.75,1
6813.0,0
6823.0,1
6823.25,0
6824.75,1
6825.0,0
6825.25,1
6833.25,0
6836.75,1
6837.0,0
6847.0,1
6847.25,0
6847.75,1
6848.25,0
6848.5,1
6849.0,0
6849.25,1
6854.25,0
6854.5,1
6855.25,0
6855.5,1
6856.0,0
6856.25,1
6856.5,0
6857.0,1
6857.25,0
6857.75,1
6858.0,0
6860.25,1
6860.5,0
6920.75,1
6921.0,0
6921.5,1
6925.75,0
6926.0,1
6928.25,0
6928.5,1
6929.25,0
6943.5,1
6943.75,0
6944.75,1
6946.25,0
6946.75,1
6947.25,0
6947.5,1
6948.25,0
6948.5,1
6951.75,0
6952.0,1
6953.25,0
6955.75,1
6956.0,0
6956.5,1
6956.75,0
6957.0,1
6957.25,0
6966.5,1
6966.75,0
6968.75,1
6971.25,0
6971.75,1
6972.0,0
6972.25,1
6976.5,0
6977.0,1
6977.25,0
6977.5,1
6977.75,0
6980.5,1
6980.75,0
6993.0,1
6998.75,0
6999.0,1
6999.25,0
6999.75,1
7001.25,0
7015.25,1
7015.5,0
7016.0,1
7016.25,0
7017.0,1
7017.25,0
7017.75,1
7020.0,0
7020.25,1
7020.5,0
7020.75,1
7023.75,0
7024.0,1
7024.75,0
7025.0,1
7025.25,0
7025.5,1
7026.0,0
7088.75,1
7097.5,0
7100.25,1
7100.5,0
7113.0,1
7119.25,0
7119.5,1
7121.25,0
7121.75,1
7122.0,0
7137.25,1
7143.5,0
7143.75,1
7145.5,0
7148.75,1
7149.0,0
7160.5,1
7164.5,0
7164.75,1
7165.0,0
7165.25,1
7166.5,0
7166.75,1
7167.5,0
7167.75,1
7169.25,0
7185.0,1
7187.5,0
7187.75,1
7188.25,0
7188.5,1
7189.0,0
7189.25,1
7193.25,0
7193.5,1
7193.75,0
7197.25,1
7197.75,0
7256.75,1
7257.5,0
7257.75,1
7261.0,0
7261.25,1
7263.75,0
7264.0,1
7265.25,0
7277.5,1
7277.75,0
7278.25,1
7278.5,0
7281.0,1
7281.5,0
7282.0,1
7285.25,0
7285.5,1
7287.5,0
7287.75,1
7288.0,0
7288.25,1
7289.25,0
7302.5,1
7302.75,0
7305.0,1
7313.5,0
7328.0,1
7328.25,0
7328.5,1
7335.75,0
7336.0,1
7336.25,0
7336.5,1
7337.25,0
7352.5,1
7357.25,0
7357.5,1
7361.25,0
7425.0,1
7433.0,0
7449.25,1
7451.5,0
7451.75,1
7453.0,0
7453.25,1
7457.25,0
7461.5,1
7461.75,0
7471.75,1
7472.0,0
7473.0,1
7475.25,0
7475.5,1
7476.0,0
7476.25,1
7481.25,0
7485.0,1
7485.25,0
7496.5,1
7505.5,0
7509.75,1
7510.0,0
7519.0,1
7519.25,0
7520.75,1
7521.25,0
7521.5,1
7524.0,0
7524.25,1
7528.75,0
7529.0,1
7529.5,0
7532.5,1
7532.75,0
7533.0,1
7533.25,0
7592.75,1
7598.0,0
7598.25,1
7598.5,0
7598.75,1
7599.75,0
7600.0,1
7601.5,0
7604.25,1
7604.5,0
7616.25,1
7616.5,0
7617.25,1
7625.5,0
7627.5,1
7627.75,0
7628.0,1
7628.25,0
7641.0,1
7641.5,0
7642.0,1
7642.5,0
7642.75,1
7645.0,0
7645.5,1
7646.25,0
7646.5,1
7649.0,0
7664.75,1
7668.75,0
7669.0,1
7673.0,0
7689.0,1
7693.5,0
7693.75,1
7696.25,0
7696.5,1
7697.75,0
7701.5,1
7701.75,0
7760.0,1
7760.25,0
7761.0,1
7761.75,0
7762.0,1
7766.5,0
7766.75,1
7767.75,0
7768.0,1
7769.25,0
7783.75,1
7784.0,0
7785.25,1
7786.0,0
7786.25,1
7788.0,0
7788.75,1
7789.0,0
7789.25,1
7790.0,0
7790.25,1
7793.75,0
7805.0,1
7805.25,0
7807.5,1
7808.0,0
7809.0,1
7811.5,0
7811.75,1
7817.0,0
7817.25,1
7817.5,0
7822.0,1
7822.5,0
7832.25,1
7834.75,0
7835.0,1
7841.25,0
7841.75,1
7842.0,0
7844.25,1
7844.5,0
7928.5,1
7929.25,0
7929.5,1
7932.25,0
7932.5,1
7937.25,0
7940.25,1
7940.5,0
7941.75,1
7942.0,0
7950.75,1
7951.0,0
7952.25,1
7952.5,0
7953.0,1
7957.5,0
7957.75,1
7961.5,0
7965.5,1
7965.75,0
7974.25,1
7974.5,0
7976.75,1
7979.75,0
7980.0,1
7985.0,0
7985.25,1
7985.75,0
8001.0,1
8001.5,0
8001.75,1
8002.0,0
8002.25,1
8009.0,0
8009.25,1
8009.75,0
8024.75,1
8027.5,0
8027.75,1
8032.5,0
8032.75,1
8033.5,0
8036.75,1
8037.0,0
8037.5,1
8037.75,0
8096.5,1
8097.5,0
8097.75,1
8100.5,0
8101.0,1
8102.0,0
8102.25,1
8105.25,0
8109.5,1
8109.75,0
8120.25,1
8120.5,0
8120.75,1
8121.0,0
8121.5,1
8124.25,0
8124.5,1
8129.25,0
8129.75,1
8130.0,0
8144.75,1
8145.25,0
8145.5,1
8146.25,0
8146.5,1
8150.0,0
8150.25,1
8153.0,0
8153.5,1
8153.75,0
8157.75,1
8158.0,0
8169.0,1
8169.5,0
8170.0,1
8177.25,0
8192.75,1
8197.25,0
8197.5,1
8201.0,0
8258.75,1
8259.0,0
8264.75,1
8269.25,0
8269.5,1
8273.0,0
8273.5,1
8273.75,0
8274.25,1
8274.5,0
8288.5,1
8289.0,0
8289.25,1
8292.75,0
8293.0,1
8297.25,0
8302.0,1
8302.25,0
8312.5,1
8321.0,0
8321.25,1
8322.0,0
8334.25,1
8334.5,0
8337.0,1
8341.0,0
8341.25,1
8341.5,0
8341.75,1
8345.5,0
8348.0,1
8348.25,0
8349.0,1
8349.25,0
8349.5,1
8349.75,0
8359.25,1
8359.5,0
8360.75,1
8364.25,0
8364.5,1
8369.75,0
8432.5,1
8437.0,0
8437.25,1
8441.25,0
8442.0,1
8442.25,0
8444.5,1
8444.75,0
8456.0,1
8459.0,0
8459.25,1
8462.0,0
8462.25,1
8464.25,0
8464.5,1
8465.0,0
8470.5,1
8470.75,0
8480.75,1
8485.0,0
8485.25,1
8489.25,0
8489.5,1
8489.75,0
8503.0,1
8503.25,0
8505.0,1
8509.25,0
8509.5,1
8512.25,0
8512.5,1
8513.25,0
8528.5,1
8528.75,0
8529.0,1
8529.25,0
8529.5,1
8530.5,0
8530.75,1
8531.5,0
8531.75,1
8532.5,0
8532.75,1
8533.75,0
8534.0,1
8536.75,0
8537.0,1
8537.25,0
8537.5,1
8537.75,0
8624.25,1
8627.5,0
8627.75,1
8633.25,0
8637.75,1
8638.0,0
8646.0,1
8646.25,0
8647.25,1
8647.5,0
8648.75,1
8649.0,0
8649.5,1
8649.75,0
8650.0,1
8655.25,0
8655.5,1
8657.25,0
8661.25,1
8661.5,0
8670.25,1
8670.5,0
8673.75,1
8675.25,0
8675.5,1
8681.5,0
8682.0,1
8682.25,0
8686.5,1
8686.75,0
8696.5,1
8698.0,0
8698.25,1
8699.25,0
8699.5,1
8699.75,0
8700.0,1
8705.25,0
