#1


float Room-218C (1365,2)
0.0,0
32.25,1
41.0,0
41.25,1
41.75,0
46.25,1
46.5,0
56.25,1
65.75,0
69.25,1
69.5,0
80.5,1
89.25,0
94.25,1
94.5,0
104.75,1
113.5,0
114.5,1
114.75,0
128.5,1
137.5,0
140.75,1
141.0,0
200.25,1
209.5,0
212.25,1
212.5,0
213.75,1
214.0,0
221.25,1
221.5,0
224.5,1
233.25,0
236.0,1
236.25,0
236.75,1
237.0,0
248.75,1
257.5,0
260.25,1
260.5,0
261.5,1
261.75,0
272.25,1
272.5,0
272.75,1
281.25,0
285.0,1
285.25,0
291.75,1
292.0,0
294.5,1
294.75,0
295.75,1
296.0,0
296.75,1
305.75,0
308.5,1
308.75,0
309.0,1
309.25,0
368.75,1
377.25,0
390.0,1
390.25,0
393.0,1
400.25,0
400.5,1
401.25,0
401.5,1
401.75,0
402.25,1
402.5,0
405.75,1
406.0,0
441.0,1
449.5,0
464.5,1
473.5,0
474.0,1
474.25,0
477.0,1
477.25,0
536.0,1
543.5,0
543.75,1
545.75,0
549.0,1
549.75,0
560.0,1
569.75,0
570.25,1
570.5,0
582.25,1
582.5,0
584.75,1
593.25,0
606.25,1
606.5,0
608.5,1
617.5,0
620.0,1
620.25,0
630.25,1
630.5,0
632.75,1
635.75,0
636.0,1
641.75,0
644.5,1
645.0,0
704.25,1
704.5,0
704.75,1
713.25,0
713.5,1
713.75,0
726.0,1
726.25,0
728.5,1
737.25,0
739.25,1
739.5,0
741.5,1
741.75,0
750.25,1
750.5,0
752.5,1
753.0,0
753.25,1
761.75,0
773.75,1
774.0,0
775.0,1
775.25,0
776.5,1
785.75,0
800.5,1
800.75,0
801.0,1
808.75,0
809.0,1
809.5,0
813.0,1
813.25,0
872.25,1
872.5,0
872.75,1
881.5,0
895.5,1
895.75,0
897.0,1
905.75,0
918.75,1
919.0,0
920.75,1
929.25,0
941.75,1
942.0,0
944.5,1
952.75,0
953.0,1
953.5,0
968.75,1
976.5,0
976.75,1
978.0,0
981.0,1
981.25,0
981.5,1
981.75,0
1040.0,1
1040.5,0
1041.25,1
1049.5,0
1054.75,1
1055.0,0
1064.25,1
1072.75,0
1073.0,1
1073.5,0
1076.75,1
1077.0,0
1112.5,1
1119.0,0
1119.25,1
1121.25,0
1136.0,1
1145.0,0
1149.25,1
1149.5,0
1150.0,1
1150.25,0
1206.25,1
1206.5,0
1208.5,1
1217.25,0
1217.5,1
1217.75,0
1218.0,1
1218.25,0
1233.0,1
1241.75,0
1245.5,1
1245.75,0
1256.0,1
1256.25,0
1256.5,1
1265.25,0
1268.75,1
1269.0,0
1279.75,1
1280.0,0
1280.75,1
1289.25,0
1304.25,1
1313.5,0
1376.75,1
1385.5,0
1387.75,1
1388.0,0
1401.0,1
1409.5,0
1409.75,1
1410.0,0
1421.75,1
1422.0,0
1422.25,1
1422.5,0
1424.0,1
1433.25,0
1448.25,1
1457.25,0
1459.25,1
1459.5,0
1473.0,1
1473.25,0
1473.5,1
1481.75,0
1541.25,1
1541.5,0
1542.0,1
1542.25,0
1544.25,1
1553.5,0
1556.25,1
1556.5,0
1567.5,1
1567.75,0
1568.5,1
1575.75,0
1576.0,1
1577.5,0
1580.25,1
1580.5,0
1591.25,1
1591.5,0
1592.5,1
1601.25,0
1601.5,1
1601.75,0
1605.0,1
1605.25,0
1615.5,1
1615.75,0
1616.5,1
1616.75,0
1617.25,1
1625.25,0
1625.5,1
1625.75,0
1639.75,1
1640.0,0
1641.0,1
1649.75,0
1650.0,1
1650.25,0
1712.75,1
1713.0,0
1713.25,1
1721.25,0
1721.5,1
1721.75,0
1725.0,1
1725.25,0
1725.5,1
1725.75,0
1736.25,1
1745.5,0
1745.75,1
1746.0,0
1760.5,1
1764.25,0
1764.5,1
1769.25,0
1784.25,1
1793.75,0
1806.75,1
1807.0,0
1808.5,1
1809.25,0
1809.5,1
1817.0,0
1880.0,1
1889.25,0
1889.5,1
1889.75,0
1893.0,1
1893.25,0
1903.0,1
1903.25,0
1905.0,1
1905.25,0
1905.5,1
1913.0,0
1913.5,1
1914.0,0
1916.5,1
1916.75,0
1925.75,1
1926.0,0
1927.0,1
1927.25,0
1928.5,1
1937.75,0
1942.0,1
1942.25,0
1950.25,1
1950.5,0
1952.75,1
1961.5,0
1975.75,1
1976.0,0
1976.5,1
1976.75,0
1977.0,1
1985.75,0
1989.5,1
1989.75,0
2048.75,1
2057.75,0
2060.75,1
2061.0,0
2071.25,1
2071.5,0
2072.5,1
2081.25,0
2081.75,1
2082.0,0
2096.75,1
2105.75,0
2108.75,1
2109.0,0
2119.75,1
2120.0,0
2121.0,1
2129.75,0
2133.5,1
2134.0,0
2144.75,1
2153.25,0
2215.0,1
2215.25,0
2216.75,1
2225.25,0
2225.75,1
2226.0,0
2227.25,1
2227.5,0
2238.25,1
2238.5,0
2240.25,1
2249.5,0
2264.75,1
2272.25,0
2272.5,1
2274.0,0
2277.0,1
2277.5,0
2287.25,1
2287.5,0
2288.75,1
2297.75,0
2310.5,1
2310.75,0
2312.5,1
2321.25,0
2321.5,1
2321.75,0
2325.0,1
2325.25,0
2382.75,1
2383.0,0
2384.0,1
2394.0,0
2406.0,1
2406.25,0
2408.25,1
2408.5,0
2409.0,1
2417.5,0
2432.75,1
2442.25,0
2445.0,1
2445.25,0
2453.75,1
2454.0,0
2456.25,1
2465.75,0
2479.75,1
2480.0,0
2480.75,1
2489.25,0
2489.5,1
2489.75,0
2550.25,1
2550.5,0
2551.5,1
2551.75,0
2552.5,1
2561.5,0
2566.0,1
2566.25,0
2576.75,1
2585.25,0
2585.5,1
2585.75,0
2600.75,1
2609.75,0
2624.5,1
2633.25,0
2636.75,1
2637.0,0
2647.75,1
2649.0,0
2649.25,1
2658.5,0
2718.25,1
2718.5,0
2718.75,1
2719.0,0
2720.5,1
2721.0,0
2721.25,1
2729.25,0
2731.75,1
2732.0,0
2733.25,1
2733.5,0
2742.25,1
2742.5,0
2743.25,1
2743.5,0
2744.25,1
2744.5,0
2745.0,1
2753.5,0
2768.0,1
2777.5,0
2780.5,1
2780.75,0
2792.25,1
2802.25,0
2813.75,1
2814.0,0
2815.75,1
2816.0,0
2816.75,1
2824.75,0
2825.0,1
2825.75,0
2828.0,1
2828.25,0
2888.5,1
2898.0,0
2900.75,1
2901.0,0
2901.25,1
2901.5,0
2912.25,1
2912.5,0
2912.75,1
2921.5,0
2937.25,1
2945.75,0
2950.0,1
2950.25,0
2957.75,1
2958.0,0
2960.5,1
2969.5,0
2984.5,1
2993.75,0
3053.0,1
3053.25,0
3055.75,1
3056.0,0
3056.75,1
3065.25,0
3065.5,1
3065.75,0
3080.25,1
3080.75,0
3081.0,1
3089.75,0
3102.5,1
3102.75,0
3103.75,1
3113.0,0
3113.25,1
3113.5,0
3117.75,1
3118.25,0
3126.75,1
3127.25,0
3128.25,1
3138.25,0
3140.75,1
3141.0,0
3141.25,1
3141.75,0
3149.5,1
3149.75,0
3151.5,1
3151.75,0
3152.0,1
3162.0,0
3223.75,1
3224.5,0
3224.75,1
3233.25,0
3248.25,1
3257.75,0
3260.75,1
3261.0,0
3272.25,1
3281.5,0
3284.5,1
3284.75,0
3295.0,1
3295.25,0
3296.5,1
3300.0,0
3300.25,1
3305.0,0
3305.5,1
3305.75,0
3308.0,1
3308.25,0
3320.5,1
3320.75,0
3321.25,1
3329.0,0
3329.25,1
3329.75,0
3390.25,1
3390.5,0
3392.75,1
3401.25,0
3416.5,1
3425.25,0
3425.5,1
3425.75,0
3440.75,1
3449.75,0
3464.0,1
3464.5,0
3465.0,1
3473.0,0
3473.5,1
3474.0,0
3488.5,1
3488.75,0
3489.0,1
3497.75,0
3501.25,1
3501.5,0
3560.5,1
3570.0,0
3572.25,1
3572.5,0
3608.25,1
3617.25,0
3632.5,1
3641.5,0
3646.25,1
3646.5,0
3656.0,1
3665.75,0
3666.25,1
3666.5,0
3669.25,1
3669.5,0
3728.5,1
3737.25,0
3741.5,1
3741.75,0
3752.75,1
3761.25,0
3776.5,1
3785.5,0
3788.0,1
3788.25,0
3800.25,1
3809.25,0
3813.5,1
3813.75,0
3824.25,1
3831.75,0
3832.0,1
3833.75,0
3836.5,1
3836.75,0
3896.5,1
3905.5,0
3920.5,1
3929.25,0
3933.5,1
3933.75,0
3944.25,1
3954.0,0
3965.5,1
3965.75,0
3968.75,1
3977.25,0
3977.75,1
3978.0,0
3990.0,1
3990.25,0
3992.25,1
3992.5,0
3993.25,1
4001.5,0
4004.75,1
4005.0,0
4063.0,1
4063.25,0
4063.75,1
4064.0,0
4064.75,1
4073.75,0
4075.5,1
4075.75,0
4088.25,1
4097.5,0
4100.75,1
4101.0,0
4110.0,1
4110.25,0
4112.25,1
4113.0,0
4113.25,1
4121.25,0
4135.5,1
4136.0,0
4136.25,1
4136.5,0
4137.25,1
4146.0,0
4147.5,1
4147.75,0
4160.0,1
4160.5,0
4161.25,1
4169.0,0
4169.25,1
4170.0,0
4232.5,1
4241.75,0
4244.25,1
4244.5,0
4256.5,1
4266.25,0
4279.5,1
4279.75,0
4280.0,1
4280.5,0
4280.75,1
4281.0,0
4281.25,1
4289.25,0
4303.25,1
4303.5,0
4304.5,1
4313.5,0
4328.25,1
4328.5,0
4329.0,1
4338.0,0
4400.5,1
4410.25,0
4446.75,1
4447.25,0
4448.5,1
4457.75,0
4472.25,1
4481.5,0
4495.75,1
4496.5,0
4496.75,1
4505.0,0
4509.25,1
4509.5,0
4568.0,1
4577.25,0
4593.0,1
4601.25,0
4601.5,1
4601.75,0
4605.5,1
4605.75,0
4616.5,1
4625.5,0
4625.75,1
4626.0,0
4629.0,1
4629.25,0
4640.75,1
4650.0,0
4665.0,1
4673.75,0
4736.5,1
4745.75,0
4760.5,1
4769.5,0
4772.0,1
4772.25,0
4784.25,1
4784.5,0
4784.75,1
4793.25,0
4793.75,1
4794.0,0
4798.0,1
4798.25,0
4807.0,1
4807.25,0
4808.25,1
4808.5,0
4808.75,1
4809.0,0
4809.25,1
4817.25,0
4817.5,1
4817.75,0
4832.75,1
4833.75,0
4834.0,1
4841.75,0
4842.0,1
4842.25,0
4903.25,1
4903.5,0
4904.25,1
4904.5,0
4905.0,1
4913.25,0
4917.5,1
4917.75,0
4928.5,1
4936.75,0
4937.5,1
4938.0,0
4940.25,1
4940.5,0
4942.75,1
4943.0,0
4952.25,1
4961.5,0
4975.75,1
4985.25,0
4985.5,1
4985.75,0
4998.0,1
4998.25,0
5000.0,1
5009.5,0
5070.5,1
5070.75,0
5073.0,1
5081.5,0
5095.0,1
5095.5,0
5096.75,1
5097.5,0
5097.75,1
5105.5,0
5120.5,1
5130.0,0
5142.5,1
5142.75,0
5144.0,1
5144.5,0
5145.0,1
5152.0,0
5152.5,1
5154.0,0
5155.75,1
5156.0,0
5166.25,1
5166.5,0
5168.5,1
5177.5,0
5180.0,1
5180.25,0
5240.75,1
5246.0,0
5246.25,1
5249.25,0
5252.25,1
5252.5,0
5264.5,1
5265.0,0
5265.5,1
5268.25,0
5268.5,1
5272.75,0
5273.0,1
5273.25,0
5273.5,1
5273.75,0
5287.75,1
5288.0,0
5288.5,1
5297.5,0
5310.5,1
5310.75,0
5312.5,1
5319.75,0
5320.0,1
5322.0,0
5324.25,1
5324.5,0
5336.5,1
5345.25,0
5408.5,1
5417.75,0
5421.25,1
5421.5,0
5422.25,1
5422.5,0
5432.5,1
5441.75,0
5454.0,1
5454.25,0
5456.5,1
5465.0,0
5465.25,1
5465.75,0
5481.0,1
5490.5,0
5492.25,1
5492.5,0
5502.5,1
5502.75,0
5504.5,1
5512.75,0
5513.0,1
5513.75,0
5575.25,1
5575.5,0
5577.0,1
5585.5,0
5588.5,1
5588.75,0
5599.75,1
5600.0,0
5600.5,1
5608.75,0
5609.0,1
5609.75,0
5614.75,1
5615.0,0
5623.75,1
5624.0,0
5624.75,1
5625.0,0
5625.25,1
5629.5,0
5629.75,1
5633.0,0
5633.5,1
5633.75,0
5636.75,1
5637.0,0
5646.75,1
5647.0,0
5648.5,1
5657.0,0
5657.25,1
5657.5,0
5670.0,1
5670.25,0
5671.75,1
5672.0,0
5672.5,1
5682.0,0
5742.25,1
5742.5,0
5744.0,1
5744.25,0
5744.5,1
5753.75,0
5756.25,1
5756.5,0
5756.75,1
5757.0,0
5757.25,1
5757.5,0
5757.75,1
5758.0,0
5766.25,1
5766.5,0
5768.25,1
5778.0,0
5791.0,1
5791.25,0
5792.5,1
5801.75,0
5814.75,1
5815.0,0
5815.25,1
5815.5,0
5816.75,1
5823.0,0
5823.25,1
5825.75,0
5828.75,1
5829.0,0
5840.25,1
5841.0,0
5841.25,1
5843.5,0
5843.75,1
5849.0,0
5851.25,1
5851.5,0
5852.5,1
5852.75,0
5909.5,1
5909.75,0
5910.5,1
5910.75,0
5913.0,1
5921.25,0
5923.5,1
5923.75,0
5924.25,1
5924.5,0
5959.75,1
5960.25,0
5961.0,1
5969.5,0
5984.5,1
5984.75,0
5985.0,1
5993.5,0
5996.0,1
5996.25,0
5996.5,1
5996.75,0
6008.75,1
6017.5,0
6078.75,1
6079.0,0
6079.25,1
6079.5,0
6080.25,1
6089.75,0
6105.0,1
6112.75,0
6113.0,1
6113.25,0
6116.5,1
6116.75,0
6126.5,1
6126.75,0
6128.75,1
6132.75,0
6133.0,1
6137.75,0
6151.25,1
6151.5,0
6152.5,1
6161.25,0
6165.25,1
6165.5,0
6175.5,1
6176.0,0
6176.5,1
6185.25,0
6248.5,1
6257.0,0
6261.25,1
6261.5,0
6271.25,1
6271.5,0
6272.25,1
6272.5,0
6272.75,1
6281.5,0
6285.75,1
6286.0,0
6297.0,1
6306.0,0
6309.0,1
6309.25,0
6320.5,1
6328.75,0
6329.25,1
6329.75,0
6342.25,1
6342.5,0
6344.75,1
6345.25,0
6345.5,1
6354.0,0
6416.5,1
6425.5,0
6429.25,1
6429.5,0
6439.5,1
6439.75,0
6440.5,1
6446.0,0
6446.25,1
6449.5,0
6451.0,1
6451.25,0
6464.5,1
6473.25,0
6473.5,1
6473.75,0
6488.5,1
6497.5,0
6512.75,1
6521.25,0
6521.5,1
6521.75,0
6525.0,1
6525.25,0
6525.5,1
6525.75,0
6584.75,1
6593.75,0
6595.5,1
6595.75,0
6608.75,1
6611.75,0
6612.25,1
6617.25,0
6620.25,1
6620.5,0
6621.25,1
6621.5,0
6632.75,1
6641.75,0
6656.75,1
6660.0,0
6660.25,1
6665.75,0
6679.75,1
6680.0,0
6680.25,1
6680.5,0
6680.75,1
6689.5,0
6689.75,1
6690.0,0
6692.0,1
6692.25,0
6752.5,1
6755.75,0
6756.0,1
6761.5,0
6764.5,1
6764.75,0
6765.25,1
6765.5,0
6798.25,1
6798.5,0
6800.5,1
6809.25,0
6824.25,1
6833.75,0
6848.25,1
6857.5,0
6860.5,1
6860.75,0
6862.25,1
6862.5,0
6917.75,1
6918.0,0
6918.5,1
6918.75,0
6920.75,1
6928.5,0
6928.75,1
6930.25,0
6944.25,1
6954.0,0
6967.75,1
6968.25,0
6968.75,1
6977.5,0
6980.0,1
6980.25,0
6992.75,1
7002.0,0
7016.25,1
7026.0,0
7089.0,1
7097.5,0
7097.75,1
7098.0,0
7112.25,1
7121.5,0
7124.0,1
7124.5,0
7136.25,1
7145.75,0
7148.5,1
7149.0,0
7149.25,1
7149.75,0
7160.5,1
7165.0,0
7165.25,1
7169.5,0
7184.75,1
7193.25,0
7257.0,1
7265.0,0
7265.5,1
7266.25,0
7279.25,1
7279.5,0
7280.25,1
7289.25,0
7289.5,1
7289.75,0
7294.5,1
7294.75,0
7305.0,1
7313.5,0
7315.75,1
7316.0,0
7327.75,1
7328.0,0
7328.25,1
7337.5,0
7341.0,1
7341.5,0
7352.5,1
7361.25,0
7364.25,1
7364.5,0
7422.75,1
7423.0,0
7423.75,1
7424.0,0
7424.75,1
7433.25,0
7448.5,1
7449.25,0
7449.5,1
7457.0,0
7457.25,1
7457.5,0
7462.5,1
7462.75,0
7471.0,1
7471.25,0
7472.5,1
7481.5,0
7484.75,1
7485.0,0
7496.25,1
7505.5,0
7518.5,1
7518.75,0
7520.25,1
7520.5,0
7520.75,1
7521.0,0
7521.25,1
7529.5,0
7532.0,1
7532.25,0
7590.0,1
7590.25,0
7591.25,1
7591.5,0
7592.25,1
7601.25,0
7616.25,1
7616.5,0
7616.75,1
7625.25,0
7625.5,1
7625.75,0
7629.25,1
7629.5,0
7632.25,1
7632.5,0
7641.25,1
7649.25,0
7649.5,1
7649.75,0
7651.25,1
7651.5,0
7653.75,1
7654.0,0
7661.5,1
7661.75,0
7662.75,1
7663.0,0
7665.0,1
7673.75,0
7688.75,1
7697.5,0
7701.75,1
7702.0,0
7760.0,1
7760.25,0
7760.5,1
7769.5,0
7772.0,1
7772.25,0
7783.25,1
7783.5,0
7784.0,1
7793.5,0
7806.0,1
7806.25,0
7809.0,1
7816.75,0
7817.0,1
7817.25,0
7817.5,1
7817.75,0
7831.75,1
7832.0,0
7832.25,1
7841.25,0
7841.5,1
7842.0,0
7929.25,1
7937.75,0
7940.25,1
7940.5,0
7951.75,1
7952.0,0
7953.0,1
7962.0,0
7976.25,1
7976.5,0
7976.75,1
7985.25,0
7985.5,1
7986.5,0
7998.5,1
7998.75,0
8000.5,1
8009.75,0
8013.25,1
8013.5,0
8024.5,1
8033.5,0
8036.0,1
8036.25,0
8096.75,1
8105.25,0
8108.5,1
8108.75,0
8109.5,1
8109.75,0
8121.0,1
8129.5,0
8144.5,1
8153.5,0
8156.75,1
8157.0,0
8166.5,1
8166.75,0
8168.75,1
8178.0,0
8190.25,1
8190.5,0
8193.0,1
8201.5,0
8204.5,1
8204.75,0
8257.0,1
8257.25,0
8258.25,1
8258.5,0
8262.0,1
8262.25,0
8262.5,1
8262.75,0
8264.25,1
8264.5,0
8265.25,1
8273.5,0
8286.25,1
8286.5,0
8288.25,1
8296.75,0
8312.5,1
8321.5,0
8322.0,1
8322.75,0
8336.75,1
8345.5,0
8358.75,1
8359.0,0
8360.5,1
8370.0,0
8432.0,1
8441.75,0
8445.75,1
8446.0,0
8454.75,1
8455.0,0
8456.75,1
8465.25,0
8466.0,1
8466.25,0
8480.75,1
8489.0,0
8489.25,1
8490.0,0
8492.0,1
8492.25,0
8504.75,1
8513.25,0
8513.5,1
8513.75,0
8527.5,1
8527.75,0
8528.75,1
8537.5,0
8624.5,1
8624.75,0
8625.0,1
8633.25,0
8647.0,1
8647.25,0
8649.0,1
8653.5,0
8653.75,1
8657.75,0
8672.5,1
8681.25,0
8684.25,1
8684.5,0
8686.0,1
8686.25,0
8694.75,1
8695.25,0
8697.0,1
8705.5,0
8706.0,1
8706.25,0
