#1


float Room-128 (2073,2)
0.0,0
31.75,1
32.0,0
33.0,1
36.5,0
36.75,1
39.0,0
39.25,1
40.75,0
55.25,1
55.5,0
56.5,1
58.75,0
59.0,1
59.5,0
59.75,1
64.75,0
65.0,1
65.25,0
81.0,1
83.75,0
84.0,1
89.5,0
92.0,1
92.25,0
104.75,1
105.5,0
106.0,1
108.5,0
108.75,1
111.25,0
111.5,1
113.0,0
113.25,1
113.5,0
116.5,1
116.75,0
118.0,1
118.25,0
126.25,1
126.5,0
129.0,1
137.5,0
201.0,1
201.5,0
201.75,1
203.5,0
203.75,1
204.25,0
204.5,1
204.75,0
205.25,1
209.25,0
214.25,1
214.5,0
224.75,1
233.75,0
247.25,1
247.5,0
248.0,1
248.25,0
248.75,1
250.75,0
251.0,1
251.75,0
252.0,1
252.25,0
252.5,1
256.5,0
256.75,1
257.5,0
260.75,1
261.0,0
271.25,1
271.5,0
273.0,1
277.0,0
277.25,1
281.0,0
284.5,1
284.75,0
287.75,1
288.0,0
294.0,1
294.5,0
297.0,1
301.5,0
301.75,1
302.25,0
302.5,1
303.5,0
303.75,1
305.25,0
305.75,1
306.0,0
368.25,1
368.5,0
369.0,1
369.5,0
369.75,1
373.5,0
373.75,1
374.0,0
374.25,1
377.25,0
380.25,1
380.5,0
393.0,1
400.75,0
401.25,1
402.0,0
402.25,1
402.5,0
404.0,1
404.25,0
440.25,1
440.5,0
441.25,1
442.5,0
442.75,1
444.75,0
445.0,1
448.0,0
448.25,1
449.5,0
454.0,1
454.25,0
464.5,1
464.75,0
465.25,1
468.0,0
468.25,1
473.5,0
477.25,1
477.5,0
533.75,1
534.0,0
535.75,1
536.0,0
536.5,1
538.0,0
538.25,1
539.5,0
539.75,1
541.5,0
541.75,1
544.75,0
545.0,1
545.25,0
560.75,1
564.75,0
565.0,1
565.5,0
566.0,1
568.0,0
568.25,1
569.5,0
582.75,1
583.0,0
584.75,1
591.25,0
591.5,1
593.25,0
609.25,1
614.5,0
614.75,1
617.75,0
633.0,1
641.0,0
704.25,1
704.5,0
704.75,1
705.0,0
705.5,1
708.75,0
709.0,1
709.75,0
710.0,1
712.75,0
713.0,1
713.75,0
716.0,1
716.25,0
716.75,1
717.0,0
727.5,1
727.75,0
728.75,1
737.0,0
737.25,1
737.5,0
739.0,1
739.25,0
741.25,1
741.5,0
752.5,1
761.75,0
764.5,1
764.75,0
776.0,1
776.25,0
776.75,1
782.0,0
782.25,1
782.5,0
782.75,1
785.25,0
800.75,1
802.25,0
802.5,1
803.75,0
804.0,1
806.25,0
806.5,1
809.5,0
809.75,1
810.0,0
873.0,1
880.5,0
880.75,1
881.25,0
896.75,1
897.0,0
897.25,1
901.75,0
902.0,1
903.5,0
903.75,1
904.25,0
904.5,1
905.25,0
905.5,1
905.75,0
918.25,1
918.5,0
921.0,1
929.5,0
931.75,1
932.0,0
934.5,1
934.75,0
943.75,1
944.0,0
944.5,1
951.5,0
951.75,1
953.25,0
955.75,1
956.0,0
958.25,1
958.5,0
969.5,1
973.0,0
973.25,1
975.5,0
975.75,1
977.5,0
1040.75,1
1041.25,0
1041.5,1
1044.75,0
1045.25,1
1049.0,0
1049.25,1
1049.5,0
1064.75,1
1065.0,0
1065.5,1
1069.25,0
1069.75,1
1072.25,0
1072.5,1
1072.75,0
1073.0,1
1073.25,0
1112.25,1
1114.0,0
1114.25,1
1119.5,0
1119.75,1
1120.5,0
1120.75,1
1121.25,0
1121.5,1
1121.75,0
1126.75,1
1127.0,0
1136.5,1
1137.5,0
1137.75,1
1145.0,0
1148.0,1
1148.25,0
1149.25,1
1149.5,0
1207.5,1
1207.75,0
1208.5,1
1211.25,0
1211.5,1
1217.5,0
1233.0,1
1241.0,0
1241.25,1
1241.5,0
1254.25,1
1254.5,0
1255.5,1
1255.75,0
1256.5,1
1261.0,0
1261.25,1
1265.5,0
1278.5,1
1278.75,0
1280.75,1
1281.0,0
1281.25,1
1284.0,0
1284.25,1
1285.5,0
1285.75,1
1289.0,0
1289.25,1
1289.5,0
1293.0,1
1293.25,0
1293.5,1
1293.75,0
1294.25,1
1294.5,0
1304.75,1
1305.0,0
1305.25,1
1312.0,0
1312.25,1
1313.25,0
1313.75,1
1314.0,0
1374.75,1
1375.0,0
1375.25,1
1375.5,0
1376.5,1
1381.75,0
1382.0,1
1385.25,0
1390.0,1
1390.25,0
1400.75,1
1404.75,0
1405.0,1
1405.25,0
1405.5,1
1407.25,0
1407.5,1
1409.0,0
1409.25,1
1409.5,0
1412.75,1
1413.0,0
1422.0,1
1422.25,0
1423.0,1
1423.25,0
1425.0,1
1428.25,0
1428.5,1
1433.25,0
1446.25,1
1446.5,0
1447.75,1
1448.0,0
1448.5,1
1449.0,0
1449.25,1
1455.5,0
1455.75,1
1457.25,0
1472.0,1
1472.25,0
1473.0,1
1474.0,0
1474.25,1
1477.5,0
1478.5,1
1481.0,0
1481.25,1
1481.5,0
1544.75,1
1545.0,0
1545.25,1
1545.5,0
1545.75,1
1548.5,0
1548.75,1
1549.0,0
1549.25,1
1553.5,0
1568.5,1
1577.0,0
1580.5,1
1580.75,0
1589.5,1
1589.75,0
1592.75,1
1596.5,0
1596.75,1
1597.25,0
1597.5,1
1600.0,0
1600.25,1
1601.0,0
1604.5,1
1604.75,0
1616.75,1
1618.0,0
1618.25,1
1619.5,0
1619.75,1
1620.0,0
1620.25,1
1622.75,0
1623.0,1
1624.75,0
1625.0,1
1625.25,0
1640.75,1
1641.25,0
1641.5,1
1649.5,0
1653.75,1
1654.0,0
1713.0,1
1717.0,0
1717.25,1
1721.5,0
1724.25,1
1724.5,0
1725.25,1
1725.5,0
1737.25,1
1740.0,0
1740.25,1
1741.25,0
1741.5,1
1745.5,0
1747.75,1
1748.0,0
1760.5,1
1769.5,0
1782.25,1
1782.5,0
1784.75,1
1785.0,0
1785.25,1
1785.5,0
1785.75,1
1786.25,0
1786.5,1
1787.25,0
1787.5,1
1793.25,0
1793.5,1
1793.75,0
1796.5,1
1796.75,0
1807.0,1
1807.25,0
1809.0,1
1815.75,0
1816.0,1
1817.75,0
1820.25,1
1820.5,0
1821.25,1
1821.5,0
1880.75,1
1885.25,0
1885.5,1
1888.0,0
1888.5,1
1889.75,0
1892.75,1
1893.0,0
1904.5,1
1904.75,0
1905.0,1
1907.0,0
1907.25,1
1913.25,0
1929.0,1
1936.75,0
1940.75,1
1941.0,0
1952.25,1
1957.0,0
1957.25,1
1961.5,0
1977.0,1
1984.5,0
2048.5,1
2048.75,0
2049.0,1
2054.75,0
2055.0,1
2056.0,0
2056.25,1
2057.0,0
2057.25,1
2057.5,0
2070.75,1
2071.0,0
2071.75,1
2072.0,0
2073.0,1
2074.0,0
2074.25,1
2075.25,0
2075.5,1
2078.5,0
2078.75,1
2079.0,0
2079.5,1
2081.25,0
2096.5,1
2096.75,0
2097.25,1
2100.5,0
2101.0,1
2105.5,0
2121.0,1
2121.25,0
2121.5,1
2124.0,0
2124.25,1
2124.5,0
2124.75,1
2129.25,0
2143.25,1
2143.5,0
2143.75,1
2144.0,0
2145.25,1
2149.0,0
2149.25,1
2153.0,0
2215.5,1
2215.75,0
2216.5,1
2225.0,0
2225.25,1
2225.5,0
2240.75,1
2241.25,0
2241.5,1
2242.0,0
2242.5,1
2243.5,0
2243.75,1
2244.0,0
2244.25,1
2249.5,0
2253.0,1
2253.25,0
2264.75,1
2266.25,0
2266.5,1
2268.25,0
2268.5,1
2269.75,0
2270.0,1
2270.5,0
2270.75,1
2271.25,0
2271.5,1
2273.25,0
2273.75,1
2274.0,0
2288.75,1
2296.5,0
2296.75,1
2297.0,0
2313.0,1
2321.0,0
2325.25,1
2325.5,0
2384.25,1
2384.5,0
2385.0,1
2389.75,0
2390.25,1
2390.5,0
2390.75,1
2393.25,0
2393.5,1
2393.75,0
2394.0,1
2394.25,0
2397.75,1
2398.0,0
2398.75,1
2399.0,0
2408.5,1
2408.75,0
2409.0,1
2411.0,0
2411.25,1
2412.5,0
2413.0,1
2414.5,0
2414.75,1
2415.0,0
2415.25,1
2417.75,0
2430.75,1
2431.0,0
2432.75,1
2441.5,0
2457.0,1
2457.5,0
2457.75,1
2461.0,0
2461.25,1
2465.25,0
2465.5,1
2465.75,0
2468.25,1
2468.5,0
2481.0,1
2485.0,0
2485.25,1
2489.75,0
2552.5,1
2555.25,0
2555.5,1
2560.75,0
2561.0,1
2561.25,0
2561.5,1
2561.75,0
2577.0,1
2578.5,0
2579.0,1
2581.5,0
2581.75,1
2583.25,0
2583.5,1
2584.75,0
2585.0,1
2585.25,0
2598.0,1
2598.25,0
2601.25,1
2604.25,0
2604.5,1
2608.75,0
2609.0,1
2609.25,0
2609.75,1
2610.0,0
2623.0,1
2623.25,0
2624.25,1
2629.25,0
2629.5,1
2629.75,0
2630.0,1
2630.5,0
2630.75,1
2631.0,0
2631.5,1
2631.75,0
2632.0,1
2633.5,0
2637.5,1
2637.75,0
2648.5,1
2653.75,0
2654.0,1
2657.75,0
2661.25,1
2661.5,0
2720.75,1
2726.75,0
2727.0,1
2729.25,0
2744.25,1
2744.5,0
2744.75,1
2745.0,0
2745.5,1
2748.75,0
2749.0,1
2753.75,0
2767.0,1
2767.25,0
2769.0,1
2775.25,0
2775.5,1
2775.75,0
2776.0,1
2777.0,0
2777.25,1
2777.5,0
2777.75,1
2778.0,0
2780.25,1
2780.5,0
2782.25,1
2782.5,0
2791.75,1
2792.0,0
2792.5,1
2801.5,0
2802.0,1
2802.25,0
2805.5,1
2805.75,0
2816.5,1
2820.0,0
2820.25,1
2825.0,0
2827.5,1
2827.75,0
2828.25,1
2828.5,0
2829.25,1
2829.5,0
2888.5,1
2888.75,0
2889.25,1
2892.25,0
2892.5,1
2893.0,0
2893.25,1
2896.25,0
2896.5,1
2897.25,0
2900.75,1
2901.0,0
2909.5,1
2909.75,0
2912.0,1
2912.75,0
2913.25,1
2921.25,0
2921.75,1
2922.0,0
2935.25,1
2935.5,0
2936.75,1
2944.25,0
2944.5,1
2945.0,0
2961.25,1
2969.25,0
2981.25,1
2981.5,0
2984.75,1
2985.0,0
2985.25,1
2987.25,0
2987.75,1
2990.25,0
2990.5,1
2993.0,0
3056.75,1
3060.5,0
3060.75,1
3062.0,0
3062.25,1
3065.25,0
3080.5,1
3080.75,0
3081.0,1
3083.0,0
3083.25,1
3084.75,0
3085.0,1
3089.5,0
3092.75,1
3093.0,0
3093.25,1
3093.5,0
3105.0,1
3109.25,0
3109.5,1
3113.25,0
3114.5,1
3114.75,0
3126.75,1
3127.0,0
3128.75,1
3137.25,0
3153.0,1
3156.75,0
3157.0,1
3160.0,0
3160.25,1
3160.75,0
3161.0,1
3161.25,0
3166.0,1
3166.25,0
3224.25,1
3224.75,0
3225.25,1
3225.5,0
3225.75,1
3233.5,0
3236.25,1
3236.5,0
3249.0,1
3257.75,0
3273.0,1
3277.25,0
3277.5,1
3281.5,0
3284.5,1
3284.75,0
3296.75,1
3297.0,0
3297.25,1
3300.25,0
3300.5,1
3304.25,0
3304.5,1
3305.0,0
3309.5,1
3309.75,0
3318.25,1
3318.5,0
3320.75,1
3329.5,0
3392.5,1
3392.75,0
3393.0,1
3398.25,0
3399.0,1
3400.5,0
3400.75,1
3401.25,0
3405.0,1
3405.25,0
3416.25,1
3416.5,0
3417.0,1
3421.5,0
3421.75,1
3425.0,0
3441.0,1
3444.75,0
3445.0,1
3449.25,0
3452.25,1
3452.5,0
3465.0,1
3466.75,0
3467.0,1
3469.25,0
3469.5,1
3472.0,0
3472.25,1
3472.5,0
3472.75,1
3473.0,0
3488.75,1
3489.5,0
3489.75,1
3490.0,0
3490.25,1
3497.25,0
3497.5,1
3497.75,0
3501.5,1
3501.75,0
3560.75,1
3562.75,0
3563.0,1
3564.0,0
3564.25,1
3568.25,0
3568.5,1
3569.25,0
3573.75,1
3574.0,0
3606.25,1
3606.5,0
3607.25,1
3607.5,0
3609.0,1
3612.25,0
3613.0,1
3613.25,0
3613.5,1
3617.25,0
3621.75,1
3622.0,0
3630.25,1
3630.5,0
3630.75,1
3631.0,0
3631.5,1
3631.75,0
3632.25,1
3636.0,0
3636.25,1
3637.25,0
3637.5,1
3641.0,0
3656.75,1
3658.25,0
3658.5,1
3663.0,0
3663.25,1
3663.75,0
3664.25,1
3665.25,0
3665.5,1
3665.75,0
3667.75,1
3668.0,0
3669.25,1
3669.5,0
3729.0,1
3733.25,0
3733.5,1
3736.25,0
3736.5,1
3737.0,0
3738.0,1
3738.25,0
3739.5,1
3739.75,0
3750.75,1
3751.0,0
3753.0,1
3758.0,0
3758.25,1
3761.0,0
3776.25,1
3776.5,0
3776.75,1
3785.75,0
3788.25,1
3788.5,0
3798.75,1
3799.0,0
3801.25,1
3802.75,0
3803.0,1
3807.25,0
3807.5,1
3809.0,0
3825.5,1
3825.75,0
3826.0,1
3827.75,0
3828.0,1
3828.5,0
3828.75,1
3831.5,0
3831.75,1
3832.5,0
3832.75,1
3833.25,0
3836.0,1
3836.25,0
3896.5,1
3900.5,0
3900.75,1
3905.0,0
3905.5,1
3906.0,0
3909.0,1
3909.5,0
3920.5,1
3925.0,0
3925.25,1
3929.5,0
3942.5,1
3943.0,0
3944.75,1
3953.5,0
3968.25,1
3970.25,0
3970.5,1
3971.75,0
3972.0,1
3977.25,0
3993.0,1
3995.5,0
3995.75,1
3997.5,0
3997.75,1
4001.25,0
4001.75,1
4002.0,0
4004.5,1
4004.75,0
4064.0,1
4064.25,0
4065.0,1
4067.75,0
4068.0,1
4073.25,0
4078.25,1
4078.5,0
4088.5,1
4091.25,0
4091.5,1
4093.25,0
4093.75,1
4097.0,0
4102.25,1
4102.5,0
4110.5,1
4110.75,0
4112.0,1
4112.25,0
4113.0,1
4121.5,0
4135.0,1
4135.25,0
4136.75,1
4137.25,0
4137.5,1
4140.25,0
4140.5,1
4141.0,0
4141.25,1
4145.5,0
4148.25,1
4148.5,0
4161.0,1
4169.0,0
4169.5,1
4169.75,0
4232.5,1
4232.75,0
4233.0,1
4236.75,0
4237.0,1
4238.75,0
4239.0,1
4241.0,0
4241.25,1
4241.75,0
4256.75,1
4258.5,0
4259.0,1
4260.5,0
4260.75,1
4261.75,0
4262.0,1
4263.75,0
4264.0,1
4265.5,0
4279.25,1
4279.5,0
4280.25,1
4283.0,0
4283.5,1
4283.75,0
4284.0,1
4289.0,0
4304.75,1
4313.25,0
4316.0,1
4316.25,0
4329.25,1
4331.5,0
4331.75,1
4333.0,0
4333.25,1
4337.25,0
4401.0,1
4402.25,0
4402.5,1
4409.25,0
4413.0,1
4413.25,0
4447.5,1
4447.75,0
4449.25,1
4453.25,0
4453.5,1
4454.5,0
4454.75,1
4457.25,0
4457.75,1
4458.0,0
4460.0,1
4460.25,0
4471.25,1
4471.5,0
4473.0,1
4474.25,0
4474.5,1
4477.75,0
4478.0,1
4479.0,0
4479.25,1
4481.25,0
4481.5,1
4481.75,0
4496.75,1
4498.0,0
4498.25,1
4502.5,0
4502.75,1
4505.25,0
4509.25,1
4509.5,0
4567.25,1
4567.5,0
4568.25,1
4568.5,0
4568.75,1
4576.5,0
4577.0,1
4577.25,0
4579.5,1
4579.75,0
4593.0,1
4596.0,0
4596.25,1
4597.75,0
4598.0,1
4599.0,0
4599.25,1
4601.25,0
4601.5,1
4601.75,0
4604.5,1
4604.75,0
4615.25,1
4615.5,0
4617.0,1
4624.5,0
4624.75,1
4625.0,0
4640.25,1
4640.5,0
4640.75,1
4645.25,0
4645.5,1
4646.75,0
4647.0,1
4649.25,0
4649.75,1
4650.0,0
4651.25,1
4651.5,0
4665.0,1
4669.0,0
4669.25,1
4670.75,0
4671.0,1
4673.25,0
4736.75,1
4739.0,0
4739.25,1
4743.75,0
4744.0,1
4744.25,0
4744.5,1
4745.0,0
4747.25,1
4747.5,0
4757.5,1
4757.75,0
4758.25,1
4758.5,0
4760.75,1
4761.75,0
4762.0,1
4764.75,0
4765.0,1
4768.5,0
4768.75,1
4769.25,0
4784.75,1
4793.25,0
4795.5,1
4795.75,0
4808.75,1
4812.25,0
4812.5,1
4817.75,0
4830.0,1
4830.25,0
4832.75,1
4836.75,0
4837.0,1
4841.25,0
4844.25,1
4844.5,0
4902.0,1
4902.25,0
4904.5,1
4913.25,0
4929.0,1
4937.25,0
4951.0,1
4951.25,0
4952.5,1
4961.0,0
4961.25,1
4961.5,0
4961.75,1
4962.0,0
4965.25,1
4965.5,0
4977.25,1
4980.25,0
4980.5,1
4985.5,0
4998.25,1
4998.5,0
4999.25,1
4999.5,0
5000.25,1
5000.5,0
5000.75,1
5008.5,0
5009.0,1
5009.25,0
5071.5,1
5071.75,0
5072.75,1
5077.25,0
5077.5,1
5081.25,0
5081.5,1
5081.75,0
5096.75,1
5101.75,0
5102.25,1
5105.25,0
5109.0,1
5109.25,0
5120.75,1
5121.0,0
5121.5,1
5124.75,0
5125.0,1
5127.5,0
5127.75,1
5129.5,0
5134.25,1
5134.5,0
5144.25,1
5151.5,0
5151.75,1
5152.75,0
5153.0,1
5153.25,0
5153.5,1
5153.75,0
5157.5,1
5157.75,0
5168.75,1
5172.25,0
5173.0,1
5173.5,0
5173.75,1
5174.75,0
5175.0,1
5177.5,0
5241.0,1
5244.5,0
5245.0,1
5249.25,0
5252.75,1
5253.0,0
5264.75,1
5265.75,0
5266.0,1
5267.5,0
5268.0,1
5272.5,0
5272.75,1
5273.25,0
5273.5,1
5274.0,0
5277.0,1
5277.25,0
5278.25,1
5278.5,0
5287.75,1
5288.0,0
5288.5,1
5293.5,0
5293.75,1
5297.5,0
5298.0,1
5298.25,0
5301.5,1
5301.75,0
5312.25,1
5312.5,0
5313.0,1
5318.25,0
5318.5,1
5321.0,0
5321.5,1
5321.75,0
5335.25,1
5335.5,0
5336.75,1
5337.0,0
5337.25,1
5339.75,0
5340.25,1
5342.0,0
5342.25,1
5345.25,0
5406.0,1
5406.25,0
5408.5,1
5411.5,0
5411.75,1
5412.25,0
5412.5,1
5416.5,0
5416.75,1
5417.25,0
5417.75,1
5418.0,0
5430.5,1
5430.75,0
5431.5,1
5431.75,0
5432.5,1
5432.75,0
5433.0,1
5433.5,0
5433.75,1
5434.0,0
5434.25,1
5441.25,0
5457.25,1
5459.75,0
5460.0,1
5465.0,0
5478.0,1
5478.25,0
5481.0,1
5482.5,0
5482.75,1
5489.5,0
5493.75,1
5494.0,0
5504.75,1
5505.0,0
5505.25,1
5507.0,0
5507.25,1
5510.75,0
5511.0,1
5513.0,0
5513.25,1
5513.5,0
5513.75,1
5514.0,0
5576.5,1
5578.0,0
5578.5,1
5579.75,0
5580.0,1
5585.5,0
5598.25,1
5598.5,0
5600.75,1
5609.0,0
5613.5,1
5613.75,0
5622.75,1
5623.0,0
5625.0,1
5626.5,0
5626.75,1
5633.5,0
5649.25,1
5657.5,0
5659.75,1
5660.0,0
5661.25,1
5661.75,0
5671.25,1
5671.5,0
5673.0,1
5677.5,0
5677.75,1
5682.0,0
5743.75,1
5744.0,0
5745.0,1
5752.5,0
5752.75,1
5753.5,0
5756.5,1
5756.75,0
5766.5,1
5766.75,0
5768.75,1
5770.75,0
5771.0,1
5777.5,0
5792.0,1
5792.25,0
5792.5,1
5801.5,0
5816.75,1
5824.5,0
5824.75,1
5825.75,0
5834.25,1
5834.5,0
5838.0,1
5838.25,0
5840.75,1
5841.0,0
5841.25,1
5843.25,0
5843.5,1
5847.75,0
5848.0,1
5849.0,0
5912.75,1
5921.5,0
5923.0,1
5923.25,0
5926.0,1
5926.25,0
5958.75,1
5959.0,0
5960.75,1
5969.25,0
5984.75,1
5992.5,0
5992.75,1
5993.75,0
6009.5,1
6017.0,0
6018.0,1
6018.25,0
6080.0,1
6080.25,0
6081.0,1
6089.0,0
6093.0,1
6093.25,0
6102.75,1
6103.0,0
6105.25,1
6113.0,0
6117.0,1
6117.25,0
6127.75,1
6128.0,0
6128.25,1
6136.75,0
6137.25,1
6137.5,0
6137.75,1
6138.0,0
6143.25,1
6143.5,0
6152.5,1
6152.75,0
6153.5,1
6154.0,0
6154.25,1
6155.0,0
6155.25,1
6161.5,0
6177.0,1
6180.75,0
6181.0,1
6181.25,0
6181.5,1
6185.25,0
6248.75,1
6256.75,0
6257.0,1
6257.5,0
6261.0,1
6261.25,0
6269.75,1
6270.25,0
6273.25,1
6277.25,0
6277.5,1
6277.75,0
6278.0,1
6281.0,0
6285.0,1
6285.25,0
6297.25,1
6305.5,0
6319.0,1
6319.25,0
6321.0,1
6325.0,0
6325.25,1
6327.0,0
6327.25,1
6327.75,0
6328.0,1
6329.75,0
6334.0,1
6334.25,0
6342.75,1
6343.0,0
6345.0,1
6345.5,0
6345.75,1
6350.75,0
6351.25,1
6353.25,0
6416.25,1
6416.5,0
6417.0,1
6419.5,0
6419.75,1
6423.25,0
6423.5,1
6425.0,0
6441.0,1
6441.75,0
6442.0,1
6444.25,0
6444.5,1
6449.5,0
6464.0,1
6464.25,0
6464.5,1
6473.0,0
6477.25,1
6477.5,0
6478.25,1
6478.5,0
6487.75,1
6488.0,0
6489.0,1
6497.25,0
6510.25,1
6510.5,0
6513.0,1
6516.75,0
6517.25,1
6517.75,0
6518.0,1
6521.5,0
6584.75,1
6585.0,0
6585.25,1
6586.75,0
6587.0,1
6589.0,0
6589.25,1
6591.25,0
6591.5,1
6591.75,0
6592.0,1
6592.75,0
6593.5,1
6593.75,0
6608.75,1
6610.75,0
6611.0,1
6614.0,0
6614.25,1
6615.25,0
6615.5,1
6617.0,0
6617.75,1
6618.0,0
6633.25,1
6639.5,0
6639.75,1
6640.25,0
6640.5,1
6641.25,0
6655.25,1
6655.5,0
6656.75,1
6658.5,0
6658.75,1
6659.0,0
6659.25,1
6659.5,0
6660.0,1
6661.25,0
6661.5,1
6662.0,0
6662.25,1
6664.0,0
6664.25,1
6665.5,0
6665.75,1
6666.0,0
6669.75,1
6670.0,0
6672.75,1
6673.0,0
6675.5,1
6675.75,0
6678.0,1
6678.25,0
6678.5,1
6678.75,0
6679.0,1
6679.5,0
6680.75,1
6682.75,0
6683.0,1
6684.25,0
6684.5,1
6684.75,0
6685.0,1
6685.25,0
6685.75,1
6687.0,0
6687.25,1
6688.5,0
6688.75,1
6689.5,0
6689.75,1
6690.0,0
6693.25,1
6693.5,0
6753.0,1
6756.25,0
6756.75,1
6761.25,0
6801.0,1
6809.5,0
6824.75,1
6829.0,0
6829.25,1
6833.5,0
6849.25,1
6853.25,0
6853.5,1
6856.75,0
6857.0,1
6857.25,0
6857.5,1
6857.75,0
6862.75,1
6863.0,0
6920.75,1
6921.0,0
6921.25,1
6922.5,0
6922.75,1
6923.75,0
6924.0,1
6929.5,0
6943.0,1
6943.25,0
6945.25,1
6948.0,0
6948.5,1
6953.5,0
6953.75,1
6954.0,0
6966.75,1
6967.0,0
6968.75,1
6969.25,0
6969.5,1
6971.75,0
6972.0,1
6977.0,0
6978.0,1
6978.25,0
6980.25,1
6980.75,0
6993.0,1
7001.25,0
7004.0,1
7004.25,0
7014.75,1
7015.0,0
7016.5,1
7018.0,0
7018.25,1
7018.5,0
7018.75,1
7025.5,0
7029.5,1
7029.75,0
7088.75,1
7093.5,0
7093.75,1
7094.25,0
7094.5,1
7095.75,0
7096.0,1
7097.75,0
7101.5,1
7101.75,0
7112.75,1
7116.5,0
7117.0,1
7121.0,0
7136.5,1
7141.25,0
7141.5,1
7145.25,0
7148.75,1
7149.0,0
7160.5,1
7160.75,0
7161.0,1
7161.5,0
7161.75,1
7168.75,0
7169.0,1
7169.25,0
7173.0,1
7173.25,0
7174.0,1
7174.25,0
7184.5,1
7185.5,0
7185.75,1
7186.25,0
7186.5,1
7186.75,0
7187.0,1
7190.75,0
7191.0,1
7193.0,0
7193.25,1
7193.5,0
7256.75,1
7261.5,0
7261.75,1
7265.0,0
7280.75,1
7284.5,0
7284.75,1
7286.25,0
7286.5,1
7288.75,0
7289.0,1
7289.5,0
7293.5,1
7293.75,0
7305.0,1
7312.75,0
7329.0,1
7329.75,0
7330.0,1
7331.0,0
7331.25,1
7331.75,0
7332.0,1
7332.25,0
7332.5,1
7332.75,0
7333.0,1
7337.25,0
7337.5,1
7337.75,0
7339.5,1
7339.75,0
7341.5,1
7341.75,0
7351.75,1
7352.0,0
7353.0,1
7354.75,0
7355.25,1
7361.0,0
7423.0,1
7423.25,0
7424.25,1
7429.75,0
7430.0,1
7430.75,0
7431.0,1
7433.5,0
7449.0,1
7457.25,0
7460.75,1
7461.0,0
7473.5,1
7476.25,0
7476.5,1
7476.75,0
7477.0,1
7477.5,0
7477.75,1
7481.25,0
7496.5,1
7501.25,0
7501.75,1
7505.0,0
7520.75,1
7524.75,0
7525.0,1
7529.5,0
7592.25,1
7592.5,0
7592.75,1
7598.0,0
7598.25,1
7601.75,0
7602.0,1
7602.25,0
7617.0,1
7618.5,0
7619.0,1
7626.0,0
7628.5,1
7628.75,0
7635.0,1
7635.25,0
7636.5,1
7636.75,0
7638.75,1
7639.0,0
7641.0,1
7643.25,0
7643.75,1
7649.0,0
7649.5,1
7649.75,0
7651.5,1
7651.75,0
7653.0,1
7653.25,0
7663.75,1
7664.0,0
7664.75,1
7666.5,0
7666.75,1
7673.0,0
7673.25,1
7673.5,0
7688.5,1
7689.0,0
7689.5,1
7691.0,0
7691.25,1
7692.5,0
7692.75,1
7693.75,0
7694.0,1
7697.5,0
7760.75,1
7761.25,0
7761.5,1
7769.25,0
7784.75,1
7789.75,0
7790.0,1
7793.5,0
7807.75,1
7808.0,0
7809.0,1
7817.25,0
7817.5,1
7817.75,0
7820.75,1
7821.0,0
7822.0,1
7822.25,0
7832.75,1
7834.25,0
7834.5,1
7841.0,0
7841.25,1
7841.75,0
7929.0,1
7932.75,0
7933.0,1
7938.0,0
7940.5,1
7940.75,0
7949.5,1
7949.75,0
7951.0,1
7951.25,0
7952.75,1
7954.0,0
7954.25,1
7961.25,0
7964.25,1
7964.5,0
7976.5,1
7976.75,0
7977.0,1
7980.75,0
7981.0,1
7981.75,0
7982.0,1
7982.75,0
7983.25,1
7985.0,0
8000.75,1
8003.25,0
8003.5,1
8004.5,0
8004.75,1
8005.25,0
8005.5,1
8008.0,0
8008.25,1
8009.25,0
8011.75,1
8012.0,0
8024.25,1
8024.5,0
8025.0,1
8029.75,0
8030.0,1
8030.25,0
8030.5,1
8031.5,0
8031.75,1
8033.25,0
8097.0,1
8104.75,0
8105.5,1
8105.75,0
8109.25,1
8109.75,0
8121.25,1
8129.5,0
8144.75,1
8148.25,0
8148.5,1
8148.75,0
8149.0,1
8153.25,0
8153.5,1
8153.75,0
8169.0,1
8174.0,0
8174.25,1
8174.75,0
8175.0,1
8176.25,0
8176.5,1
8177.25,0
8177.75,1
8178.0,0
8192.75,1
8194.75,0
8195.0,1
8201.25,0
8263.0,1
8263.25,0
8265.0,1
8269.0,0
8269.25,1
8273.5,0
8289.0,1
8292.25,0
8292.5,1
8293.0,0
8293.25,1
8297.5,0
8297.75,1
8298.0,0
8309.75,1
8310.0,0
8311.5,1
8311.75,0
8312.75,1
8314.5,0
8314.75,1
8321.5,0
8336.75,1
8341.5,0
8341.75,1
8345.0,0
8345.25,1
8345.75,0
8348.25,1
8348.5,0
8360.75,1
8361.25,0
8361.75,1
8362.0,0
8362.25,1
8364.0,0
8364.25,1
8364.75,0
8365.0,1
8369.0,0
8373.25,1
8373.5,0
8432.25,1
8432.5,0
8432.75,1
8440.0,0
8440.25,1
8441.25,0
8445.25,1
8445.5,0
8445.75,1
8446.0,0
8456.5,1
8458.5,0
8458.75,1
8459.5,0
8459.75,1
8465.25,0
8481.0,1
8482.5,0
8482.75,1
8483.0,0
8484.0,1
8489.0,0
8489.25,1
8489.5,0
8492.25,1
8492.5,0
8504.25,1
8504.5,0
8505.5,1
8507.75,0
8508.0,1
8508.25,0
8508.5,1
8513.0,0
8516.5,1
8516.75,0
8529.0,1
8529.5,0
8529.75,1
8531.25,0
8531.5,1
8532.25,0
8532.5,1
8533.5,0
8533.75,1
8535.5,0
8535.75,1
8537.5,0
8542.0,1
8542.25,0
8625.0,1
8631.25,0
8631.5,1
8632.75,0
8633.25,1
8633.5,0
8649.0,1
8653.25,0
8653.5,1
8657.75,0
8673.0,1
8677.0,0
8677.25,1
8681.0,0
8694.25,1
8694.5,0
8697.25,1
8700.5,0
8701.0,1
8704.75,0
8705.0,1
8705.25,0
