#1


float Room-304 (4011,2)
0.0,0
30.25,1
30.5,0
32.5,1
32.75,0
33.25,1
36.0,0
36.25,1
36.75,0
37.25,1
37.5,0
37.75,1
38.5,0
38.75,1
40.75,0
41.0,1
41.5,0
44.5,1
44.75,0
45.25,1
45.5,0
45.75,1
46.0,0
56.75,1
57.0,0
57.25,1
63.25,0
63.5,1
65.5,0
68.0,1
68.25,0
70.25,1
70.5,0
80.0,1
80.25,0
80.5,1
80.75,0
81.0,1
81.25,0
81.5,1
84.25,0
84.5,1
85.25,0
85.5,1
89.0,0
89.25,1
89.5,0
91.75,1
92.0,0
93.0,1
93.25,0
105.0,1
107.75,0
108.0,1
108.75,0
109.25,1
109.75,0
110.0,1
112.0,0
112.25,1
112.75,0
113.25,1
113.5,0
114.75,1
115.0,0
117.0,1
117.25,0
128.75,1
129.0,0
129.5,1
131.75,0
132.25,1
133.0,0
133.25,1
136.25,0
136.5,1
136.75,0
137.0,1
137.25,0
140.25,1
141.0,0
198.25,1
198.5,0
201.5,1
201.75,0
202.0,1
204.0,0
204.5,1
206.0,0
206.25,1
209.0,0
210.5,1
211.0,0
225.5,1
226.0,0
226.25,1
227.5,0
227.75,1
228.0,0
228.25,1
228.5,0
228.75,1
232.0,0
232.25,1
233.75,0
236.5,1
236.75,0
237.25,1
237.5,0
237.75,1
238.0,0
247.25,1
247.5,0
248.75,1
249.0,0
249.5,1
252.0,0
252.25,1
253.5,0
253.75,1
257.25,0
260.0,1
260.25,0
260.5,1
260.75,0
271.25,1
271.5,0
272.75,1
273.5,0
273.75,1
274.5,0
274.75,1
275.75,0
276.0,1
277.5,0
278.0,1
279.75,0
280.0,1
281.25,0
281.5,1
281.75,0
285.25,1
285.5,0
286.0,1
286.25,0
288.0,1
288.25,0
289.75,1
290.0,0
290.25,1
290.5,0
292.25,1
292.5,0
295.25,1
295.5,0
296.0,1
296.25,0
296.5,1
296.75,0
297.0,1
297.5,0
297.75,1
298.75,0
299.0,1
301.75,0
302.25,1
303.0,0
303.25,1
305.0,0
305.25,1
305.75,0
308.5,1
309.25,0
369.25,1
371.75,0
372.0,1
372.25,0
372.5,1
377.25,0
380.0,1
380.5,0
381.0,1
381.25,0
393.25,1
394.0,0
394.5,1
397.25,0
397.5,1
399.25,0
399.75,1
400.5,0
401.25,1
401.5,0
403.5,1
403.75,0
441.0,1
446.75,0
447.0,1
449.25,0
451.75,1
452.0,0
453.75,1
454.0,0
465.25,1
466.0,0
466.25,1
471.75,0
472.0,1
473.5,0
476.0,1
476.25,0
476.5,1
476.75,0
535.25,1
535.75,0
536.0,1
536.25,0
537.75,1
538.5,0
539.0,1
541.25,0
541.5,1
541.75,0
542.0,1
543.0,0
543.25,1
545.5,0
548.75,1
549.0,0
561.0,1
565.25,0
565.5,1
566.0,0
566.25,1
568.0,0
568.25,1
568.5,0
569.0,1
569.25,0
570.5,1
570.75,0
572.0,1
572.25,0
583.5,1
583.75,0
585.0,1
585.75,0
586.0,1
588.25,0
588.5,1
590.25,0
590.75,1
591.5,0
591.75,1
593.0,0
596.25,1
596.75,0
608.5,1
608.75,0
609.5,1
609.75,0
610.0,1
613.25,0
613.5,1
614.5,0
614.75,1
615.0,0
615.25,1
617.5,0
617.75,1
618.0,0
619.5,1
619.75,0
620.25,1
620.5,0
621.25,1
621.5,0
622.25,1
622.75,0
632.5,1
632.75,0
633.25,1
634.0,0
634.25,1
636.5,0
637.0,1
641.25,0
641.75,1
642.0,0
645.25,1
645.5,0
705.25,1
705.5,0
705.75,1
708.5,0
708.75,1
709.0,0
709.25,1
709.5,0
709.75,1
712.0,0
712.25,1
713.5,0
716.25,1
716.5,0
728.75,1
729.5,0
729.75,1
733.0,0
733.25,1
734.25,0
734.5,1
735.75,0
736.25,1
736.5,0
736.75,1
737.25,0
740.5,1
740.75,0
752.75,1
753.0,0
753.25,1
758.25,0
758.5,1
761.0,0
761.75,1
762.25,0
764.5,1
764.75,0
775.5,1
775.75,0
776.25,1
780.5,0
780.75,1
781.0,0
781.25,1
781.75,0
782.0,1
782.75,0
783.0,1
785.0,0
787.25,1
787.75,0
798.25,1
798.5,0
799.25,1
799.5,0
801.0,1
801.5,0
801.75,1
805.25,0
805.5,1
807.5,0
807.75,1
809.25,0
809.75,1
810.0,0
812.0,1
812.25,0
813.25,1
813.5,0
870.5,1
870.75,0
873.5,1
874.0,0
874.25,1
875.0,0
875.25,1
876.5,0
876.75,1
881.0,0
881.25,1
881.5,0
884.75,1
885.0,0
896.75,1
897.0,0
897.25,1
897.75,0
898.0,1
900.0,0
900.25,1
903.5,0
903.75,1
904.75,0
905.0,1
905.25,0
907.75,1
908.0,0
909.25,1
909.5,0
920.25,1
920.5,0
920.75,1
921.0,0
921.25,1
921.5,0
921.75,1
922.0,0
922.25,1
923.0,0
923.25,1
923.75,0
924.25,1
925.0,0
925.25,1
925.5,0
925.75,1
926.0,0
926.25,1
929.5,0
931.5,1
931.75,0
933.25,1
933.75,0
944.5,1
947.75,0
948.0,1
948.25,0
948.5,1
949.0,0
949.25,1
950.75,0
951.0,1
953.0,0
955.25,1
955.5,0
969.25,1
972.25,0
972.5,1
973.0,0
973.25,1
977.0,0
980.75,1
981.25,0
982.25,1
982.5,0
1041.0,1
1042.0,0
1042.25,1
1043.5,0
1043.75,1
1044.5,0
1045.0,1
1047.0,0
1047.25,1
1049.25,0
1051.0,1
1051.25,0
1054.0,1
1054.25,0
1064.75,1
1073.25,0
1076.75,1
1077.25,0
1077.5,1
1077.75,0
1112.25,1
1112.75,0
1113.0,1
1114.0,0
1114.25,1
1115.75,0
1116.0,1
1119.0,0
1119.25,1
1121.0,0
1124.25,1
1124.5,0
1124.75,1
1125.0,0
1126.25,1
1126.5,0
1137.25,1
1137.5,0
1137.75,1
1139.0,0
1139.25,1
1143.25,0
1143.5,1
1145.0,0
1145.5,1
1146.0,0
1147.5,1
1147.75,0
1148.5,1
1149.0,0
1149.5,1
1149.75,0
1206.75,1
1207.0,0
1209.25,1
1209.5,0
1209.75,1
1213.0,0
1213.25,1
1214.25,0
1214.5,1
1215.5,0
1215.75,1
1216.5,0
1217.0,1
1217.5,0
1220.25,1
1220.5,0
1233.25,1
1233.5,0
1234.0,1
1234.5,0
1234.75,1
1236.25,0
1236.5,1
1237.25,0
1237.5,1
1241.25,0
1241.5,1
1241.75,0
1243.75,1
1244.0,0
1255.0,1
1255.25,0
1256.0,1
1256.25,0
1256.75,1
1257.25,0
1257.75,1
1259.0,0
1259.5,1
1260.5,0
1260.75,1
1261.75,0
1262.0,1
1263.5,0
1263.75,1
1264.75,0
1267.5,1
1267.75,0
1268.5,1
1268.75,0
1272.25,1
1272.5,0
1275.25,1
1275.5,0
1280.75,1
1281.25,0
1281.5,1
1285.25,0
1285.5,1
1287.25,0
1287.5,1
1288.5,0
1289.0,1
1289.25,0
1292.0,1
1292.5,0
1293.25,1
1293.5,0
1305.0,1
1309.0,0
1309.25,1
1309.5,0
1309.75,1
1310.5,0
1310.75,1
1313.25,0
1316.0,1
1316.25,0
1317.0,1
1317.25,0
1377.25,1
1378.0,0
1378.25,1
1382.25,0
1382.5,1
1383.25,0
1383.5,1
1385.0,0
1387.5,1
1387.75,0
1388.25,1
1388.5,0
1398.25,1
1398.5,0
1399.5,1
1399.75,0
1401.0,1
1402.25,0
1402.5,1
1403.25,0
1403.5,1
1404.5,0
1404.75,1
1405.0,0
1405.25,1
1405.5,0
1405.75,1
1408.0,0
1408.25,1
1409.25,0
1411.75,1
1412.0,0
1412.75,1
1413.0,0
1413.75,1
1414.0,0
1425.0,1
1425.25,0
1425.75,1
1426.75,0
1427.0,1
1428.25,0
1428.5,1
1428.75,0
1429.0,1
1430.25,0
1430.5,1
1433.25,0
1435.75,1
1436.0,0
1436.75,1
1437.25,0
1437.5,1
1437.75,0
1447.5,1
1447.75,0
1448.75,1
1449.0,0
1449.5,1
1450.75,0
1451.0,1
1451.75,0
1452.0,1
1453.5,0
1453.75,1
1457.25,0
1457.5,1
1457.75,0
1459.0,1
1459.25,0
1460.25,1
1460.5,0
1461.25,1
1461.5,0
1471.5,1
1472.0,0
1472.75,1
1473.0,0
1473.25,1
1477.0,0
1477.25,1
1477.75,0
1478.0,1
1479.5,0
1479.75,1
1481.0,0
1483.0,1
1483.25,0
1484.25,1
1484.5,0
1545.25,1
1545.5,0
1545.75,1
1549.5,0
1549.75,1
1550.75,0
1551.25,1
1553.0,0
1553.25,1
1553.5,0
1555.75,1
1556.0,0
1557.0,1
1557.25,0
1557.75,1
1558.0,0
1566.75,1
1567.0,0
1569.5,1
1570.0,0
1570.25,1
1575.25,0
1575.5,1
1576.5,0
1576.75,1
1577.0,0
1577.25,1
1577.5,0
1579.75,1
1580.0,0
1580.25,1
1580.75,0
1590.0,1
1590.25,0
1593.0,1
1595.0,0
1595.25,1
1600.0,0
1600.25,1
1601.0,0
1601.25,1
1601.5,0
1603.25,1
1604.0,0
1605.75,1
1606.25,0
1615.75,1
1616.0,0
1617.5,1
1618.5,0
1619.0,1
1623.25,0
1623.5,1
1625.25,0
1627.75,1
1628.0,0
1629.5,1
1629.75,0
1630.25,1
1630.5,0
1638.0,1
1638.5,0
1639.5,1
1639.75,0
1641.25,1
1642.0,0
1642.25,1
1642.75,0
1643.0,1
1644.25,0
1644.5,1
1645.25,0
1645.5,1
1649.5,0
1652.5,1
1652.75,0
1653.25,1
1653.5,0
1710.75,1
1711.0,0
1713.25,1
1714.75,0
1715.0,1
1716.0,0
1716.25,1
1716.5,0
1716.75,1
1719.75,0
1720.0,1
1721.25,0
1724.25,1
1724.75,0
1736.75,1
1737.0,0
1737.25,1
1737.5,0
1737.75,1
1738.75,0
1739.0,1
1739.5,0
1739.75,1
1743.0,0
1743.25,1
1743.75,0
1744.0,1
1745.0,0
1745.5,1
1745.75,0
1748.0,1
1748.25,0
1748.5,1
1748.75,0
1757.5,1
1757.75,0
1758.0,1
1758.25,0
1760.5,1
1761.25,0
1761.5,1
1761.75,0
1762.0,1
1764.25,0
1764.5,1
1765.5,0
1765.75,1
1767.5,0
1767.75,1
1768.75,0
1769.0,1
1769.75,0
1771.5,1
1772.0,0
1772.75,1
1773.0,0
1773.25,1
1773.5,0
1782.0,1
1782.5,0
1784.75,1
1785.0,0
1785.25,1
1788.25,0
1788.5,1
1792.75,0
1793.0,1
1793.75,0
1795.75,1
1796.5,0
1796.75,1
1797.0,0
1797.25,1
1797.5,0
1808.75,1
1809.25,0
1809.5,1
1812.0,0
1812.25,1
1814.25,0
1814.5,1
1817.0,0
1817.25,1
1817.5,0
1820.5,1
1821.25,0
1880.5,1
1880.75,0
1882.0,1
1884.0,0
1884.25,1
1889.0,0
1892.25,1
1892.5,0
1893.75,1
1894.0,0
1894.75,1
1895.25,0
1904.75,1
1906.0,0
1906.5,1
1908.0,0
1908.25,1
1908.5,0
1908.75,1
1909.5,0
1910.0,1
1911.25,0
1911.5,1
1912.25,0
1912.5,1
1912.75,0
1913.0,1
1913.5,0
1916.0,1
1916.25,0
1918.25,1
1918.5,0
1928.75,1
1929.25,0
1929.5,1
1932.0,0
1932.25,1
1933.5,0
1934.0,1
1937.25,0
1940.25,1
1941.0,0
1941.25,1
1941.5,0
1952.5,1
1952.75,0
1953.5,1
1956.25,0
1956.5,1
1960.0,0
1960.25,1
1961.25,0
1963.25,1
1963.5,0
1963.75,1
1964.0,0
1964.5,1
1965.0,0
1976.25,1
1976.75,0
1977.0,1
1979.5,0
1979.75,1
1980.5,0
1980.75,1
1981.25,0
1981.75,1
1984.5,0
1985.0,1
1985.5,0
1988.5,1
1988.75,0
2046.25,1
2046.5,0
2048.75,1
2049.0,0
2049.5,1
2051.75,0
2052.0,1
2052.75,0
2053.0,1
2053.75,0
2054.25,1
2054.5,0
2054.75,1
2057.25,0
2059.5,1
2059.75,0
2073.25,1
2073.75,0
2074.0,1
2075.5,0
2075.75,1
2081.0,0
2081.25,1
2081.5,0
2083.5,1
2083.75,0
2097.0,1
2097.25,0
2097.5,1
2100.0,0
2100.25,1
2101.5,0
2101.75,1
2103.25,0
2103.5,1
2105.25,0
2107.25,1
2107.5,0
2120.75,1
2121.0,0
2121.5,1
2122.75,0
2123.0,1
2123.25,0
2123.5,1
2125.0,0
2125.25,1
2127.0,0
2127.25,1
2127.75,0
2128.25,1
2129.25,0
2133.0,1
2133.25,0
2143.5,1
2143.75,0
2145.0,1
2146.5,0
2146.75,1
2148.0,0
2148.25,1
2148.75,0
2149.0,1
2150.0,0
2150.25,1
2153.5,0
2155.5,1
2155.75,0
2214.5,1
2214.75,0
2215.75,1
2216.0,0
2217.0,1
2222.0,0
2222.25,1
2225.25,0
2228.25,1
2228.5,0
2229.5,1
2229.75,0
2239.0,1
2239.25,0
2241.5,1
2245.0,0
2245.25,1
2245.5,0
2245.75,1
2249.0,0
2252.5,1
2252.75,0
2253.0,1
2253.25,0
2253.75,1
2254.0,0
2265.0,1
2265.25,0
2265.5,1
2268.5,0
2269.0,1
2270.75,0
2271.25,1
2273.0,0
2273.25,1
2273.5,0
2273.75,1
2274.0,0
2275.75,1
2276.0,0
2286.0,1
2286.25,0
2289.0,1
2289.25,0
2289.5,1
2290.75,0
2291.0,1
2291.5,0
2291.75,1
2292.5,0
2292.75,1
2293.0,0
2293.25,1
2295.5,0
2295.75,1
2297.5,0
2300.0,1
2300.5,0
2301.5,1
2301.75,0
2312.5,1
2313.5,0
2313.75,1
2315.0,0
2315.25,1
2315.75,0
2316.5,1
2317.25,0
2317.75,1
2321.0,0
2321.25,1
2321.5,0
2324.25,1
2324.5,0
2326.25,1
2326.5,0
2383.25,1
2383.5,0
2384.75,1
2385.25,0
2385.5,1
2386.0,0
2386.25,1
2388.0,0
2388.75,1
2390.0,0
2390.25,1
2392.75,0
2393.0,1
2393.75,0
2396.25,1
2396.5,0
2406.25,1
2406.5,0
2409.25,1
2410.25,0
2410.75,1
2412.0,0
2412.25,1
2413.0,0
2413.25,1
2414.0,0
2414.5,1
2415.25,0
2415.5,1
2417.75,0
2419.75,1
2420.0,0
2421.5,1
2421.75,0
2431.25,1
2431.5,0
2432.5,1
2433.0,0
2433.5,1
2433.75,0
2434.0,1
2436.0,0
2436.25,1
2437.0,0
2437.25,1
2438.25,0
2438.5,1
2440.0,0
2440.5,1
2441.25,0
2441.5,1
2441.75,0
2444.5,1
2444.75,0
2456.75,1
2457.0,0
2457.25,1
2458.25,0
2458.5,1
2459.75,0
2460.0,1
2460.75,0
2461.0,1
2463.25,0
2463.5,1
2465.0,0
2468.25,1
2468.5,0
2468.75,1
2469.0,0
2470.25,1
2470.5,0
2470.75,1
2471.0,0
2480.75,1
2481.0,0
2481.25,1
2481.75,0
2482.0,1
2484.5,0
2484.75,1
2485.25,0
2485.5,1
2486.5,0
2486.75,1
2489.25,0
2492.25,1
2492.5,0
2553.0,1
2555.5,0
2555.75,1
2556.25,0
2556.5,1
2556.75,0
2557.0,1
2558.0,0
2558.25,1
2560.25,0
2560.5,1
2560.75,0
2561.0,1
2561.75,0
2563.75,1
2564.0,0
2564.5,1
2564.75,0
2573.75,1
2574.0,0
2577.0,1
2577.25,0
2577.5,1
2579.75,0
2580.0,1
2580.5,0
2580.75,1
2582.5,0
2582.75,1
2584.75,0
2588.5,1
2588.75,0
2600.75,1
2601.5,0
2601.75,1
2602.75,0
2603.0,1
2604.25,0
2604.5,1
2606.0,0
2606.25,1
2609.0,0
2612.75,1
2613.0,0
2623.0,1
2623.25,0
2624.25,1
2624.5,0
2624.75,1
2625.0,0
2625.75,1
2628.0,0
2628.25,1
2629.0,0
2629.25,1
2630.25,0
2630.5,1
2630.75,0
2631.0,1
2632.75,0
2633.0,1
2633.25,0
2635.75,1
2636.0,0
2648.75,1
2649.25,0
2649.5,1
2649.75,0
2650.0,1
2652.5,0
2653.25,1
2654.0,0
2654.25,1
2655.0,0
2655.25,1
2656.75,0
2657.0,1
2657.5,0
2660.75,1
2661.0,0
2662.0,1
2662.25,0
2718.25,1
2718.5,0
2720.5,1
2720.75,0
2721.0,1
2723.25,0
2723.5,1
2724.0,0
2724.25,1
2724.75,0
2725.0,1
2728.5,0
2728.75,1
2729.0,0
2731.25,1
2731.5,0
2731.75,1
2732.25,0
2743.0,1
2743.25,0
2744.25,1
2744.5,0
2744.75,1
2745.25,0
2745.5,1
2748.75,0
2749.25,1
2750.0,0
2750.25,1
2752.0,0
2752.25,1
2753.5,0
2756.0,1
2756.25,0
2757.0,1
2757.25,0
2769.25,1
2769.75,0
2770.0,1
2772.0,0
2772.5,1
2774.0,0
2774.5,1
2775.75,0
2776.0,1
2777.5,0
2780.75,1
2781.5,0
2782.75,1
2783.25,0
2793.5,1
2794.0,0
2794.25,1
2794.5,0
2794.75,1
2795.25,0
2795.5,1
2796.25,0
2796.5,1
2797.25,0
2797.5,1
2801.25,0
2804.0,1
2804.25,0
2805.25,1
2805.5,0
2813.75,1
2814.0,0
2815.0,1
2815.25,0
2816.5,1
2816.75,0
2817.5,1
2820.75,0
2821.25,1
2822.25,0
2822.5,1
2823.0,0
2823.25,1
2825.0,0
2827.75,1
2828.25,0
2889.25,1
2892.0,0
2892.25,1
2893.0,0
2893.25,1
2897.25,0
2900.5,1
2900.75,0
2910.75,1
2911.0,0
2913.0,1
2913.25,0
2913.5,1
2921.25,0
2924.5,1
2924.75,0
2936.0,1
2936.25,0
2936.75,1
2937.0,0
2937.25,1
2940.0,0
2941.25,1
2941.5,0
2942.0,1
2944.0,0
2944.25,1
2945.0,0
2948.75,1
2949.0,0
2949.25,1
2949.5,0
2950.25,1
2950.75,0
2960.5,1
2961.75,0
2962.25,1
2963.5,0
2963.75,1
2964.0,0
2964.25,1
2967.5,0
2967.75,1
2969.25,0
2971.5,1
2971.75,0
2972.5,1
2972.75,0
2973.25,1
2973.5,0
2982.0,1
2982.25,0
2985.25,1
2986.25,0
2986.5,1
2988.0,0
2988.25,1
2989.5,0
2990.0,1
2991.75,0
2992.0,1
2992.5,0
2992.75,1
2993.0,0
2996.25,1
2996.5,0
2997.75,1
2998.0,0
3057.25,1
3057.75,0
3058.0,1
3060.5,0
3060.75,1
3063.5,0
3064.0,1
3064.75,0
3067.25,1
3067.75,0
3075.0,1
3075.25,0
3081.25,1
3083.25,0
3083.5,1
3084.25,0
3084.75,1
3085.0,0
3085.25,1
3087.25,0
3087.5,1
3088.75,0
3092.0,1
3092.25,0
3092.5,1
3092.75,0
3104.75,1
3105.0,0
3105.25,1
3106.75,0
3107.0,1
3107.25,0
3107.75,1
3108.75,0
3109.0,1
3111.25,0
3111.5,1
3111.75,0
3112.0,1
3113.5,0
3115.75,1
3116.0,0
3116.5,1
3116.75,0
3128.5,1
3128.75,0
3129.25,1
3131.75,0
3132.5,1
3133.0,0
3133.25,1
3135.5,0
3135.75,1
3136.75,0
3137.5,1
3137.75,0
3139.25,1
3139.5,0
3140.25,1
3141.0,0
3153.0,1
3154.75,0
3155.0,1
3155.5,0
3156.0,1
3156.25,0
3156.5,1
3161.25,0
3163.75,1
3164.25,0
3165.75,1
3166.0,0
3225.0,1
3226.75,0
3227.0,1
3227.5,0
3228.0,1
3228.75,0
3229.0,1
3229.25,0
3229.5,1
3229.75,0
3230.0,1
3233.25,0
3236.0,1
3236.25,0
3237.0,1
3237.25,0
3246.0,1
3246.25,0
3249.5,1
3249.75,0
3250.0,1
3250.75,0
3251.25,1
3252.0,0
3252.25,1
3252.5,0
3253.0,1
3256.5,0
3256.75,1
3257.0,0
3257.25,1
3257.5,0
3260.25,1
3260.5,0
3260.75,1
3261.25,0
3273.75,1
3276.0,0
3276.25,1
3277.5,0
3277.75,1
3278.0,0
3278.25,1
3280.25,0
3280.5,1
3281.5,0
3284.0,1
3284.25,0
3297.0,1
3297.75,0
3298.25,1
3300.0,0
3300.25,1
3300.5,0
3300.75,1
3303.0,0
3303.25,1
3304.75,0
3305.0,1
3305.25,0
3308.0,1
3308.5,0
3321.25,1
3321.75,0
3322.0,1
3324.25,0
3324.5,1
3325.5,0
3325.75,1
3328.5,0
3328.75,1
3329.0,0
3329.25,1
3329.5,0
3332.0,1
3332.25,0
3333.25,1
3333.75,0
3393.0,1
3394.25,0
3394.5,1
3396.25,0
3396.75,1
3397.75,0
3398.0,1
3399.75,0
3400.0,1
3401.5,0
3404.0,1
3404.25,0
3404.75,1
3405.0,0
3405.5,1
3405.75,0
3414.5,1
3414.75,0
3416.75,1
3417.0,0
3417.25,1
3417.5,0
3418.25,1
3420.5,0
3420.75,1
3421.0,0
3421.25,1
3421.5,0
3422.0,1
3422.5,0
3422.75,1
3424.75,0
3425.0,1
3425.25,0
3428.0,1
3428.25,0
3438.0,1
3438.25,0
3440.75,1
3441.0,0
3441.5,1
3443.5,0
3443.75,1
3444.5,0
3444.75,1
3445.0,0
3445.25,1
3448.25,0
3448.5,1
3448.75,0
3452.0,1
3452.25,0
3453.0,1
3453.25,0
3464.25,1
3464.75,0
3465.5,1
3466.5,0
3466.75,1
3468.25,0
3468.5,1
3471.0,0
3471.25,1
3472.75,0
3473.0,1
3473.5,0
3477.0,1
3477.25,0
3478.25,1
3478.5,0
3489.5,1
3492.5,0
3492.75,1
3493.75,0
3494.0,1
3496.5,0
3496.75,1
3497.0,0
3497.25,1
3497.5,0
3498.5,1
3498.75,0
3500.0,1
3500.25,0
3501.0,1
3501.25,0
3560.0,1
3560.25,0
3561.25,1
3563.5,0
3563.75,1
3564.25,0
3564.5,1
3566.25,0
3566.5,1
3567.5,0
3567.75,1
3568.25,0
3568.5,1
3569.25,0
3571.5,1
3571.75,0
3574.5,1
3574.75,0
3607.25,1
3607.5,0
3609.25,1
3611.75,0
3612.0,1
3614.75,0
3615.25,1
3616.75,0
3619.75,1
3620.0,0
3633.25,1
3634.25,0
3634.5,1
3635.5,0
3635.75,1
3636.5,0
3636.75,1
3637.25,0
3637.5,1
3640.0,0
3640.25,1
3640.75,0
3641.0,1
3641.25,0
3644.25,1
3644.5,0
3654.25,1
3654.5,0
3656.75,1
3657.25,0
3657.5,1
3660.75,0
3661.5,1
3661.75,0
3662.0,1
3664.25,0
3664.75,1
3665.25,0
3668.0,1
3668.25,0
3670.0,1
3670.25,0
3726.75,1
3727.0,0
3729.25,1
3729.5,0
3729.75,1
3732.75,0
3733.0,1
3736.5,0
3736.75,1
3737.25,0
3737.5,1
3737.75,0
3739.0,1
3739.5,0
3749.25,1
3749.5,0
3750.5,1
3750.75,0
3753.25,1
3753.75,0
3754.0,1
3757.75,0
3758.0,1
3758.5,0
3758.75,1
3761.5,0
3764.0,1
3764.25,0
3766.0,1
3766.25,0
3776.75,1
3777.25,0
3777.75,1
3782.0,0
3782.25,1
3782.5,0
3782.75,1
3785.25,0
3788.25,1
3788.75,0
3789.25,1
3789.5,0
3800.5,1
3801.5,0
3801.75,1
3803.5,0
3804.0,1
3805.5,0
3805.75,1
3806.75,0
3807.0,1
3809.25,0
3813.0,1
3813.25,0
3814.0,1
3814.25,0
3825.0,1
3828.75,0
3829.25,1
3829.75,0
3830.0,1
3832.5,0
3832.75,1
3833.0,0
3835.0,1
3835.25,0
3835.75,1
3836.25,0
3836.5,1
3836.75,0
3894.5,1
3895.0,0
3895.5,1
3895.75,0
3897.0,1
3899.75,0
3900.0,1
3904.5,0
3904.75,1
3905.5,0
3907.0,1
3907.25,0
3920.75,1
3921.5,0
3921.75,1
3923.0,0
3923.25,1
3924.75,0
3925.0,1
3925.5,0
3925.75,1
3928.5,0
3929.25,1
3929.5,0
3930.0,1
3930.25,0
3931.5,1
3931.75,0
3932.25,1
3932.5,0
3934.0,1
3934.25,0
3944.75,1
3945.0,0
3945.25,1
3945.5,0
3946.0,1
3946.25,0
3946.5,1
3947.75,0
3948.5,1
3949.25,0
3949.5,1
3952.0,0
3952.25,1
3953.0,0
3955.25,1
3955.5,0
3956.0,1
3956.25,0
3957.25,1
3957.5,0
3968.75,1
3969.0,0
3969.25,1
3972.5,0
3972.75,1
3975.25,0
3975.5,1
3976.0,0
3976.25,1
3977.25,0
3977.5,1
3977.75,0
3979.25,1
3979.5,0
3980.5,1
3980.75,0
3993.25,1
3994.0,0
3994.25,1
3994.75,0
3995.0,1
3996.25,0
3996.5,1
3998.5,0
3998.75,1
3999.75,0
4000.0,1
4001.5,0
4003.5,1
4003.75,0
4065.5,1
4071.75,0
4072.0,1
4072.75,0
4073.25,1
4073.5,0
4076.25,1
4076.75,0
4088.75,1
4089.5,0
4089.75,1
4090.5,0
4090.75,1
4091.0,0
4091.25,1
4092.25,0
4092.75,1
4093.25,0
4093.5,1
4096.75,0
4097.0,1
4097.25,0
4099.25,1
4099.5,0
4100.5,1
4100.75,0
4102.75,1
4103.0,0
4113.25,1
4115.5,0
4115.75,1
4116.25,0
4116.5,1
4117.5,0
4117.75,1
4121.5,0
4124.0,1
4124.25,0
4124.75,1
4125.0,0
4137.0,1
4139.5,0
4139.75,1
4141.75,0
4142.0,1
4144.0,0
4144.25,1
4144.75,0
4145.0,1
4145.25,0
4147.0,1
4147.25,0
4148.75,1
4149.0,0
4160.0,1
4160.25,0
4161.25,1
4161.75,0
4162.0,1
4163.75,0
4164.0,1
4165.25,0
4165.5,1
4166.25,0
4166.5,1
4168.25,0
4168.5,1
4169.25,0
4171.25,1
4171.5,0
4172.75,1
4173.0,0
4173.25,1
4173.5,0
4232.25,1
4232.5,0
4233.75,1
4234.75,0
4235.0,1
4238.5,0
4238.75,1
4241.5,0
4243.25,1
4243.5,0
4244.75,1
4245.0,0
4257.0,1
4257.25,0
4257.5,1
4260.0,0
4260.25,1
4265.0,0
4268.25,1
4268.5,0
4269.25,1
4269.75,0
4271.25,1
4271.5,0
4277.75,1
4278.0,0
4280.25,1
4281.0,0
4281.25,1
4283.0,0
4283.25,1
4284.25,0
4284.75,1
4286.5,0
4286.75,1
4289.25,0
4292.5,1
4292.75,0
4303.0,1
4303.25,0
4305.0,1
4308.75,0
4309.25,1
4311.25,0
4311.5,1
4313.25,0
4317.25,1
4317.5,0
4318.25,1
4318.5,0
4328.75,1
4329.75,0
4330.0,1
4333.25,0
4333.5,1
4336.75,0
4337.0,1
4337.5,0
4340.25,1
4340.5,0
4341.0,1
4341.25,0
4342.75,1
4343.0,0
4401.0,1
4401.5,0
4401.75,1
4404.5,0
4405.0,1
4406.75,0
4407.25,1
4408.0,0
4408.25,1
4409.0,0
4412.5,1
4412.75,0
4413.25,1
4413.5,0
4449.0,1
4449.25,0
4449.5,1
4449.75,0
4450.0,1
4451.0,0
4451.25,1
4452.0,0
4452.25,1
4452.5,0
4452.75,1
4453.0,0
4453.25,1
4457.0,0
4457.25,1
4457.75,0
4459.5,1
4459.75,0
4461.25,1
4461.5,0
4462.75,1
4463.0,0
4470.75,1
4471.0,0
4472.75,1
4473.0,0
4473.25,1
4475.0,0
4475.25,1
4475.5,0
4475.75,1
4476.25,0
4476.5,1
4480.75,0
4484.5,1
4484.75,0
4495.5,1
4495.75,0
4497.25,1
4497.5,0
4497.75,1
4499.25,0
4499.5,1
4501.0,0
4501.25,1
4505.25,0
4507.75,1
4508.0,0
4508.75,1
4509.0,0
4568.75,1
4569.0,0
4569.25,1
4569.5,0
4569.75,1
4571.5,0
4571.75,1
4573.0,0
4573.25,1
4573.5,0
4573.75,1
4574.0,0
4574.5,1
4574.75,0
4575.0,1
4576.5,0
4576.75,1
4577.25,0
4579.5,1
4579.75,0
4580.25,1
4580.5,0
4581.0,1
4581.25,0
4592.75,1
4593.75,0
4594.0,1
4594.5,0
4594.75,1
4595.25,0
4595.5,1
4598.25,0
4598.5,1
4601.25,0
4601.5,1
4601.75,0
4604.0,1
4604.25,0
4604.75,1
4605.0,0
4617.0,1
4617.5,0
4617.75,1
4624.25,0
4624.5,1
4625.25,0
4625.5,1
4625.75,0
4627.75,1
4628.0,0
4628.75,1
4629.0,0
4629.5,1
4629.75,0
4641.0,1
4641.75,0
4642.0,1
4644.0,0
4644.25,1
4645.5,0
4645.75,1
4646.75,0
4647.0,1
4648.0,0
4648.25,1
4649.0,0
4650.75,1
4651.0,0
4651.75,1
4652.0,0
4653.25,1
4653.5,0
4662.5,1
4662.75,0
4663.25,1
4663.5,0
4665.0,1
4665.75,0
4666.0,1
4667.0,0
4667.25,1
4669.25,0
4669.5,1
4673.0,0
4676.75,1
4677.0,0
4678.25,1
4678.5,0
4736.75,1
4738.0,0
4738.25,1
4740.0,0
4740.5,1
4742.75,0
4743.0,1
4743.5,0
4744.0,1
4744.25,0
4744.5,1
4745.0,0
4745.25,1
4745.5,0
4747.0,1
4747.25,0
4758.5,1
4758.75,0
4759.75,1
4760.0,0
4762.0,1
4762.25,0
4762.5,1
4763.5,0
4763.75,1
4764.25,0
4764.5,1
4768.0,0
4768.5,1
4769.0,0
4769.25,1
4769.5,0
4772.0,1
4772.25,0
4785.25,1
4788.25,0
4788.75,1
4793.25,0
4793.5,1
4793.75,0
4795.5,1
4795.75,0
4796.25,1
4796.75,0
4798.25,1
4798.5,0
4806.25,1
4806.5,0
4807.0,1
4807.25,0
4809.25,1
4810.0,0
4810.25,1
4812.5,0
4812.75,1
4813.0,0
4813.25,1
4814.75,0
4815.0,1
4817.25,0
4817.5,1
4817.75,0
4820.0,1
4820.25,0
4820.75,1
4821.0,0
4821.25,1
4821.75,0
4830.75,1
4831.0,0
4832.0,1
4832.25,0
4832.5,1
4832.75,0
4833.0,1
4834.5,0
4834.75,1
4836.5,0
4836.75,1
4837.5,0
4837.75,1
4841.25,0
4841.5,1
4841.75,0
4844.0,1
4844.25,0
4844.75,1
4845.0,0
4905.0,1
4905.25,0
4905.5,1
4908.5,0
4909.25,1
4909.75,0
4910.0,1
4910.25,0
4910.75,1
4913.25,0
4913.75,1
4914.0,0
4916.75,1
4917.0,0
4928.75,1
4929.0,0
4929.25,1
4930.0,0
4930.25,1
4934.75,0
4935.0,1
4937.25,0
4939.5,1
4940.0,0
4940.25,1
4940.75,0
4950.0,1
4950.25,0
4953.25,1
4953.75,0
4954.0,1
4955.5,0
4955.75,1
4956.0,0
4956.25,1
4961.0,0
4963.25,1
4963.75,0
4964.0,1
4964.25,0
4965.5,1
4965.75,0
4966.0,1
4966.25,0
4966.5,1
4966.75,0
4974.75,1
4975.0,0
4975.25,1
4975.5,0
4976.25,1
4976.5,0
4977.5,1
4978.0,0
4978.25,1
4981.25,0
4981.5,1
4982.75,0
4983.0,1
4985.5,0
4989.5,1
4989.75,0
4999.25,1
4999.5,0
5000.5,1
5001.25,0
5001.5,1
5002.25,0
5002.5,1
5004.75,0
5005.0,1
5005.75,0
5006.0,1
5007.75,0
5008.25,1
5009.25,0
5013.0,1
5013.25,0
5072.5,1
5072.75,0
5073.5,1
5074.25,0
5074.5,1
5076.75,0
5077.0,1
5077.75,0
5078.0,1
5079.75,0
5080.0,1
5080.25,0
5080.5,1
5081.25,0
5085.25,1
5085.75,0
5094.5,1
5094.75,0
5096.5,1
5096.75,0
5097.0,1
5101.0,0
5101.25,1
5102.5,0
5102.75,1
5103.75,0
5104.0,1
5105.0,0
5108.25,1
5108.75,0
5110.0,1
5110.5,0
5120.5,1
5121.0,0
5121.5,1
5123.75,0
5124.0,1
5124.5,0
5124.75,1
5125.25,0
5125.75,1
5129.0,0
5129.25,1
5129.5,0
5129.75,1
5130.0,0
5130.75,1
5131.0,0
5132.25,1
5132.5,0
5133.0,1
5133.25,0
5144.0,1
5144.25,0
5144.75,1
5145.0,0
5146.0,1
5147.0,0
5147.25,1
5148.75,0
5149.0,1
5149.5,0
5149.75,1
5152.75,0
5153.0,1
5153.25,0
5156.5,1
5156.75,0
5168.5,1
5168.75,0
5169.5,1
5170.0,0
5170.25,1
5172.0,0
5172.25,1
5172.5,0
5172.75,1
5173.5,0
5173.75,1
5174.75,0
5175.0,1
5176.5,0
5176.75,1
5177.5,0
5180.25,1
5180.5,0
5238.0,1
5238.25,0
5241.0,1
5242.25,0
5242.75,1
5243.25,0
5243.5,1
5245.75,0
5246.25,1
5246.75,0
5247.25,1
5248.5,0
5248.75,1
5249.25,0
5251.25,1
5251.5,0
5253.5,1
5253.75,0
5262.75,1
5263.0,0
5264.75,1
5265.25,0
5265.5,1
5266.75,0
5267.0,1
5268.5,0
5268.75,1
5269.75,0
5270.0,1
5270.25,0
5270.5,1
5270.75,0
5271.0,1
5272.25,0
5272.75,1
5273.0,0
5273.25,1
5273.5,0
5276.5,1
5277.0,0
5277.75,1
5278.0,0
5278.25,1
5278.5,0
5285.5,1
5285.75,0
5289.25,1
5289.5,0
5289.75,1
5290.25,0
5290.5,1
5296.0,0
5296.25,1
5296.75,0
5297.5,1
5297.75,0
5300.0,1
5300.5,0
5312.0,1
5312.25,0
5312.5,1
5313.25,0
5313.5,1
5316.75,0
5317.0,1
5320.0,0
5320.25,1
5320.5,0
5320.75,1
5321.0,0
5324.75,1
5325.0,0
5335.75,1
5336.0,0
5337.5,1
5338.75,0
5339.0,1
5339.25,0
5339.5,1
5341.0,0
5341.25,1
5342.25,0
5342.5,1
5345.0,0
5348.0,1
5348.25,0
5408.0,1
5408.25,0
5408.5,1
5408.75,0
5409.5,1
5410.75,0
5411.0,1
5411.25,0
5411.5,1
5412.5,0
5412.75,1
5414.75,0
5415.0,1
5415.25,0
5415.5,1
5416.5,0
5420.5,1
5420.75,0
5421.0,1
5421.25,0
5432.75,1
5433.25,0
5433.5,1
5434.25,0
5434.5,1
5436.5,0
5436.75,1
5438.0,0
5438.25,1
5440.75,0
5441.0,1
5441.5,0
5444.0,1
5444.25,0
5444.5,1
5444.75,0
5445.0,1
5445.25,0
5454.25,1
5454.5,0
5455.5,1
5455.75,0
5456.25,1
5456.5,0
5457.0,1
5461.0,0
5461.25,1
5461.75,0
5462.25,1
5463.25,0
5463.5,1
5464.25,0
5464.5,1
5465.0,0
5467.0,1
5467.25,0
5467.75,1
5468.0,0
5469.25,1
5469.5,0
5469.75,1
5470.0,0
5478.5,1
5478.75,0
5481.5,1
5484.0,0
5484.5,1
5485.5,0
5485.75,1
5489.0,0
5489.25,1
5489.5,0
5491.25,1
5491.75,0
5492.5,1
5493.0,0
5505.0,1
5505.25,0
5505.75,1
5506.0,0
5506.25,1
5508.25,0
5508.5,1
5508.75,0
5509.0,1
5510.0,0
5510.25,1
5511.25,0
5511.75,1
5513.0,0
5513.25,1
5513.75,0
5515.75,1
5516.0,0
5516.5,1
5516.75,0
5576.25,1
5576.5,0
5577.0,1
5577.25,0
5577.5,1
5579.5,0
5579.75,1
5580.0,0
5580.25,1
5580.5,0
5580.75,1
5581.75,0
5582.0,1
5583.0,0
5583.25,1
5583.75,0
5584.0,1
5584.75,0
5585.0,1
5585.25,0
5585.5,1
5585.75,0
5588.5,1
5588.75,0
5589.25,1
5589.5,0
5600.75,1
5601.0,0
5601.5,1
5604.5,0
5604.75,1
5605.25,0
5605.5,1
5606.75,0
5607.0,1
5608.0,0
5608.5,1
5609.5,0
5612.5,1
5613.0,0
5613.5,1
5614.25,0
5624.25,1
5624.75,0
5625.0,1
5625.25,0
5625.5,1
5627.5,0
5627.75,1
5629.75,0
5630.0,1
5632.75,0
5633.0,1
5633.75,0
5635.25,1
5635.5,0
5649.25,1
5651.5,0
5651.75,1
5652.0,0
5652.25,1
5653.25,0
5653.5,1
5654.5,0
5654.75,1
5655.25,0
5655.5,1
5656.75,0
5657.0,1
5657.5,0
5660.75,1
5661.0,0
5662.25,1
5662.5,0
5670.0,1
5670.25,0
5670.75,1
5671.0,0
5673.0,1
5675.0,0
5675.25,1
5676.5,0
5677.0,1
5680.75,0
5683.75,1
5684.0,0
5685.0,1
5685.25,0
5744.25,1
5744.5,0
5744.75,1
5753.75,0
5754.0,1
5754.25,0
5754.75,1
5755.25,0
5755.75,1
5756.0,0
5756.75,1
5757.0,0
5768.75,1
5769.25,0
5769.5,1
5773.75,0
5774.0,1
5774.25,0
5774.5,1
5776.25,0
5776.5,1
5776.75,0
5777.25,1
5777.5,0
5780.25,1
5780.5,0
5781.25,1
5781.5,0
5792.75,1
5793.25,0
5793.5,1
5795.75,0
5796.0,1
5796.25,0
5796.5,1
5800.0,0
5800.25,1
5800.5,0
5800.75,1
5801.25,0
5804.25,1
5804.5,0
5816.75,1
5817.5,0
5817.75,1
5821.5,0
5821.75,1
5822.5,0
5822.75,1
5823.0,0
5823.25,1
5824.25,0
5824.75,1
5825.0,0
5827.5,1
5828.0,0
5829.0,1
5829.25,0
5835.75,1
5836.0,0
5841.0,1
5842.0,0
5842.25,1
5843.75,0
5844.0,1
5849.0,0
5849.5,1
5849.75,0
5852.25,1
5852.5,0
5853.75,1
5854.0,0
5906.0,1
5906.25,0
5909.75,1
5910.0,0
5911.0,1
5911.25,0
5912.5,1
5912.75,0
5913.0,1
5915.0,0
5915.25,1
5916.5,0
5916.75,1
5917.0,0
5917.5,1
5918.5,0
5918.75,1
5919.75,0
5920.0,1
5920.75,0
5921.25,1
5921.5,0
5923.5,1
5923.75,0
5925.25,1
5925.5,0
5959.25,1
5959.5,0
5960.25,1
5960.75,0
5961.0,1
5961.25,0
5961.5,1
5966.75,0
5967.0,1
5969.5,0
5969.75,1
5970.0,0
5970.75,1
5971.0,0
5972.5,1
5972.75,0
5974.0,1
5974.25,0
5984.75,1
5985.75,0
5986.0,1
5988.0,0
5988.25,1
5988.5,0
5989.0,1
5990.25,0
5990.75,1
5991.75,0
5992.0,1
5993.25,0
5995.5,1
5995.75,0
5996.25,1
5996.5,0
5997.0,1
5998.0,0
6009.25,1
6009.5,0
6009.75,1
6012.75,0
6013.0,1
6014.0,0
6014.25,1
6015.75,0
6016.0,1
6016.25,0
6016.5,1
6017.0,0
6019.75,1
6020.0,0
6020.25,1
6020.5,0
6078.0,1
6078.25,0
6080.5,1
6081.25,0
6081.5,1
6082.75,0
6083.0,1
6083.25,0
6083.5,1
6084.25,0
6084.5,1
6086.75,0
6087.0,1
6089.75,0
6091.0,1
6091.25,0
6091.5,1
6091.75,0
6093.25,1
6093.5,0
6103.0,1
6103.25,0
6104.5,1
6105.5,0
6105.75,1
6106.25,0
6106.5,1
6106.75,0
6107.0,1
6107.25,0
6107.5,1
6108.0,0
6108.25,1
6109.0,0
6109.25,1
6109.75,0
6110.25,1
6111.75,0
6112.0,1
6112.5,0
6112.75,1
6113.0,0
6117.25,1
6117.5,0
6127.75,1
6128.0,0
6129.0,1
6129.25,0
6129.5,1
6135.75,0
6136.0,1
6137.0,0
6137.25,1
6137.5,0
6140.25,1
6140.5,0
6150.5,1
6150.75,0
6153.0,1
6160.75,0
6165.5,1
6166.0,0
6177.0,1
6177.25,0
6177.5,1
6180.0,0
6180.25,1
6180.5,0
6180.75,1
6181.0,0
6181.25,1
6181.5,0
6181.75,1
6184.25,0
6184.5,1
6184.75,0
6185.0,1
6185.25,0
6188.0,1
6188.25,0
6188.75,1
6189.0,0
6249.0,1
6252.75,0
6253.25,1
6255.0,0
6255.25,1
6257.5,0
6260.0,1
6260.25,0
6260.75,1
6261.0,0
6270.75,1
6271.0,0
6272.75,1
6273.75,0
6274.0,1
6275.5,0
6276.0,1
6276.75,0
6277.0,1
6277.5,0
6278.0,1
6279.75,0
6280.0,1
6280.75,0
6281.0,1
6281.25,0
6284.0,1
6284.25,0
6285.0,1
6285.25,0
6296.0,1
6296.25,0
6297.0,1
6297.5,0
6297.75,1
6299.25,0
6299.5,1
6300.0,0
6300.25,1
6300.5,0
6300.75,1
6301.25,0
6301.5,1
6305.0,0
6305.5,1
6305.75,0
6308.0,1
6308.25,0
6309.5,1
6309.75,0
6320.5,1
6320.75,0
6321.0,1
6321.75,0
6322.0,1
6324.25,0
6324.5,1
6325.75,0
6326.0,1
6326.25,0
6326.5,1
6327.0,0
6327.25,1
6329.25,0
6332.75,1
6333.5,0
6343.75,1
6344.0,0
6345.0,1
6347.5,0
6347.75,1
6349.0,0
6349.5,1
6349.75,0
6350.0,1
6351.0,0
6351.25,1
6351.75,0
6352.0,1
6352.5,0
6352.75,1
6353.0,0
6354.0,1
6354.25,0
6356.5,1
6356.75,0
6357.25,1
6357.5,0
6416.5,1
6417.0,0
6417.25,1
6419.5,0
6420.0,1
6420.5,0
6421.0,1
6425.0,0
6425.25,1
6425.5,0
6428.25,1
6428.5,0
6437.75,1
6438.0,0
6441.0,1
6441.5,0
6441.75,1
6444.0,0
6444.25,1
6445.0,0
6445.25,1
6447.0,0
6447.25,1
6447.5,0
6447.75,1
6449.25,0
6451.5,1
6451.75,0
6465.25,1
6466.0,0
6466.5,1
6468.75,0
6469.0,1
6472.0,0
6472.25,1
6472.75,0
6476.0,1
6476.25,0
6476.5,1
6476.75,0
6478.5,1
6478.75,0
6488.5,1
6488.75,0
6489.25,1
6491.25,0
6491.5,1
6493.0,0
6493.75,1
6495.5,0
6495.75,1
6496.25,0
6496.5,1
6497.0,0
6499.5,1
6499.75,0
6500.25,1
6500.5,0
6501.0,1
6501.25,0
6513.25,1
6515.25,0
6515.5,1
6516.5,0
6516.75,1
6519.0,0
6519.25,1
6519.75,0
6520.0,1
6521.5,0
6523.25,1
6523.5,0
6582.75,1
6583.0,0
6585.25,1
6585.5,0
6585.75,1
6589.0,0
6589.25,1
6591.75,0
6592.0,1
6592.75,0
6593.0,1
6593.25,0
6596.5,1
6596.75,0
6609.25,1
6610.25,0
6610.5,1
6610.75,0
6611.0,1
6612.0,0
6612.5,1
6613.5,0
6613.75,1
6614.5,0
6614.75,1
6617.5,0
6619.0,1
6619.25,0
6619.5,1
6619.75,0
6620.0,1
6620.25,0
6620.5,1
6620.75,0
6621.0,1
6621.25,0
6631.25,1
6631.5,0
6631.75,1
6632.0,0
6632.75,1
6633.0,0
6633.25,1
6634.25,0
6634.5,1
6635.5,0
6635.75,1
6637.75,0
6638.0,1
6638.75,0
6639.25,1
6641.0,0
6643.5,1
6643.75,0
6644.0,1
6644.25,0
6656.75,1
6657.0,0
6657.25,1
6659.75,0
6660.0,1
6661.75,0
6662.0,1
6662.75,0
6663.0,1
6665.25,0
6666.25,1
6666.5,0
6667.0,1
6667.25,0
6669.5,1
6669.75,0
6670.25,1
6670.75,0
6679.75,1
6680.0,0
6680.75,1
6681.75,0
6682.0,1
6683.25,0
6683.75,1
6684.25,0
6684.75,1
6685.75,0
6686.0,1
6687.75,0
6688.0,1
6688.5,0
6689.0,1
6689.5,0
6690.75,1
6691.0,0
6691.25,1
6691.5,0
6692.0,1
6692.25,0
6693.75,1
6694.0,0
6749.25,1
6749.5,0
6753.5,1
6754.5,0
6754.75,1
6756.0,0
6756.5,1
6759.0,0
6759.25,1
6759.5,0
6760.0,1
6761.5,0
6763.75,1
6764.0,0
6797.5,1
6797.75,0
6798.25,1
6798.5,0
6801.25,1
6801.5,0
6802.0,1
6802.75,0
6803.0,1
6805.5,0
6805.75,1
6808.25,0
6808.5,1
6809.0,0
6809.25,1
6809.75,0
6810.75,1
6811.0,0
6812.25,1
6812.5,0
6825.0,1
6825.25,0
6825.5,1
6826.5,0
6826.75,1
6827.5,0
6827.75,1
6828.5,0
6828.75,1
6829.0,0
6829.25,1
6829.75,0
6830.0,1
6832.25,0
6832.5,1
6833.25,0
6833.75,1
6834.0,0
6836.0,1
6836.25,0
6837.5,1
6837.75,0
6847.0,1
6847.25,0
6848.25,1
6848.75,0
6849.5,1
6850.0,0
6850.25,1
6853.25,0
6853.75,1
6854.5,0
6854.75,1
6857.25,0
6859.25,1
6859.5,0
6861.0,1
6861.25,0
6920.75,1
6921.5,0
6921.75,1
6923.0,0
6923.25,1
6925.25,0
6925.5,1
6928.5,0
6928.75,1
6929.0,0
6929.5,1
6929.75,0
6931.25,1
6931.5,0
6932.5,1
6932.75,0
6933.25,1
6933.5,0
6942.75,1
6943.0,0
6945.25,1
6946.25,0
6946.5,1
6948.0,0
6948.5,1
6953.0,0
6955.25,1
6955.5,0
6956.0,1
6956.25,0
6957.0,1
6957.25,0
6958.0,1
6958.25,0
6969.25,1
6970.25,0
6970.5,1
6970.75,0
6971.0,1
6971.75,0
6972.75,1
6973.25,0
6973.5,1
6976.5,0
6976.75,1
6977.5,0
6977.75,1
6978.0,0
6979.0,1
6979.25,0
6981.0,1
6981.25,0
6981.5,1
6981.75,0
6992.5,1
6992.75,0
6993.25,1
6996.25,0
6996.5,1
6996.75,0
6997.0,1
6997.25,0
6997.5,1
6998.5,0
6998.75,1
7000.25,0
7000.5,1
7001.0,0
7003.5,1
7003.75,0
7004.75,1
7005.0,0
7014.25,1
7014.5,0
7015.25,1
7015.5,0
7017.25,1
7019.5,0
7019.75,1
7021.5,0
7022.0,1
7025.25,0
7025.5,1
7025.75,0
7027.75,1
7028.0,0
7028.25,1
7028.5,0
7088.75,1
7089.0,0
7089.5,1
7089.75,0
7090.0,1
7090.25,0
7090.75,1
7092.5,0
7092.75,1
7093.25,0
7093.5,1
7097.0,0
7100.0,1
7100.25,0
7101.0,1
7101.25,0
7113.25,1
7114.75,0
7115.0,1
7116.25,0
7116.75,1
7117.25,0
7117.5,1
7119.5,0
7119.75,1
7120.75,0
7121.0,1
7121.25,0
7121.5,1
7121.75,0
7123.5,1
7123.75,0
7124.5,1
7124.75,0
7126.0,1
7126.25,0
7134.75,1
7135.0,0
7137.25,1
7138.0,0
7138.25,1
7139.0,0
7139.5,1
7139.75,0
7140.0,1
7140.5,0
7140.75,1
7144.5,0
7145.0,1
7145.5,0
7146.75,1
7147.25,0
7147.75,1
7148.0,0
7148.25,1
7148.5,0
7160.25,1
7160.5,0
7160.75,1
7161.0,0
7161.75,1
7163.75,0
7164.0,1
7165.0,0
7165.5,1
7167.25,0
7167.5,1
7168.0,0
7168.25,1
7169.25,0
7171.75,1
7172.0,0
7172.25,1
7172.5,0
7173.25,1
7173.5,0
7184.75,1
7185.5,0
7185.75,1
7188.75,0
7189.25,1
7191.75,0
7192.0,1
7192.5,0
7192.75,1
7193.0,0
7193.5,1
7193.75,0
7196.0,1
7196.25,0
7196.75,1
7197.0,0
7258.0,1
7262.25,0
7262.5,1
7263.25,0
7263.5,1
7265.0,0
7265.25,1
7265.5,0
7267.75,1
7268.0,0
7269.0,1
7269.5,0
7279.0,1
7279.25,0
7279.5,1
7280.0,0
7281.0,1
7281.25,0
7281.5,1
7284.0,0
7284.5,1
7285.25,0
7285.5,1
7285.75,0
7286.0,1
7289.25,0
7293.0,1
7293.25,0
7294.5,1
7294.75,0
7305.75,1
7306.0,0
7306.25,1
7307.75,0
7308.0,1
7312.75,0
7316.75,1
7317.0,0
7328.0,1
7328.25,0
7328.5,1
7328.75,0
7329.25,1
7336.5,0
7336.75,1
7337.5,0
7338.75,1
7339.0,0
7339.5,1
7339.75,0
7341.0,1
7341.25,0
7350.75,1
7351.0,0
7353.0,1
7353.25,0
7353.5,1
7355.75,0
7356.25,1
7356.75,0
7357.0,1
7357.5,0
7357.75,1
7361.5,0
7363.75,1
7364.25,0
7365.25,1
7365.5,0
7423.0,1
7423.25,0
7425.0,1
7425.5,0
7425.75,1
7428.0,0
7428.25,1
7433.0,0
7436.0,1
7436.25,0
7447.0,1
7447.25,0
7449.0,1
7450.25,0
7450.5,1
7451.0,0
7451.5,1
7452.0,0
7452.5,1
7452.75,0
7453.0,1
7453.25,0
7453.5,1
7457.5,0
7459.5,1
7459.75,0
7461.75,1
7462.25,0
7471.25,1
7471.5,0
7472.75,1
7473.0,0
7473.25,1
7476.5,0
7476.75,1
7481.0,0
7483.75,1
7484.25,0
7493.75,1
7494.0,0
7497.75,1
7498.0,0
7498.25,1
7498.75,0
7499.25,1
7499.75,0
7500.0,1
7501.0,0
7501.25,1
7505.5,0
7508.0,1
7508.25,0
7521.25,1
7522.25,0
7522.5,1
7525.25,0
7525.5,1
7528.75,0
7529.25,1
7529.75,0
7531.75,1
7532.0,0
7532.5,1
7532.75,0
7590.25,1
7590.5,0
7592.75,1
7593.0,0
7593.25,1
7595.25,0
7595.5,1
7596.0,0
7596.25,1
7596.75,0
7597.5,1
7598.25,0
7598.5,1
7598.75,0
7599.0,1
7600.0,0
7600.25,1
7600.5,0
7600.75,1
7601.25,0
7604.0,1
7604.25,0
7604.5,1
7604.75,0
7606.0,1
7606.25,0
7606.5,1
7606.75,0
7616.75,1
7620.5,0
7620.75,1
7621.5,0
7621.75,1
7623.75,0
7624.0,1
7625.25,0
7627.5,1
7627.75,0
7628.0,1
7628.5,0
7629.75,1
7630.0,0
7632.0,1
7632.25,0
7640.75,1
7641.0,0
7641.25,1
7644.75,0
7645.0,1
7646.25,0
7646.5,1
7648.75,0
7649.0,1
7649.5,0
7650.0,1
7650.25,0
7650.5,1
7650.75,0
7651.0,1
7651.25,0
7652.0,1
7652.25,0
7665.5,1
7666.0,0
7666.5,1
7669.0,0
7669.25,1
7671.75,0
7672.0,1
7672.75,0
7673.25,1
7673.5,0
7676.25,1
7676.5,0
7676.75,1
7677.25,0
7689.25,1
7690.0,0
7690.25,1
7696.0,0
7696.25,1
7696.5,0
7696.75,1
7697.0,0
7697.25,1
7697.5,0
7699.75,1
7700.0,0
7701.25,1
7701.5,0
7760.5,1
7762.25,0
7762.5,1
7764.25,0
7764.75,1
7765.75,0
7766.0,1
7766.5,0
7767.0,1
7769.25,0
7772.0,1
7772.25,0
7772.5,1
7772.75,0
7773.5,1
7773.75,0
7783.25,1
7783.5,0
7784.75,1
7785.25,0
7785.5,1
7790.25,0
7790.5,1
7790.75,0
7791.0,1
7791.5,0
7791.75,1
7792.5,0
7792.75,1
7793.0,0
7793.25,1
7793.5,0
7795.25,1
7795.5,0
7808.75,1
7809.0,0
7809.5,1
7811.0,0
7811.25,1
7812.0,0
7812.25,1
7812.5,0
7812.75,1
7813.25,0
7813.5,1
7813.75,0
7814.25,1
7815.0,0
7815.25,1
7817.0,0
7817.25,1
7817.75,0
7820.5,1
7820.75,0
7830.5,1
7830.75,0
7833.5,1
7838.5,0
7838.75,1
7840.25,0
7840.5,1
7841.0,0
7841.5,1
7841.75,0
7843.75,1
7844.0,0
7844.25,1
7844.5,0
7844.75,1
7845.0,0
7845.25,1
7845.5,0
7928.75,1
7929.0,0
7929.25,1
7933.25,0
7933.5,1
7934.75,0
7935.0,1
7936.75,0
7937.25,1
7937.5,0
7940.0,1
7940.25,0
7952.0,1
7952.25,0
7953.25,1
7953.5,0
7953.75,1
7956.25,0
7956.5,1
7957.25,0
7957.5,1
7961.25,0
7964.25,1
7964.5,0
7965.0,1
7965.25,0
7966.0,1
7966.25,0
7976.75,1
7980.0,0
7980.25,1
7981.5,0
7981.75,1
7984.75,0
7985.0,1
7985.5,0
7988.25,1
7988.5,0
7988.75,1
7989.0,0
7989.25,1
7989.5,0
8001.0,1
8001.25,0
8001.5,1
8004.75,0
8005.0,1
8008.5,0
8008.75,1
8009.0,0
8009.5,1
8009.75,0
8012.5,1
8012.75,0
8014.0,1
8014.25,0
8022.5,1
8022.75,0
8025.25,1
8026.75,0
8027.0,1
8028.25,0
8028.5,1
8028.75,0
8029.0,1
8032.0,0
8032.25,1
8032.75,0
8033.25,1
8033.5,0
8036.25,1
8036.5,0
8037.5,1
8037.75,0
8094.25,1
8094.5,0
8097.25,1
8100.0,0
8101.0,1
8101.5,0
8101.75,1
8105.25,0
8108.25,1
8109.25,0
8109.5,1
8109.75,0
8119.25,1
8119.5,0
8120.75,1
8121.0,0
8121.25,1
8122.25,0
8122.5,1
8123.25,0
8123.5,1
8124.25,0
8124.5,1
8128.25,0
8128.5,1
8129.25,0
8132.75,1
8133.0,0
8133.25,1
8133.75,0
8144.5,1
8144.75,0
8145.25,1
8146.0,0
8146.25,1
8147.0,0
8147.25,1
8150.0,0
8150.25,1
8152.75,0
8153.0,1
8153.5,0
8156.25,1
8156.5,0
8157.5,1
8157.75,0
8168.0,1
8168.25,0
8168.75,1
8169.0,0
8169.25,1
8170.25,0
8170.5,1
8171.25,0
8171.5,1
8172.0,0
8172.5,1
8172.75,0
8173.0,1
8173.25,0
8173.5,1
8174.5,0
8174.75,1
8177.25,0
8180.5,1
8180.75,0
8193.5,1
8194.0,0
8194.25,1
8195.75,0
8196.0,1
8196.25,0
8196.5,1
8197.75,0
8198.25,1
8200.5,0
8201.0,1
8201.5,0
8203.0,1
8203.5,0
8206.0,1
8206.25,0
8263.25,1
8263.5,0
8265.5,1
8267.25,0
8267.5,1
8268.0,0
8268.25,1
8269.0,0
8269.5,1
8271.25,0
8271.5,1
8273.0,0
8273.25,1
8273.75,0
8275.5,1
8275.75,0
8277.0,1
8277.5,0
8289.0,1
8290.25,0
8290.5,1
8294.0,0
8294.25,1
8296.5,0
8297.0,1
8297.5,0
8301.25,1
8301.75,0
8302.25,1
8302.5,0
8311.0,1
8311.25,0
8312.5,1
8316.0,0
8316.25,1
8316.75,0
8317.0,1
8318.75,0
8319.0,1
8321.0,0
8324.25,1
8324.5,0
8336.75,1
8337.0,0
8337.25,1
8339.0,0
8339.25,1
8340.0,0
8340.25,1
8340.5,0
8340.75,1
8342.25,0
8342.5,1
8345.0,0
8348.0,1
8348.25,0
8350.25,1
8350.5,0
8358.25,1
8358.5,0
8361.5,1
8363.75,0
8364.25,1
8365.75,0
8366.0,1
8367.75,0
8368.0,1
8369.5,0
8371.5,1
8372.0,0
8372.25,1
8372.5,0
8433.25,1
8438.0,0
8438.5,1
8439.0,0
8439.25,1
8441.25,0
8444.25,1
8444.5,0
8454.25,1
8454.5,0
8457.0,1
8457.25,0
8457.5,1
8459.75,0
8460.0,1
8461.0,0
8461.25,1
8463.0,0
8463.25,1
8463.75,0
8464.0,1
8465.0,0
8468.0,1
8468.25,0
8469.25,1
8469.75,0
8481.5,1
8485.5,0
8485.75,1
8489.0,0
8489.25,1
8489.5,0
8492.0,1
8492.25,0
8493.5,1
8493.75,0
8502.5,1
8502.75,0
8505.0,1
8510.25,0
8510.5,1
8511.5,0
8511.75,1
8513.5,0
8516.5,1
8516.75,0
8518.0,1
8518.25,0
8526.75,1
8527.0,0
8529.0,1
8529.75,0
8530.0,1
8533.5,0
8534.25,1
8537.25,0
8540.0,1
8540.25,0
8540.75,1
8541.0,0
8624.25,1
8624.5,0
8624.75,1
8625.25,0
8626.0,1
8626.25,0
8626.5,1
8628.5,0
8628.75,1
8633.0,0
8636.25,1
8636.75,0
8646.0,1
8646.25,0
8647.75,1
8648.0,0
8649.0,1
8652.75,0
8653.0,1
8653.75,0
8654.0,1
8654.5,0
8654.75,1
8657.0,0
8657.25,1
8657.5,0
8660.25,1
8660.5,0
8661.5,1
8661.75,0
8671.75,1
8672.0,0
8673.25,1
8673.75,0
8674.0,1
8676.0,0
8676.25,1
8677.25,0
8677.5,1
8678.5,0
8678.75,1
8679.25,0
8679.5,1
8681.0,0
8681.25,1
8681.5,0
8684.0,1
8684.25,0
8685.75,1
8686.25,0
8697.5,1
8699.5,0
8700.0,1
8700.5,0
8700.75,1
8701.0,0
8701.25,1
8703.0,0
8703.25,1
8703.5,0
8704.0,1
8704.25,0
8704.5,1
8704.75,0
8708.0,1
8708.25,0
8709.5,1
8709.75,0
