#1


float Room-203 (3993,2)
0.0,0
33.0,1
33.25,0
33.5,1
35.75,0
36.0,1
36.5,0
36.75,1
37.75,0
38.0,1
40.25,0
40.5,1
41.0,0
44.75,1
45.0,0
56.25,1
56.5,0
57.25,1
57.5,0
57.75,1
58.0,0
58.25,1
64.75,0
65.5,1
65.75,0
68.25,1
68.5,0
80.0,1
80.25,0
81.25,1
84.0,0
84.25,1
89.25,0
92.25,1
92.5,0
93.25,1
93.5,0
104.75,1
105.75,0
106.0,1
108.5,0
108.75,1
113.0,0
113.25,1
113.5,0
116.0,1
116.25,0
128.75,1
129.0,0
129.25,1
131.5,0
131.75,1
135.0,0
135.25,1
136.5,0
136.75,1
137.25,0
140.5,1
140.75,0
141.0,1
141.25,0
198.0,1
198.25,0
198.75,1
199.25,0
200.5,1
200.75,0
201.0,1
205.0,0
205.5,1
208.25,0
208.5,1
209.5,0
211.5,1
212.0,0
214.25,1
214.5,0
223.25,1
223.5,0
225.25,1
229.25,0
230.0,1
230.5,0
230.75,1
233.0,0
233.25,1
233.5,0
235.75,1
236.0,0
237.0,1
237.25,0
248.75,1
249.0,0
249.25,1
252.25,0
252.5,1
253.0,0
253.25,1
253.5,0
253.75,1
257.25,0
260.5,1
260.75,0
261.5,1
261.75,0
271.0,1
271.25,0
273.0,1
276.25,0
276.5,1
277.5,0
277.75,1
281.0,0
284.75,1
285.0,0
285.25,1
285.5,0
296.5,1
296.75,0
297.0,1
297.25,0
297.5,1
300.5,0
300.75,1
302.75,0
303.0,1
303.5,0
303.75,1
304.25,0
304.5,1
305.0,0
305.25,1
305.5,0
307.0,1
307.25,0
307.75,1
308.0,0
308.75,1
309.0,0
369.0,1
369.75,0
370.0,1
371.0,0
371.25,1
371.5,0
371.75,1
373.25,0
373.5,1
376.75,0
377.0,1
377.5,0
380.0,1
380.25,0
381.75,1
382.0,0
393.25,1
395.5,0
395.75,1
396.0,0
396.5,1
396.75,0
397.0,1
398.75,0
399.0,1
400.75,0
401.0,1
401.5,0
404.0,1
404.25,0
404.5,1
404.75,0
440.75,1
442.5,0
442.75,1
443.5,0
443.75,1
445.0,0
445.25,1
445.75,0
446.0,1
446.5,0
446.75,1
449.25,0
453.5,1
453.75,0
454.25,1
454.5,0
462.5,1
462.75,0
464.5,1
464.75,0
465.0,1
465.5,0
465.75,1
469.75,0
470.0,1
472.75,0
473.0,1
473.25,0
473.5,1
473.75,0
476.5,1
476.75,0
477.0,1
477.25,0
477.75,1
478.0,0
535.5,1
535.75,0
537.25,1
537.75,0
538.0,1
540.25,0
541.0,1
541.25,0
541.5,1
541.75,0
542.0,1
545.25,0
546.25,1
546.5,0
548.25,1
548.5,0
561.25,1
561.5,0
562.0,1
564.75,0
565.0,1
566.25,0
566.5,1
569.25,0
572.0,1
572.25,0
572.5,1
573.0,0
584.75,1
585.0,0
585.25,1
585.75,0
586.0,1
589.25,0
589.5,1
589.75,0
590.0,1
591.5,0
591.75,1
592.5,0
592.75,1
593.0,0
593.25,1
593.75,0
595.5,1
595.75,0
596.75,1
597.25,0
607.0,1
607.25,0
609.5,1
615.75,0
616.0,1
616.25,0
616.5,1
617.5,0
619.75,1
620.0,0
633.25,1
633.5,0
633.75,1
634.5,0
634.75,1
639.5,0
639.75,1
641.0,0
641.25,1
641.5,0
643.75,1
644.0,0
704.75,1
710.5,0
711.25,1
713.25,0
716.5,1
716.75,0
726.75,1
727.0,0
729.25,1
730.0,0
730.25,1
731.0,0
731.25,1
732.25,0
732.5,1
733.0,0
733.25,1
737.0,0
737.25,1
737.5,0
738.75,1
739.0,0
739.75,1
740.0,0
740.25,1
740.5,0
753.0,1
753.25,0
753.5,1
753.75,0
754.0,1
756.25,0
756.5,1
757.5,0
757.75,1
759.25,0
760.0,1
760.5,0
760.75,1
761.5,0
764.75,1
765.0,0
776.75,1
777.0,0
777.25,1
780.25,0
780.5,1
785.25,0
787.5,1
787.75,0
801.25,1
801.5,0
801.75,1
809.25,0
809.5,1
810.0,0
810.25,1
810.5,0
811.75,1
812.25,0
813.75,1
814.0,0
873.0,1
873.25,0
873.5,1
875.75,0
876.0,1
877.75,0
878.0,1
878.75,0
879.0,1
881.25,0
883.0,1
883.25,0
885.25,1
885.5,0
897.0,1
897.25,0
897.5,1
898.25,0
898.5,1
899.75,0
900.0,1
901.25,0
901.5,1
903.5,0
904.25,1
904.5,0
904.75,1
905.5,0
908.5,1
909.0,0
909.75,1
910.0,0
918.25,1
918.5,0
921.0,1
922.25,0
922.5,1
923.5,0
923.75,1
925.0,0
925.25,1
926.25,0
926.5,1
927.75,0
928.0,1
929.25,0
932.25,1
932.5,0
933.5,1
933.75,0
934.25,1
934.5,0
942.25,1
942.5,0
944.75,1
945.0,0
945.5,1
946.0,0
946.25,1
948.5,0
949.0,1
950.25,0
950.5,1
952.25,0
952.75,1
953.25,0
956.0,1
956.25,0
969.25,1
969.5,0
969.75,1
971.5,0
971.75,1
972.5,0
972.75,1
974.5,0
974.75,1
977.25,0
977.75,1
978.0,0
979.5,1
979.75,0
980.75,1
981.0,0
982.25,1
982.5,0
1039.25,1
1039.5,0
1040.0,1
1040.25,0
1041.25,1
1044.0,0
1044.25,1
1045.0,0
1045.25,1
1045.5,0
1045.75,1
1047.25,0
1047.5,1
1049.5,0
1052.25,1
1052.5,0
1053.25,1
1053.5,0
1054.25,1
1054.5,0
1062.75,1
1063.0,0
1064.5,1
1064.75,0
1065.25,1
1069.0,0
1069.25,1
1069.5,0
1069.75,1
1070.25,0
1070.75,1
1072.0,0
1072.25,1
1073.5,0
1076.5,1
1076.75,0
1110.75,1
1111.0,0
1112.75,1
1113.0,0
1113.25,1
1114.75,0
1115.25,1
1116.0,0
1116.5,1
1117.25,0
1117.5,1
1119.75,0
1120.0,1
1121.25,0
1123.25,1
1123.75,0
1125.75,1
1126.0,0
1134.75,1
1135.25,0
1137.0,1
1137.25,0
1137.5,1
1139.75,0
1140.0,1
1141.25,0
1141.5,1
1145.75,0
1148.0,1
1148.5,0
1208.25,1
1208.5,0
1208.75,1
1209.25,0
1209.5,1
1211.25,0
1212.0,1
1212.5,0
1212.75,1
1213.5,0
1213.75,1
1217.75,0
1218.5,1
1218.75,0
1220.5,1
1220.75,0
1230.75,1
1231.0,0
1231.5,1
1231.75,0
1233.25,1
1233.5,0
1233.75,1
1236.75,0
1237.0,1
1238.5,0
1239.0,1
1240.25,0
1240.5,1
1240.75,0
1243.75,1
1244.0,0
1246.0,1
1246.25,0
1256.75,1
1257.25,0
1257.5,1
1258.5,0
1258.75,1
1261.5,0
1261.75,1
1262.0,0
1262.25,1
1262.5,0
1262.75,1
1264.5,0
1264.75,1
1265.25,0
1268.5,1
1268.75,0
1278.5,1
1279.0,0
1280.5,1
1280.75,0
1281.5,1
1282.0,0
1282.25,1
1283.0,0
1283.25,1
1284.5,0
1284.75,1
1285.0,0
1285.25,1
1286.75,0
1287.0,1
1288.0,0
1288.25,1
1288.75,0
1291.5,1
1291.75,0
1292.5,1
1293.0,0
1301.75,1
1302.0,0
1305.0,1
1305.25,0
1305.75,1
1306.25,0
1306.5,1
1310.25,0
1311.25,1
1311.5,0
1311.75,1
1312.0,0
1312.5,1
1313.0,0
1313.25,1
1313.5,0
1315.75,1
1316.0,0
1376.5,1
1376.75,0
1377.0,1
1380.5,0
1380.75,1
1385.25,0
1387.5,1
1387.75,0
1401.5,1
1402.5,0
1403.25,1
1404.5,0
1404.75,1
1409.0,0
1409.25,1
1409.5,0
1412.5,1
1412.75,0
1422.0,1
1422.25,0
1425.75,1
1428.75,0
1429.0,1
1430.25,0
1430.75,1
1431.25,0
1431.5,1
1433.25,0
1433.5,1
1433.75,0
1436.25,1
1436.5,0
1449.0,1
1449.5,0
1449.75,1
1452.75,0
1453.0,1
1453.25,0
1453.5,1
1453.75,0
1454.0,1
1456.75,0
1457.0,1
1457.5,0
1459.5,1
1459.75,0
1460.0,1
1460.5,0
1460.75,1
1461.0,0
1461.25,1
1461.5,0
1473.0,1
1473.25,0
1473.5,1
1473.75,0
1474.0,1
1474.5,0
1474.75,1
1476.0,0
1476.25,1
1480.5,0
1480.75,1
1481.0,0
1481.5,1
1481.75,0
1484.5,1
1484.75,0
1485.75,1
1486.0,0
1545.5,1
1547.5,0
1547.75,1
1548.0,0
1548.25,1
1548.5,0
1548.75,1
1553.0,0
1553.25,1
1554.0,0
1556.0,1
1556.25,0
1568.75,1
1569.25,0
1569.5,1
1571.5,0
1571.75,1
1577.5,0
1579.25,1
1579.5,0
1593.25,1
1593.5,0
1594.0,1
1594.75,0
1595.0,1
1596.0,0
1596.25,1
1596.5,0
1596.75,1
1597.0,0
1597.25,1
1598.25,0
1598.5,1
1600.5,0
1600.75,1
1601.25,0
1604.5,1
1604.75,0
1616.5,1
1616.75,0
1617.0,1
1620.75,0
1621.0,1
1621.25,0
1621.5,1
1623.25,0
1623.5,1
1625.25,0
1627.75,1
1628.25,0
1628.5,1
1629.0,0
1637.0,1
1637.25,0
1638.5,1
1638.75,0
1640.0,1
1640.25,0
1641.0,1
1641.5,0
1641.75,1
1644.0,0
1644.75,1
1646.75,0
1647.0,1
1649.25,0
1651.75,1
1652.0,0
1653.0,1
1653.25,0
1712.75,1
1713.25,0
1714.0,1
1715.25,0
1715.5,1
1717.0,0
1717.25,1
1718.5,0
1719.0,1
1721.25,0
1722.75,1
1723.0,0
1725.5,1
1725.75,0
1736.75,1
1737.25,0
1737.5,1
1738.0,0
1738.25,1
1738.75,0
1739.0,1
1742.0,0
1742.25,1
1745.25,0
1747.0,1
1747.25,0
1749.5,1
1750.0,0
1758.5,1
1758.75,0
1761.0,1
1762.25,0
1762.5,1
1764.5,0
1764.75,1
1766.5,0
1766.75,1
1768.0,0
1768.25,1
1769.0,0
1769.5,1
1769.75,0
1772.75,1
1773.0,0
1774.25,1
1774.5,0
1782.75,1
1783.0,0
1785.0,1
1786.0,0
1786.25,1
1786.5,0
1786.75,1
1792.25,0
1792.5,1
1793.25,0
1795.5,1
1795.75,0
1796.0,1
1796.25,0
1808.75,1
1812.0,0
1812.25,1
1815.75,0
1816.0,1
1817.0,0
1817.5,1
1817.75,0
1820.25,1
1820.5,0
1822.0,1
1822.25,0
1822.5,1
1822.75,0
1880.25,1
1880.5,0
1880.75,1
1881.0,0
1881.5,1
1884.0,0
1884.25,1
1884.75,0
1885.0,1
1888.75,0
1889.0,1
1889.25,0
1889.75,1
1890.0,0
1892.0,1
1892.25,0
1905.25,1
1906.0,0
1906.25,1
1908.25,0
1908.5,1
1909.0,0
1909.25,1
1910.0,0
1910.25,1
1912.0,0
1912.25,1
1912.75,0
1913.0,1
1913.5,0
1915.25,1
1915.5,0
1917.0,1
1917.25,0
1917.5,1
1917.75,0
1928.75,1
1930.5,0
1930.75,1
1932.0,0
1932.25,1
1936.25,0
1936.5,1
1937.0,0
1937.25,1
1937.5,0
1940.25,1
1940.75,0
1941.0,1
1941.25,0
1953.25,1
1955.0,0
1955.25,1
1958.25,0
1958.5,1
1961.0,0
1961.25,1
1961.5,0
1963.75,1
1964.0,0
1964.75,1
1965.0,0
1977.25,1
1977.75,0
1978.0,1
1984.0,0
1984.25,1
1984.75,0
1985.0,1
1985.25,0
1985.5,1
1985.75,0
1988.25,1
1988.5,0
1990.0,1
1990.5,0
2049.25,1
2049.5,0
2049.75,1
2050.75,0
2051.0,1
2051.25,0
2051.75,1
2053.0,0
2053.75,1
2055.0,0
2055.25,1
2056.5,0
2056.75,1
2057.25,0
2060.0,1
2060.25,0
2060.5,1
2061.0,0
2061.25,1
2061.5,0
2073.25,1
2075.25,0
2075.5,1
2076.75,0
2077.0,1
2078.5,0
2078.75,1
2079.75,0
2080.0,1
2081.25,0
2081.5,1
2081.75,0
2083.75,1
2084.0,0
2086.0,1
2086.25,0
2097.25,1
2101.75,0
2102.0,1
2103.0,0
2103.25,1
2104.25,0
2104.5,1
2105.25,0
2108.25,1
2108.75,0
2109.0,1
2109.25,0
2121.25,1
2122.0,0
2122.25,1
2124.5,0
2124.75,1
2125.0,0
2125.25,1
2125.5,0
2126.25,1
2129.25,0
2133.0,1
2133.25,0
2134.0,1
2134.25,0
2145.25,1
2146.75,0
2147.0,1
2148.75,0
2149.0,1
2149.25,0
2149.5,1
2150.5,0
2150.75,1
2152.75,0
2156.25,1
2156.5,0
2157.0,1
2157.25,0
2215.0,1
2215.25,0
2217.0,1
2217.5,0
2217.75,1
2218.5,0
2218.75,1
2220.25,0
2220.5,1
2222.25,0
2222.5,1
2225.0,0
2226.75,1
2227.0,0
2229.0,1
2229.25,0
2237.75,1
2238.0,0
2238.25,1
2238.5,0
2240.0,1
2240.25,0
2241.0,1
2244.25,0
2244.75,1
2246.25,0
2246.5,1
2248.5,0
2248.75,1
2249.25,0
2251.0,1
2251.25,0
2254.0,1
2254.25,0
2264.75,1
2265.0,0
2265.25,1
2265.5,0
2265.75,1
2267.25,0
2267.5,1
2268.5,0
2269.25,1
2273.25,0
2275.0,1
2275.25,0
2289.25,1
2289.5,0
2289.75,1
2290.25,0
2290.5,1
2291.75,0
2292.0,1
2292.5,0
2293.0,1
2293.25,0
2293.5,1
2294.5,0
2295.0,1
2297.0,0
2299.25,1
2299.5,0
2300.25,1
2300.5,0
2312.75,1
2313.25,0
2313.5,1
2313.75,0
2314.0,1
2316.25,0
2316.5,1
2320.75,0
2324.5,1
2324.75,0
2325.25,1
2325.5,0
2384.0,1
2384.25,0
2384.5,1
2384.75,0
2385.5,1
2387.25,0
2387.5,1
2387.75,0
2388.0,1
2388.25,0
2389.0,1
2389.5,0
2389.75,1
2392.5,0
2392.75,1
2393.0,0
2395.5,1
2395.75,0
2397.5,1
2397.75,0
2406.75,1
2407.0,0
2409.0,1
2409.75,0
2410.0,1
2411.25,0
2411.5,1
2412.0,0
2412.5,1
2415.25,0
2415.75,1
2416.75,0
2417.0,1
2417.25,0
2419.5,1
2419.75,0
2421.0,1
2421.25,0
2432.0,1
2432.25,0
2433.25,1
2436.25,0
2436.75,1
2438.0,0
2438.25,1
2439.25,0
2439.5,1
2441.5,0
2444.0,1
2444.25,0
2444.5,1
2444.75,0
2445.75,1
2446.25,0
2458.0,1
2458.5,0
2458.75,1
2462.25,0
2462.5,1
2463.75,0
2464.0,1
2465.0,0
2467.75,1
2468.0,0
2469.5,1
2469.75,0
2481.0,1
2484.75,0
2485.0,1
2488.5,0
2488.75,1
2489.5,0
2490.0,1
2490.25,0
2491.75,1
2492.0,0
2492.75,1
2493.0,0
2553.0,1
2561.25,0
2561.75,1
2562.0,0
2563.5,1
2563.75,0
2566.0,1
2566.25,0
2566.75,1
2567.0,0
2576.25,1
2576.5,0
2577.0,1
2577.75,0
2578.5,1
2580.0,0
2580.25,1
2581.0,0
2581.25,1
2582.25,0
2582.5,1
2583.25,0
2583.5,1
2585.0,0
2585.25,1
2585.5,0
2588.25,1
2588.5,0
2601.75,1
2604.25,0
2604.75,1
2605.5,0
2606.0,1
2609.25,0
2612.5,1
2612.75,0
2613.75,1
2614.0,0
2625.25,1
2625.75,0
2626.0,1
2628.0,0
2628.25,1
2629.25,0
2629.5,1
2630.25,0
2630.5,1
2630.75,0
2631.0,1
2633.5,0
2636.75,1
2637.25,0
2637.75,1
2638.0,0
2649.25,1
2649.5,0
2649.75,1
2650.5,0
2650.75,1
2652.75,0
2653.25,1
2656.0,0
2656.25,1
2657.25,0
2657.5,1
2657.75,0
2660.5,1
2660.75,0
2661.5,1
2661.75,0
2717.75,1
2718.0,0
2718.5,1
2718.75,0
2720.0,1
2720.25,0
2721.25,1
2722.0,0
2722.25,1
2723.25,0
2723.5,1
2724.0,0
2724.25,1
2724.5,0
2725.0,1
2728.75,0
2729.0,1
2729.25,0
2732.25,1
2732.5,0
2733.5,1
2733.75,0
2742.75,1
2743.0,0
2744.5,1
2748.75,0
2749.0,1
2749.25,0
2749.5,1
2751.25,0
2751.5,1
2753.25,0
2755.5,1
2755.75,0
2766.25,1
2766.5,0
2768.25,1
2768.5,0
2769.75,1
2770.0,0
2770.25,1
2771.5,0
2771.75,1
2773.25,0
2773.5,1
2773.75,0
2774.0,1
2774.25,0
2774.5,1
2774.75,0
2775.0,1
2777.25,0
2780.0,1
2780.25,0
2792.75,1
2793.25,0
2793.5,1
2795.25,0
2795.5,1
2795.75,0
2796.0,1
2797.25,0
2797.5,1
2799.5,0
2799.75,1
2800.0,0
2800.25,1
2801.25,0
2803.25,1
2803.5,0
2805.0,1
2805.25,0
2817.25,1
2817.75,0
2818.5,1
2821.25,0
2821.5,1
2821.75,0
2822.0,1
2822.5,0
2822.75,1
2824.75,0
2827.25,1
2827.5,0
2886.25,1
2886.5,0
2889.0,1
2889.25,0
2889.5,1
2893.25,0
2893.5,1
2896.75,0
2897.0,1
2897.25,0
2899.75,1
2900.0,0
2900.5,1
2900.75,0
2901.0,1
2901.25,0
2913.0,1
2914.5,0
2914.75,1
2917.0,0
2917.25,1
2917.75,0
2918.0,1
2919.5,0
2919.75,1
2921.5,0
2924.25,1
2925.0,0
2925.25,1
2925.5,0
2935.25,1
2935.5,0
2935.75,1
2936.0,0
2936.75,1
2937.0,0
2937.25,1
2937.75,0
2938.0,1
2939.75,0
2940.0,1
2941.5,0
2941.75,1
2942.5,0
2942.75,1
2944.25,0
2944.75,1
2945.5,0
2947.75,1
2948.0,0
2949.25,1
2949.75,0
2961.25,1
2963.0,0
2963.25,1
2964.25,0
2964.75,1
2966.0,0
2966.25,1
2966.5,0
2966.75,1
2968.25,0
2968.5,1
2969.25,0
2971.5,1
2971.75,0
2973.5,1
2973.75,0
2974.25,1
2974.5,0
2981.5,1
2982.0,0
2984.75,1
2985.0,0
2985.25,1
2985.5,0
2985.75,1
2988.25,0
2988.5,1
2993.0,0
2993.5,1
2993.75,0
2995.75,1
2996.25,0
2996.75,1
2997.0,0
3054.25,1
3054.5,0
3056.75,1
3059.25,0
3059.5,1
3065.5,0
3068.25,1
3068.5,0
3077.75,1
3078.0,0
3078.25,1
3078.5,0
3080.75,1
3081.0,0
3081.25,1
3082.5,0
3082.75,1
3084.5,0
3084.75,1
3085.25,0
3085.5,1
3085.75,0
3086.0,1
3086.5,0
3086.75,1
3087.5,0
3088.0,1
3088.25,0
3088.5,1
3089.5,0
3091.75,1
3092.0,0
3094.5,1
3094.75,0
3105.0,1
3108.75,0
3109.0,1
3110.25,0
3110.5,1
3113.5,0
3116.75,1
3117.0,0
3118.0,1
3118.25,0
3128.5,1
3128.75,0
3129.0,1
3131.5,0
3131.75,1
3132.0,0
3132.5,1
3134.75,0
3135.0,1
3137.0,0
3137.5,1
3137.75,0
3139.75,1
3140.0,0
3140.5,1
3140.75,0
3150.0,1
3150.25,0
3153.75,1
3154.0,0
3154.25,1
3154.75,0
3155.0,1
3156.75,0
3157.0,1
3157.25,0
3158.0,1
3160.75,0
3161.0,1
3161.5,0
3164.5,1
3164.75,0
3165.0,1
3165.25,0
3222.0,1
3222.25,0
3224.75,1
3226.5,0
3226.75,1
3227.0,0
3227.25,1
3228.5,0
3228.75,1
3231.25,0
3231.5,1
3233.25,0
3233.75,1
3234.0,0
3235.5,1
3235.75,0
3236.25,1
3236.5,0
3237.75,1
3238.0,0
3247.75,1
3248.0,0
3249.0,1
3249.25,0
3249.75,1
3252.5,0
3252.75,1
3255.75,0
3256.0,1
3257.0,0
3260.0,1
3260.25,0
3260.5,1
3261.0,0
3272.75,1
3275.5,0
3275.75,1
3276.0,0
3276.25,1
3277.5,0
3278.0,1
3281.5,0
3283.75,1
3284.0,0
3295.0,1
3295.25,0
3296.5,1
3296.75,0
3297.0,1
3300.75,0
3301.0,1
3302.75,0
3303.0,1
3303.5,0
3303.75,1
3304.0,0
3304.25,1
3305.25,0
3308.25,1
3308.5,0
3320.25,1
3320.75,0
3321.25,1
3321.75,0
3322.0,1
3323.75,0
3324.0,1
3324.25,0
3324.5,1
3326.0,0
3326.25,1
3328.25,0
3328.75,1
3329.25,0
3329.75,1
3330.0,0
3331.75,1
3332.0,0
3332.5,1
3333.25,0
3393.25,1
3395.25,0
3395.5,1
3395.75,0
3396.0,1
3398.25,0
3398.5,1
3400.75,0
3401.0,1
3401.25,0
3404.0,1
3404.5,0
3405.25,1
3405.5,0
3405.75,1
3406.0,0
3414.0,1
3414.25,0
3414.75,1
3415.0,0
3416.25,1
3416.5,0
3417.25,1
3419.5,0
3419.75,1
3420.5,0
3420.75,1
3425.0,0
3425.5,1
3425.75,0
3428.5,1
3429.25,0
3438.25,1
3438.5,0
3441.25,1
3444.5,0
3444.75,1
3445.0,0
3445.5,1
3448.75,0
3452.0,1
3452.5,0
3454.0,1
3454.25,0
3462.0,1
3462.25,0
3463.75,1
3464.0,0
3465.25,1
3465.75,0
3466.25,1
3467.0,0
3467.25,1
3470.5,0
3471.0,1
3473.0,0
3476.0,1
3476.25,0
3476.75,1
3477.0,0
3477.25,1
3477.5,0
3488.0,1
3488.25,0
3488.75,1
3492.5,0
3493.0,1
3494.25,0
3494.5,1
3497.0,0
3497.5,1
3497.75,0
3499.0,1
3499.25,0
3500.25,1
3500.5,0
3500.75,1
3501.0,0
3502.25,1
3502.5,0
3558.0,1
3558.25,0
3561.0,1
3563.25,0
3563.5,1
3568.0,0
3568.25,1
3569.25,0
3571.5,1
3571.75,0
3572.0,1
3572.25,0
3573.0,1
3573.25,0
3574.0,1
3574.5,0
3609.0,1
3611.25,0
3611.5,1
3612.5,0
3612.75,1
3614.75,0
3615.0,1
3617.25,0
3620.75,1
3621.0,0
3621.25,1
3621.5,0
3622.0,1
3622.25,0
3630.0,1
3630.25,0
3633.25,1
3634.5,0
3634.75,1
3635.75,0
3636.0,1
3637.5,0
3637.75,1
3640.25,0
3640.5,1
3641.25,0
3644.5,1
3644.75,0
3645.75,1
3646.0,0
3657.25,1
3657.5,0
3658.0,1
3660.5,0
3660.75,1
3661.25,0
3661.5,1
3661.75,0
3662.0,1
3664.75,0
3665.0,1
3665.25,0
3667.25,1
3667.75,0
3668.75,1
3669.0,0
3729.5,1
3730.0,0
3730.25,1
3733.5,0
3733.75,1
3734.25,0
3734.5,1
3737.25,0
3739.25,1
3739.5,0
3749.5,1
3749.75,0
3753.25,1
3753.5,0
3753.75,1
3754.25,0
3754.5,1
3755.5,0
3755.75,1
3757.75,0
3758.25,1
3758.5,0
3758.75,1
3760.25,0
3760.5,1
3760.75,0
3761.0,1
3761.25,0
3764.25,1
3764.5,0
3777.5,1
3780.25,0
3780.5,1
3781.5,0
3782.0,1
3782.25,0
3782.75,1
3785.0,0
3785.25,1
3785.75,0
3787.75,1
3788.25,0
3788.5,1
3789.0,0
3790.0,1
3790.25,0
3800.75,1
3803.75,0
3804.0,1
3804.5,0
3805.0,1
3806.0,0
3806.25,1
3806.5,0
3806.75,1
3809.25,0
3809.5,1
3809.75,0
3812.5,1
3813.0,0
3813.25,1
3813.5,0
3824.5,1
3825.25,0
3825.5,1
3828.5,0
3828.75,1
3833.0,0
3833.25,1
3833.5,0
3835.25,1
3836.0,0
3838.25,1
3838.5,0
3894.25,1
3894.5,0
3897.0,1
3897.75,0
3898.0,1
3902.0,0
3902.25,1
3904.0,0
3904.25,1
3905.25,0
3905.5,1
3905.75,0
3907.0,1
3907.25,0
3907.5,1
3907.75,0
3920.75,1
3921.0,0
3921.25,1
3923.5,0
3923.75,1
3924.0,0
3924.25,1
3925.0,0
3925.25,1
3925.5,0
3925.75,1
3928.75,0
3929.0,1
3929.25,0
3931.5,1
3931.75,0
3933.0,1
3933.5,0
3943.25,1
3943.5,0
3945.25,1
3946.75,0
3947.0,1
3950.0,0
3950.25,1
3950.5,0
3950.75,1
3952.0,0
3952.5,1
3953.25,0
3955.75,1
3956.0,0
3967.75,1
3968.0,0
3969.0,1
3969.5,0
3969.75,1
3970.0,0
3970.25,1
3973.25,0
3973.5,1
3974.5,0
3974.75,1
3977.0,0
3980.75,1
3981.0,0
3993.25,1
3995.25,0
3995.75,1
3996.25,0
3996.5,1
3998.5,0
3998.75,1
4001.0,0
4001.5,1
4001.75,0
4004.0,1
4004.25,0
4005.0,1
4005.25,0
4064.5,1
4064.75,0
4065.5,1
4068.0,0
4068.25,1
4070.25,0
4070.5,1
4072.25,0
4072.5,1
4073.0,0
4075.0,1
4075.25,0
4075.75,1
4076.25,0
4078.0,1
4078.25,0
4078.5,1
4078.75,0
4089.25,1
4092.0,0
4092.25,1
4093.25,0
4093.5,1
4094.5,0
4095.25,1
4096.5,0
4096.75,1
4097.25,0
4097.5,1
4097.75,0
4099.5,1
4099.75,0
4102.5,1
4102.75,0
4112.75,1
4113.0,0
4113.25,1
4116.5,0
4117.25,1
4118.0,0
4118.25,1
4119.0,0
4119.25,1
4120.75,0
4121.0,1
4121.25,0
4123.25,1
4123.5,0
4137.5,1
4140.0,0
4140.25,1
4140.5,0
4141.0,1
4141.75,0
4142.0,1
4142.5,0
4142.75,1
4143.5,0
4143.75,1
4145.5,0
4146.75,1
4147.0,0
4149.25,1
4149.5,0
4158.0,1
4158.25,0
4161.0,1
4162.5,0
4162.75,1
4165.0,0
4165.25,1
4165.75,0
4166.25,1
4169.75,0
4172.75,1
4173.0,0
4173.75,1
4174.0,0
4233.25,1
4234.0,0
4234.25,1
4237.0,0
4237.25,1
4238.0,0
4238.5,1
4240.75,0
4241.0,1
4241.25,0
4243.5,1
4243.75,0
4257.0,1
4260.0,0
4260.25,1
4260.75,0
4261.0,1
4262.25,0
4262.5,1
4265.0,0
4267.5,1
4267.75,0
4268.0,1
4268.25,0
4268.75,1
4269.0,0
4281.0,1
4281.25,0
4281.5,1
4282.0,0
4282.5,1
4283.25,0
4283.5,1
4286.0,0
4286.25,1
4288.25,0
4288.5,1
4289.25,0
4291.75,1
4292.25,0
4292.5,1
4292.75,0
4293.5,1
4293.75,0
4294.0,1
4294.25,0
4304.5,1
4304.75,0
4305.5,1
4307.75,0
4308.0,1
4308.75,0
4309.0,1
4310.75,0
4311.0,1
4311.75,0
4312.0,1
4313.25,0
4316.75,1
4317.0,0
4326.5,1
4326.75,0
4329.5,1
4330.0,0
4330.25,1
4332.5,0
4332.75,1
4333.5,0
4334.0,1
4335.0,0
4335.25,1
4336.75,0
4337.0,1
4337.5,0
4342.25,1
4342.5,0
4400.75,1
4401.0,0
4401.25,1
4402.0,0
4402.25,1
4403.0,0
4403.25,1
4404.25,0
4404.5,1
4405.5,0
4405.75,1
4406.75,0
4407.25,1
4408.0,0
4412.0,1
4412.25,0
4413.75,1
4414.0,0
4449.0,1
4449.5,0
4450.0,1
4451.5,0
4451.75,1
4456.25,0
4456.75,1
4457.0,0
4459.75,1
4460.0,0
4462.0,1
4462.75,0
4470.0,1
4470.25,0
4470.75,1
4471.0,0
4472.0,1
4472.25,0
4473.25,1
4473.5,0
4474.0,1
4475.25,0
4475.5,1
4475.75,0
4476.25,1
4476.5,0
4476.75,1
4477.0,0
4477.25,1
4477.75,0
4478.0,1
4480.75,0
4481.25,1
4481.5,0
4483.0,1
4483.25,0
4497.0,1
4497.75,0
4498.0,1
4500.75,0
4501.25,1
4505.25,0
4508.5,1
4508.75,0
4509.0,1
4509.25,0
4566.5,1
4566.75,0
4569.0,1
4571.25,0
4571.5,1
4572.5,0
4572.75,1
4573.0,0
4573.25,1
4573.75,0
4574.25,1
4577.0,0
4577.5,1
4577.75,0
4578.0,1
4578.25,0
4580.25,1
4580.5,0
4582.0,1
4582.25,0
4592.25,1
4592.5,0
4593.0,1
4593.25,0
4593.5,1
4594.25,0
4594.5,1
4596.75,0
4597.0,1
4599.0,0
4599.25,1
4600.75,0
4601.0,1
4601.25,0
4603.75,1
4604.0,0
4615.75,1
4616.0,0
4617.25,1
4618.0,0
4618.25,1
4620.5,0
4620.75,1
4621.5,0
4621.75,1
4622.5,0
4622.75,1
4623.75,0
4624.0,1
4624.75,0
4625.0,1
4625.5,0
4627.75,1
4628.0,0
4628.25,1
4628.5,0
4628.75,1
4629.25,0
4629.5,1
4629.75,0
4640.25,1
4640.5,0
4641.75,1
4642.25,0
4642.5,1
4643.5,0
4643.75,1
4649.0,0
4649.75,1
4650.0,0
4652.0,1
4652.5,0
4665.25,1
4665.75,0
4666.0,1
4666.5,0
4667.0,1
4669.75,0
4670.0,1
4670.25,0
4670.5,1
4673.0,0
4673.25,1
4673.75,0
4677.0,1
4677.75,0
4736.0,1
4736.25,0
4737.0,1
4739.0,0
4739.25,1
4742.75,0
4743.0,1
4744.25,0
4744.5,1
4745.5,0
4748.75,1
4749.0,0
4761.0,1
4761.5,0
4761.75,1
4762.25,0
4762.5,1
4762.75,0
4763.0,1
4764.75,0
4765.0,1
4767.0,0
4767.5,1
4768.5,0
4768.75,1
4769.75,0
4771.0,1
4771.25,0
4772.25,1
4772.5,0
4772.75,1
4773.0,0
4785.0,1
4786.0,0
4786.25,1
4788.25,0
4788.75,1
4792.25,0
4792.5,1
4793.0,0
4793.25,1
4793.75,0
4796.0,1
4796.25,0
4797.25,1
4797.5,0
4808.5,1
4808.75,0
4809.25,1
4809.5,0
4809.75,1
4812.25,0
4812.5,1
4813.25,0
4813.75,1
4814.0,0
4814.25,1
4814.75,0
4815.0,1
4815.25,0
4815.5,1
4817.0,0
4819.5,1
4819.75,0
4820.25,1
4820.75,0
4833.0,1
4833.25,0
4833.75,1
4836.25,0
4836.5,1
4840.5,0
4840.75,1
4841.5,0
4844.25,1
4844.5,0
4905.5,1
4908.75,0
4909.0,1
4909.25,0
4909.5,1
4910.0,0
4910.25,1
4912.75,0
4913.5,1
4913.75,0
4916.0,1
4916.25,0
4916.75,1
4917.0,0
4917.25,1
4917.75,0
4926.5,1
4926.75,0
4929.0,1
4929.5,0
4929.75,1
4931.0,0
4931.25,1
4932.0,0
4932.25,1
4933.75,0
4934.0,1
4936.0,0
4936.25,1
4937.0,0
4939.75,1
4940.0,0
4940.25,1
4940.5,0
4940.75,1
4941.0,0
4941.25,1
4941.5,0
4952.25,1
4952.5,0
4953.5,1
4953.75,0
4954.0,1
4954.75,0
4955.25,1
4956.0,0
4956.25,1
4956.5,0
4956.75,1
4958.0,0
4958.25,1
4958.75,0
4959.0,1
4961.0,0
4961.25,1
4961.75,0
4964.25,1
4964.5,0
4976.0,1
4976.5,0
4977.5,1
4977.75,0
4978.25,1
4978.5,0
4978.75,1
4980.5,0
4980.75,1
4983.5,0
4983.75,1
4985.0,0
4985.5,1
4986.0,0
4988.25,1
4988.5,0
4999.75,1
5000.0,0
5001.0,1
5001.75,0
5002.0,1
5006.5,0
5007.0,1
5007.75,0
5008.0,1
5009.5,0
5012.0,1
5012.25,0
5013.0,1
5013.25,0
5070.5,1
5070.75,0
5071.0,1
5071.25,0
5072.5,1
5072.75,0
5073.0,1
5073.25,0
5073.5,1
5074.0,0
5074.25,1
5074.5,0
5075.25,1
5076.0,0
5076.25,1
5076.5,0
5077.0,1
5081.5,0
5084.75,1
5085.0,0
5085.75,1
5086.0,0
5097.0,1
5099.25,0
5099.5,1
5100.0,0
5100.25,1
5100.5,0
5100.75,1
5105.5,0
5105.75,1
5106.0,0
5107.75,1
5108.0,0
5108.5,1
5108.75,0
5109.0,1
5109.25,0
5118.75,1
5119.0,0
5120.25,1
5120.5,0
5121.25,1
5122.25,0
5122.5,1
5123.5,0
5123.75,1
5126.5,0
5127.0,1
5128.25,0
5128.5,1
5129.25,0
5132.0,1
5132.25,0
5133.5,1
5133.75,0
5143.0,1
5143.5,0
5144.0,1
5144.25,0
5144.75,1
5145.5,0
5145.75,1
5148.25,0
5148.5,1
5150.0,0
5150.25,1
5152.0,0
5152.25,1
5152.5,0
5152.75,1
5153.0,0
5155.75,1
5156.0,0
5170.0,1
5170.25,0
5170.5,1
5171.5,0
5171.75,1
5173.25,0
5173.75,1
5177.25,0
5179.25,1
5179.5,0
5240.75,1
5241.25,0
5241.5,1
5244.25,0
5244.5,1
5247.5,0
5247.75,1
5249.0,0
5251.5,1
5251.75,0
5264.75,1
5265.0,0
5265.25,1
5268.0,0
5268.25,1
5270.0,0
5270.25,1
5272.75,0
5273.25,1
5273.5,0
5275.0,1
5275.25,0
5275.75,1
5276.0,0
5277.25,1
5277.5,0
5287.0,1
5287.25,0
5288.75,1
5289.0,0
5289.25,1
5292.75,0
5293.25,1
5297.0,0
5297.5,1
5297.75,0
5300.0,1
5300.25,0
5301.5,1
5301.75,0
5312.5,1
5312.75,0
5313.25,1
5315.75,0
5316.25,1
5317.75,0
5318.25,1
5321.25,0
5321.75,1
5322.0,0
5323.75,1
5324.0,0
5335.5,1
5335.75,0
5336.25,1
5336.5,0
5337.0,1
5339.75,0
5340.5,1
5342.25,0
5342.75,1
5345.5,0
5348.5,1
5348.75,0
5407.75,1
5408.0,0
5409.25,1
5412.75,0
5413.25,1
5414.5,0
5415.0,1
5417.25,0
5420.25,1
5420.5,0
5431.75,1
5432.0,0
5433.0,1
5433.25,0
5433.5,1
5434.0,0
5434.25,1
5435.0,0
5435.25,1
5437.25,0
5437.5,1
5438.0,0
5438.25,1
5441.25,0
5441.5,1
5441.75,0
5444.0,1
5444.25,0
5445.0,1
5445.25,0
5445.5,1
5445.75,0
5446.0,1
5446.25,0
5457.25,1
5457.75,0
5458.0,1
5459.75,0
5460.0,1
5460.5,0
5461.0,1
5461.25,0
5461.75,1
5465.5,0
5467.5,1
5467.75,0
5468.5,1
5468.75,0
5469.5,1
5469.75,0
5478.5,1
5478.75,0
5480.25,1
5480.5,0
5482.0,1
5483.75,0
5484.0,1
5484.5,0
5484.75,1
5488.0,0
5488.25,1
5489.5,0
5493.0,1
5493.25,0
5494.0,1
5494.25,0
5502.5,1
5502.75,0
5504.0,1
5504.25,0
5505.0,1
5506.5,0
5506.75,1
5508.5,0
5508.75,1
5513.25,0
5513.5,1
5513.75,0
5515.75,1
5516.0,0
5516.25,1
5516.5,0
5574.75,1
5575.0,0
5577.25,1
5579.5,0
5579.75,1
5580.0,0
5580.5,1
5580.75,0
5581.25,1
5585.0,0
5585.5,1
5585.75,0
5588.25,1
5588.5,0
5600.25,1
5600.5,0
5600.75,1
5601.0,0
5601.25,1
5602.75,0
5603.75,1
5604.0,0
5604.25,1
5605.0,0
5605.5,1
5605.75,0
5606.0,1
5609.25,0
5612.25,1
5612.5,0
5614.0,1
5614.5,0
5622.25,1
5622.5,0
5624.75,1
5625.25,0
5625.75,1
5630.25,0
5630.5,1
5630.75,0
5631.0,1
5631.25,0
5631.5,1
5632.0,0
5632.25,1
5633.0,0
5633.25,1
5633.5,0
5635.75,1
5636.25,0
5636.75,1
5637.0,0
5638.25,1
5638.5,0
5649.25,1
5651.5,0
5652.0,1
5653.5,0
5653.75,1
5657.5,0
5659.75,1
5660.0,0
5660.5,1
5660.75,0
5669.5,1
5669.75,0
5673.5,1
5673.75,0
5674.0,1
5675.0,0
5675.25,1
5676.25,0
5676.5,1
5676.75,0
5677.0,1
5678.0,0
5678.25,1
5679.5,0
5679.75,1
5680.25,0
5680.5,1
5680.75,0
5681.0,1
5681.25,0
5684.0,1
5684.25,0
5744.25,1
5744.5,0
5745.25,1
5745.75,0
5746.0,1
5747.75,0
5748.25,1
5748.5,0
5748.75,1
5753.0,0
5753.25,1
5753.5,0
5755.25,1
5755.75,0
5756.5,1
5756.75,0
5757.75,1
5758.0,0
5768.5,1
5768.75,0
5769.0,1
5772.25,0
5772.5,1
5773.75,0
5774.0,1
5776.0,0
5776.25,1
5776.5,0
5776.75,1
5777.25,0
5779.5,1
5779.75,0
5780.0,1
5780.25,0
5793.25,1
5793.5,0
5793.75,1
5794.25,0
5794.5,1
5796.0,0
5796.25,1
5800.75,0
5803.5,1
5803.75,0
5804.5,1
5804.75,0
5805.5,1
5805.75,0
5816.25,1
5816.5,0
5817.0,1
5817.5,0
5817.75,1
5818.5,0
5818.75,1
5820.25,0
5820.5,1
5824.0,0
5824.25,1
5825.25,0
5828.25,1
5828.5,0
5829.5,1
5829.75,0
5840.5,1
5840.75,0
5841.0,1
5843.0,0
5843.25,1
5846.75,0
5847.0,1
5848.5,0
5848.75,1
5849.0,0
5852.5,1
5853.0,0
5906.75,1
5907.0,0
5910.5,1
5910.75,0
5912.75,1
5913.25,0
5913.5,1
5913.75,0
5914.0,1
5914.5,0
5914.75,1
5921.25,0
5923.5,1
5923.75,0
5925.25,1
5925.5,0
5957.5,1
5957.75,0
5960.5,1
5960.75,0
5961.5,1
5961.75,0
5962.0,1
5965.75,0
5966.0,1
5968.75,0
5969.0,1
5969.25,0
5969.75,1
5970.0,0
5972.0,1
5972.25,0
5973.5,1
5973.75,0
5982.75,1
5983.0,0
5983.5,1
5983.75,0
5985.25,1
5987.75,0
5988.0,1
5988.25,0
5988.5,1
5988.75,0
5989.0,1
5991.0,0
5991.25,1
5993.25,0
5993.5,1
5993.75,0
5996.0,1
5996.25,0
5996.75,1
5997.25,0
5998.25,1
5998.5,0
6007.25,1
6007.5,0
6009.25,1
6010.75,0
6011.0,1
6012.5,0
6013.0,1
6013.5,0
6013.75,1
6016.0,0
6016.25,1
6016.75,0
6017.0,1
6017.25,0
6018.75,1
6019.0,0
6019.25,1
6019.5,0
6020.5,1
6020.75,0
6080.0,1
6080.25,0
6080.5,1
6080.75,0
6081.5,1
6082.5,0
6082.75,1
6084.0,0
6084.25,1
6085.5,0
6085.75,1
6088.25,0
6088.5,1
6088.75,0
6089.0,1
6089.5,0
6092.75,1
6093.0,0
6102.0,1
6102.25,0
6105.5,1
6107.75,0
6108.0,1
6108.25,0
6108.75,1
6111.0,0
6111.25,1
6113.25,0
6113.75,1
6114.0,0
6127.0,1
6127.25,0
6128.75,1
6129.25,0
6129.5,1
6131.5,0
6131.75,1
6132.25,0
6132.5,1
6132.75,0
6133.0,1
6136.5,0
6136.75,1
6137.25,0
6139.5,1
6139.75,0
6153.25,1
6153.75,0
6154.0,1
6156.0,0
6156.25,1
6156.5,0
6156.75,1
6157.25,0
6157.5,1
6161.5,0
6163.75,1
6164.0,0
6164.5,1
6164.75,0
6173.25,1
6173.5,0
6176.75,1
6177.0,0
6177.25,1
6179.0,0
6179.25,1
6179.5,0
6179.75,1
6180.75,0
6181.0,1
6185.0,0
6185.25,1
6185.5,0
6188.25,1
6188.5,0
6188.75,1
6189.0,0
6189.5,1
6189.75,0
6249.5,1
6252.75,0
6253.75,1
6257.25,0
6259.75,1
6260.0,0
6260.25,1
6260.5,0
6272.75,1
6273.5,0
6273.75,1
6275.75,0
6276.0,1
6281.5,0
6284.5,1
6285.25,0
6297.25,1
6297.5,0
6297.75,1
6300.25,0
6300.5,1
6301.0,0
6301.25,1
6303.0,0
6303.25,1
6304.75,0
6305.0,1
6305.75,0
6306.75,1
6307.0,0
6307.25,1
6307.5,0
6308.0,1
6308.25,0
6321.0,1
6321.5,0
6321.75,1
6324.25,0
6324.5,1
6324.75,0
6325.0,1
6327.0,0
6327.75,1
6328.0,0
6328.25,1
6328.5,0
6328.75,1
6329.25,0
6331.75,1
6332.0,0
6332.25,1
6332.5,0
6333.0,1
6333.25,0
6342.5,1
6342.75,0
6344.75,1
6345.0,0
6345.25,1
6346.0,0
6346.25,1
6348.5,0
6348.75,1
6350.75,0
6351.0,1
6351.5,0
6351.75,1
6353.25,0
6355.75,1
6356.0,0
6356.25,1
6356.5,0
6356.75,1
6357.0,0
6357.25,1
6357.5,0
6416.75,1
6417.0,0
6417.25,1
6420.5,0
6420.75,1
6424.25,0
6424.5,1
6425.25,0
6428.75,1
6429.0,0
6441.0,1
6441.25,0
6441.5,1
6448.0,0
6448.25,1
6448.75,0
6449.0,1
6449.5,0
6452.0,1
6452.25,0
6453.0,1
6453.25,0
6464.5,1
6465.25,0
6465.5,1
6466.25,0
6466.5,1
6468.0,0
6468.25,1
6468.75,0
6469.25,1
6473.5,0
6475.75,1
6476.25,0
6477.5,1
6477.75,0
6478.5,1
6478.75,0
6487.0,1
6487.75,0
6489.25,1
6490.0,0
6490.25,1
6491.75,0
6492.0,1
6494.0,0
6494.25,1
6496.25,0
6496.5,1
6497.25,0
6499.25,1
6499.5,0
6500.25,1
6500.5,0
6502.25,1
6502.5,0
6512.75,1
6513.25,0
6513.5,1
6515.0,0
6515.25,1
6515.5,0
6515.75,1
6516.25,0
6516.75,1
6520.5,0
6520.75,1
6521.0,0
6524.0,1
6524.25,0
6583.75,1
6584.0,0
6584.5,1
6584.75,0
6585.25,1
6589.5,0
6590.0,1
6593.0,0
6593.25,1
6593.5,0
6594.0,1
6594.25,0
6595.25,1
6595.75,0
6597.75,1
6598.25,0
6609.25,1
6611.0,0
6611.25,1
6612.0,0
6612.25,1
6613.75,0
6614.5,1
6616.25,0
6616.5,1
6617.25,0
6619.25,1
6619.5,0
6620.0,1
6620.25,0
6621.0,1
6621.25,0
6633.5,1
6634.0,0
6634.25,1
6634.5,0
6634.75,1
6637.0,0
6637.25,1
6640.25,0
6640.5,1
6641.0,0
6641.25,1
6641.5,0
6643.5,1
6643.75,0
6644.0,1
6644.25,0
6654.0,1
6654.25,0
6657.5,1
6659.75,0
6660.0,1
6660.25,0
6660.75,1
6661.5,0
6661.75,1
6663.25,0
6663.5,1
6665.25,0
6665.5,1
6665.75,0
6668.0,1
6668.25,0
6678.5,1
6678.75,0
6679.75,1
6680.0,0
6681.5,1
6682.25,0
6682.5,1
6683.75,0
6685.0,1
6685.25,0
6685.5,1
6689.25,0
6691.5,1
6691.75,0
6692.25,1
6692.5,0
6693.0,1
6693.25,0
6750.5,1
6750.75,0
6753.25,1
6758.0,0
6758.5,1
6760.0,0
6760.25,1
6760.75,0
6761.0,1
6761.25,0
6764.25,1
6764.5,0
6764.75,1
6765.25,0
6801.0,1
6801.25,0
6801.5,1
6805.5,0
6805.75,1
6809.5,0
6811.75,1
6812.0,0
6813.25,1
6813.5,0
6825.0,1
6826.5,0
6827.0,1
6827.5,0
6827.75,1
6828.0,0
6828.25,1
6830.75,0
6831.0,1
6833.5,0
6836.75,1
6837.0,0
6848.75,1
6849.0,0
6849.25,1
6849.5,0
6850.0,1
6852.25,0
6852.75,1
6853.75,0
6854.0,1
6854.75,0
6855.0,1
6857.25,0
6857.5,1
6857.75,0
6860.0,1
6860.25,0
6919.75,1
6920.0,0
6920.75,1
6921.0,0
6921.25,1
6921.5,0
6921.75,1
6922.0,0
6922.25,1
6925.0,0
6925.25,1
6926.25,0
6926.5,1
6928.5,0
6928.75,1
6929.25,0
6932.0,1
6932.25,0
6932.75,1
6933.0,0
6944.75,1
6945.0,0
6945.25,1
6945.5,0
6945.75,1
6947.5,0
6947.75,1
6948.5,0
6948.75,1
6949.25,0
6949.75,1
6950.25,0
6950.5,1
6953.25,0
6956.25,1
6956.5,0
6968.0,1
6968.25,0
6968.5,1
6968.75,0
6969.0,1
6969.5,0
6969.75,1
6970.5,0
6970.75,1
6971.75,0
6972.0,1
6972.5,0
6972.75,1
6974.5,0
6975.0,1
6976.25,0
6976.5,1
6977.25,0
6979.5,1
6980.0,0
6990.25,1
6990.5,0
6992.5,1
6998.0,0
6998.25,1
7000.75,0
7003.5,1
7003.75,0
7004.0,1
7004.25,0
7004.75,1
7005.0,0
7015.25,1
7015.75,0
7017.0,1
7017.25,0
7017.5,1
7021.25,0
7021.5,1
7022.75,0
7023.0,1
7025.25,0
7025.75,1
7026.0,0
7028.5,1
7028.75,0
7029.25,1
7029.5,0
7029.75,1
7030.0,0
7089.25,1
7089.75,0
7090.0,1
7091.75,0
7092.0,1
7093.0,0
7093.25,1
7097.25,0
7099.5,1
7099.75,0
7100.5,1
7100.75,0
7101.5,1
7101.75,0
7113.25,1
7115.25,0
7115.5,1
7116.5,0
7117.0,1
7118.75,0
7119.0,1
7121.5,0
7123.75,1
7124.0,0
7124.5,1
7124.75,0
7125.5,1
7125.75,0
7133.75,1
7134.0,0
7135.75,1
7136.0,0
7136.5,1
7136.75,0
7137.5,1
7138.75,0
7139.0,1
7139.75,0
7140.0,1
7141.5,0
7142.0,1
7143.25,0
7143.75,1
7144.25,0
7144.5,1
7145.25,0
7145.5,1
7145.75,0
7148.0,1
7148.25,0
7148.5,1
7148.75,0
7160.5,1
7163.5,0
7163.75,1
7164.5,0
7165.25,1
7167.75,0
7168.0,1
7169.5,0
7171.25,1
7171.5,0
7171.75,1
7172.0,0
7185.0,1
7186.0,0
7186.25,1
7188.5,0
7188.75,1
7189.0,0
7190.25,1
7191.25,0
7191.5,1
7192.75,0
7195.5,1
7195.75,0
7196.25,1
7196.5,0
7254.5,1
7255.0,0
7255.75,1
7256.0,0
7257.5,1
7262.0,0
7262.25,1
7265.0,0
7267.5,1
7267.75,0
7270.0,1
7270.25,0
7280.5,1
7280.75,0
7281.25,1
7284.25,0
7284.5,1
7284.75,0
7285.0,1
7285.25,0
7285.5,1
7285.75,0
7286.0,1
7288.5,0
7288.75,1
7289.25,0
7289.5,1
7289.75,0
7292.25,1
7292.5,0
7293.25,1
7293.5,0
7294.0,1
7294.25,0
7302.5,1
7302.75,0
7304.25,1
7304.5,0
7304.75,1
7305.0,0
7305.5,1
7307.0,0
7307.25,1
7307.75,0
7308.0,1
7308.75,0
7309.25,1
7309.75,0
7310.0,1
7311.0,0
7311.25,1
7311.75,0
7312.0,1
7313.75,0
7315.25,1
7315.5,0
7316.0,1
7316.25,0
7329.0,1
7332.5,0
7332.75,1
7333.0,0
7333.25,1
7336.75,0
7337.5,1
7337.75,0
7340.5,1
7341.0,0
7350.25,1
7350.5,0
7353.25,1
7353.5,0
7353.75,1
7356.0,0
7356.25,1
7357.0,0
7357.25,1
7361.0,0
7363.0,1
7363.25,0
7421.75,1
7422.0,0
7422.25,1
7422.5,0
7425.25,1
7428.5,0
7428.75,1
7430.75,0
7431.0,1
7432.5,0
7435.75,1
7436.25,0
7436.5,1
7437.0,0
7446.0,1
7446.25,0
7448.25,1
7453.25,0
7453.5,1
7454.0,0
7454.75,1
7456.75,0
7457.25,1
7457.5,0
7460.25,1
7460.5,0
7461.5,1
7462.0,0
7462.25,1
7462.75,0
7470.0,1
7470.25,0
7473.25,1
7475.75,0
7476.0,1
7476.75,0
7477.0,1
7477.5,0
7477.75,1
7478.75,0
7479.0,1
7480.0,0
7480.25,1
7481.0,0
7481.25,1
7481.75,0
7484.75,1
7485.0,0
7485.5,1
7485.75,0
7494.25,1
7494.5,0
7497.25,1
7497.75,0
7498.0,1
7499.75,0
7500.0,1
7500.5,0
7501.0,1
7501.5,0
7501.75,1
7505.0,0
7507.75,1
7508.0,0
7521.5,1
7522.5,0
7522.75,1
7526.0,0
7526.25,1
7529.5,0
7529.75,1
7530.0,0
7530.75,1
7531.25,0
7532.75,1
7533.0,0
7593.25,1
7595.25,0
7595.75,1
7597.5,0
7597.75,1
7598.0,0
7598.25,1
7598.5,0
7598.75,1
7600.25,0
7600.5,1
7601.5,0
7601.75,1
7602.0,0
7603.75,1
7604.0,0
7604.75,1
7605.0,0
7606.25,1
7606.5,0
7614.75,1
7615.0,0
7616.5,1
7616.75,0
7617.5,1
7619.25,0
7619.5,1
7620.5,0
7620.75,1
7624.5,0
7624.75,1
7625.25,0
7627.75,1
7628.0,0
7630.0,1
7630.25,0
7630.5,1
7630.75,0
7638.25,1
7638.5,0
7641.25,1
7641.75,0
7642.0,1
7643.0,0
7643.25,1
7643.5,0
7643.75,1
7644.75,0
7645.25,1
7645.75,0
7646.0,1
7646.5,0
7646.75,1
7649.25,0
7651.5,1
7651.75,0
7661.0,1
7661.25,0
7664.5,1
7665.25,0
7665.5,1
7668.25,0
7668.5,1
7668.75,0
7669.25,1
7670.0,0
7670.25,1
7673.5,0
7675.25,1
7675.5,0
7675.75,1
7676.0,0
7685.75,1
7686.0,0
7688.75,1
7689.0,0
7689.25,1
7690.25,0
7690.5,1
7695.5,0
7696.0,1
7696.5,0
7696.75,1
7697.0,0
7697.25,1
7697.5,0
7700.75,1
7701.0,0
7759.5,1
7759.75,0
7760.75,1
7764.5,0
7765.75,1
7768.0,0
7768.5,1
7769.5,0
7771.75,1
7772.0,0
7774.25,1
7774.5,0
7783.5,1
7783.75,0
7784.75,1
7785.0,0
7785.5,1
7786.5,0
7786.75,1
7787.5,0
7787.75,1
7788.0,0
7788.25,1
7788.75,0
7789.0,1
7793.0,0
7795.75,1
7796.0,0
7796.5,1
7796.75,0
7809.0,1
7809.75,0
7810.0,1
7810.25,0
7810.5,1
7811.0,0
7811.25,1
7813.0,0
7813.25,1
7815.75,0
7816.0,1
7817.25,0
7820.25,1
7820.5,0
7821.5,1
7821.75,0
7822.0,1
7822.25,0
7830.75,1
7831.0,0
7831.75,1
7832.0,0
7832.75,1
7834.25,0
7834.5,1
7836.0,0
7836.25,1
7836.5,0
7836.75,1
7837.0,0
7837.25,1
7838.0,0
7838.5,1
7840.5,0
7841.0,1
7841.25,0
7843.75,1
7844.0,0
7845.75,1
7846.0,0
7926.75,1
7927.0,0
7928.75,1
7929.0,0
7929.25,1
7933.25,0
7933.5,1
7936.5,0
7936.75,1
7937.25,0
7939.75,1
7940.0,0
7940.75,1
7941.0,0
7950.75,1
7951.0,0
7952.25,1
7952.75,0
7953.25,1
7954.25,0
7954.5,1
7955.0,0
7955.25,1
7956.5,0
7957.0,1
7957.25,0
7957.5,1
7961.25,0
7963.5,1
7964.25,0
7964.5,1
7964.75,0
7965.5,1
7965.75,0
7976.75,1
7977.0,0
7977.25,1
7979.25,0
7979.5,1
7980.25,0
7980.5,1
7985.5,0
7988.5,1
7988.75,0
8001.25,1
8001.75,0
8002.25,1
8003.75,0
8004.0,1
8004.5,0
8004.75,1
8008.5,0
8008.75,1
8009.25,0
8009.75,1
8010.0,0
8012.0,1
8012.5,0
8013.0,1
8013.75,0
8024.75,1
8025.25,0
8025.75,1
8026.0,0
8026.75,1
8027.5,0
8027.75,1
8028.5,0
8029.0,1
8029.5,0
8029.75,1
8030.0,0
8030.25,1
8033.0,0
8034.0,1
8034.25,0
8035.25,1
8035.5,0
8036.75,1
8037.0,0
8097.25,1
8099.5,0
8099.75,1
8100.5,0
8100.75,1
8102.5,0
8102.75,1
8103.0,0
8103.25,1
8103.5,0
8103.75,1
8104.5,0
8104.75,1
8105.0,0
8105.25,1
8105.5,0
8108.0,1
8108.25,0
8108.5,1
8108.75,0
8109.25,1
8109.5,0
8118.5,1
8118.75,0
8121.5,1
8128.75,0
8129.0,1
8129.25,0
8129.75,1
8130.0,0
8132.25,1
8132.5,0
8133.25,1
8133.5,0
8134.25,1
8134.5,0
8145.5,1
8145.75,0
8146.0,1
8149.75,0
8150.0,1
8150.5,0
8150.75,1
8152.0,0
8152.25,1
8152.75,0
8156.25,1
8156.5,0
8157.5,1
8158.0,0
8166.5,1
8166.75,0
8169.0,1
8169.75,0
8170.0,1
8171.5,0
8171.75,1
8172.0,0
8172.25,1
8173.0,0
8173.25,1
8176.5,0
8177.5,1
8177.75,0
8180.25,1
8180.75,0
8193.25,1
8199.0,0
8199.25,1
8199.75,0
8200.0,1
8201.0,0
8205.25,1
8205.5,0
8207.25,1
8207.75,0
8256.0,1
8256.25,0
8256.5,1
8256.75,0
8258.75,1
8259.0,0
8261.75,1
8262.0,0
8263.0,1
8263.5,0
8264.75,1
8265.0,0
8265.25,1
8266.5,0
8266.75,1
8268.25,0
8268.5,1
8269.5,0
8269.75,1
8271.5,0
8271.75,1
8272.5,0
8272.75,1
8273.25,0
8273.5,1
8273.75,0
8274.25,1
8274.5,0
8276.75,1
8277.25,0
8288.0,1
8288.25,0
8288.75,1
8289.0,0
8289.5,1
8291.75,0
8292.25,1
8292.5,0
8292.75,1
8295.75,0
8296.0,1
8297.0,0
8297.25,1
8297.75,0
8299.75,1
8300.0,0
8300.75,1
8301.0,0
8301.25,1
8301.5,0
8311.25,1
8311.5,0
8313.25,1
8313.5,0
8313.75,1
8315.25,0
8315.5,1
8316.25,0
8316.5,1
8318.75,0
8319.25,1
8319.5,0
8319.75,1
8320.5,0
8320.75,1
8321.0,0
8321.25,1
8321.5,0
8324.5,1
8324.75,0
8336.25,1
8336.5,0
8337.0,1
8337.75,0
8338.0,1
8341.75,0
8342.0,1
8342.25,0
8342.5,1
8343.5,0
8343.75,1
8345.0,0
8347.0,1
8347.5,0
8348.75,1
8349.0,0
8349.25,1
8349.5,0
8357.5,1
8357.75,0
8359.75,1
8360.0,0
8361.0,1
8361.75,0
8362.0,1
8362.25,0
8362.5,1
8363.25,0
8364.0,1
8364.25,0
8364.75,1
8365.5,0
8366.0,1
8368.5,0
8368.75,1
8369.75,0
8372.25,1
8372.75,0
8373.0,1
8373.25,0
8432.75,1
8433.0,0
8433.5,1
8433.75,0
8434.25,1
8434.5,0
8434.75,1
8435.75,0
8436.0,1
8437.75,0
8438.0,1
8440.25,0
8440.5,1
8440.75,0
8441.0,1
8441.25,0
8441.5,1
8441.75,0
8443.75,1
8444.5,0
8445.5,1
8445.75,0
8457.0,1
8458.0,0
8458.25,1
8460.0,0
8460.5,1
8460.75,0
8461.0,1
8463.5,0
8463.75,1
8464.5,0
8465.0,1
8465.5,0
8468.25,1
8468.5,0
8481.75,1
8483.25,0
8483.5,1
8484.25,0
8484.5,1
8485.75,0
8486.0,1
8487.5,0
8487.75,1
8488.75,0
8489.0,1
8489.5,0
8491.25,1
8491.5,0
8492.75,1
8493.0,0
8505.25,1
8508.0,0
8508.25,1
8512.0,0
8512.25,1
8512.75,0
8513.0,1
8513.25,0
8516.25,1
8516.5,0
8526.75,1
8527.0,0
8528.0,1
8528.5,0
8528.75,1
8529.75,0
8530.0,1
8531.75,0
8532.0,1
8532.5,0
8532.75,1
8533.75,0
8534.0,1
8535.25,0
8535.5,1
8535.75,0
8536.0,1
8537.0,0
8540.25,1
8540.75,0
8625.75,1
8629.0,0
8629.25,1
8631.25,0
8631.5,1
8632.75,0
8633.0,1
8633.25,0
8636.0,1
8636.25,0
8636.75,1
8637.0,0
8637.5,1
8637.75,0
8638.0,1
8638.25,0
8646.0,1
8646.25,0
8649.25,1
8650.5,0
8650.75,1
8651.25,0
8651.5,1
8651.75,0
8652.0,1
8652.25,0
8652.5,1
8653.25,0
8653.5,1
8654.5,0
8654.75,1
8656.75,0
8657.25,1
8657.75,0
8660.5,1
8660.75,0
8661.0,1
8661.25,0
8661.75,1
8662.0,0
8672.25,1
8672.5,0
8673.0,1
8673.25,0
8673.75,1
8676.5,0
8676.75,1
8678.5,0
8678.75,1
8679.25,0
8679.5,1
8680.25,0
8680.5,1
8680.75,0
8681.0,1
8681.5,0
8683.0,1
8683.25,0
8683.5,1
8683.75,0
8684.5,1
8685.25,0
8685.5,1
8685.75,0
8697.5,1
8698.5,0
8698.75,1
8699.5,0
8699.75,1
8700.25,0
8700.5,1
8701.75,0
8702.0,1
8704.5,0
8704.75,1
8705.5,0
8707.75,1
8708.0,0
8709.5,1
8709.75,0
