#1


float Room-124 (4309,2)
0.0,0
32.75,1
33.0,0
33.5,1
35.75,0
36.0,1
36.75,0
37.0,1
38.0,0
38.5,1
39.0,0
39.25,1
39.5,0
39.75,1
40.25,0
40.75,1
41.25,0
46.0,1
46.25,0
54.75,1
55.25,0
56.75,1
57.0,0
57.25,1
57.5,0
57.75,1
58.5,0
59.0,1
60.25,0
61.0,1
61.25,0
61.5,1
62.25,0
62.5,1
63.0,0
63.25,1
63.5,0
63.75,1
65.25,0
69.0,1
69.25,0
80.25,1
80.5,0
81.0,1
84.0,0
84.5,1
87.25,0
87.5,1
89.25,0
89.5,1
89.75,0
102.5,1
103.0,0
104.25,1
104.5,0
105.5,1
106.25,0
106.5,1
109.75,0
110.0,1
111.5,0
112.0,1
112.5,0
112.75,1
113.25,0
113.5,1
113.75,0
125.25,1
125.5,0
129.25,1
129.5,0
129.75,1
130.75,0
131.25,1
131.5,0
132.25,1
132.75,0
133.0,1
134.5,0
134.75,1
135.25,0
135.5,1
137.0,0
201.25,1
203.25,0
203.75,1
204.25,0
204.5,1
204.75,0
205.0,1
205.75,0
206.0,1
207.25,0
207.5,1
208.75,0
209.5,1
209.75,0
212.0,1
212.25,0
221.5,1
222.0,0
223.0,1
223.25,0
224.5,1
224.75,0
225.0,1
226.75,0
227.25,1
228.5,0
228.75,1
229.5,0
230.0,1
231.0,0
231.75,1
232.0,0
232.5,1
233.0,0
236.0,1
236.25,0
247.75,1
248.0,0
249.0,1
249.5,0
249.75,1
251.25,0
251.5,1
253.25,0
253.5,1
253.75,0
254.0,1
255.5,0
256.25,1
256.5,0
256.75,1
257.0,0
271.5,1
271.75,0
272.0,1
272.25,0
273.0,1
273.5,0
273.75,1
274.25,0
274.5,1
276.75,0
277.0,1
278.25,0
278.5,1
279.25,0
279.75,1
280.75,0
294.75,1
295.0,0
295.25,1
295.5,0
296.75,1
297.0,0
297.25,1
298.0,0
298.5,1
300.5,0
300.75,1
301.25,0
301.5,1
303.0,0
303.25,1
305.0,0
309.75,1
310.0,0
369.5,1
371.0,0
371.25,1
372.0,0
372.25,1
373.0,0
373.25,1
374.0,0
374.25,1
374.75,0
375.0,1
376.75,0
377.0,1
377.5,0
377.75,1
378.0,0
380.5,1
380.75,0
389.5,1
389.75,0
393.0,1
393.25,0
393.5,1
393.75,0
394.0,1
396.0,0
396.75,1
397.0,0
397.75,1
398.5,0
399.25,1
401.25,0
401.5,1
401.75,0
439.25,1
439.5,0
440.0,1
440.25,0
440.75,1
441.25,0
441.75,1
442.25,0
442.5,1
443.25,0
443.5,1
443.75,0
444.0,1
444.5,0
444.75,1
445.0,0
445.25,1
449.0,0
465.0,1
465.5,0
465.75,1
467.25,0
467.5,1
468.75,0
469.25,1
469.75,0
470.0,1
472.5,0
472.75,1
473.0,0
477.5,1
478.0,0
535.75,1
536.0,0
536.75,1
538.25,0
538.75,1
541.25,0
541.5,1
544.0,0
545.0,1
545.25,0
550.25,1
550.5,0
560.75,1
561.5,0
561.75,1
564.25,0
564.5,1
565.0,0
565.25,1
566.0,0
566.25,1
566.75,0
567.5,1
567.75,0
568.0,1
569.0,0
569.25,1
569.75,0
571.5,1
571.75,0
584.75,1
586.5,0
586.75,1
587.25,0
587.5,1
587.75,0
588.25,1
590.25,0
590.5,1
591.5,0
591.75,1
592.0,0
592.25,1
593.0,0
608.75,1
609.0,0
609.5,1
610.5,0
610.75,1
612.0,0
612.75,1
613.25,0
613.5,1
614.25,0
615.25,1
616.75,0
617.0,1
617.25,0
620.0,1
620.25,0
631.25,1
631.5,0
633.0,1
634.5,0
634.75,1
636.0,0
636.5,1
639.25,0
640.0,1
640.5,0
703.5,1
704.0,0
705.25,1
706.0,0
706.25,1
707.5,0
707.75,1
708.25,0
708.5,1
710.0,0
710.75,1
711.5,0
712.25,1
713.25,0
713.5,1
713.75,0
716.75,1
717.0,0
717.25,1
717.5,0
726.5,1
726.75,0
728.75,1
730.0,0
730.25,1
733.25,0
733.5,1
734.5,0
734.75,1
737.0,0
737.25,1
737.75,0
740.75,1
741.0,0
742.25,1
742.5,0
751.0,1
751.25,0
751.75,1
752.0,0
752.75,1
753.0,0
754.0,1
754.75,0
755.0,1
755.5,0
755.75,1
758.0,0
758.25,1
759.75,0
760.5,1
761.25,0
764.25,1
764.5,0
776.75,1
777.0,0
777.25,1
778.0,0
778.25,1
780.0,0
780.25,1
780.5,0
780.75,1
782.5,0
783.25,1
783.75,0
784.0,1
784.5,0
784.75,1
785.0,0
785.25,1
785.5,0
789.75,1
790.0,0
801.0,1
802.25,0
802.5,1
803.25,0
803.5,1
805.75,0
806.0,1
806.25,0
806.5,1
806.75,0
807.25,1
809.0,0
809.25,1
809.5,0
813.5,1
813.75,0
871.0,1
871.25,0
873.0,1
874.25,0
874.5,1
876.25,0
876.5,1
877.75,0
878.25,1
879.5,0
879.75,1
880.75,0
881.0,1
881.25,0
885.75,1
886.0,0
897.0,1
897.5,0
897.75,1
898.0,0
898.25,1
901.75,0
902.0,1
903.0,0
903.25,1
903.5,0
903.75,1
904.0,0
904.25,1
904.75,0
919.25,1
919.5,0
921.0,1
922.0,0
922.25,1
922.75,0
923.0,1
923.25,0
923.5,1
923.75,0
924.5,1
924.75,0
925.0,1
925.25,0
925.5,1
925.75,0
926.0,1
927.0,0
927.25,1
927.5,0
928.25,1
929.0,0
929.25,1
929.5,0
933.0,1
933.25,0
943.25,1
944.0,0
944.75,1
945.0,0
945.25,1
946.0,0
946.25,1
948.0,0
948.25,1
949.25,0
950.0,1
951.75,0
952.0,1
953.25,0
956.75,1
957.0,0
967.25,1
967.5,0
969.0,1
970.5,0
971.25,1
971.5,0
971.75,1
973.25,0
973.5,1
974.0,0
974.25,1
974.75,0
975.0,1
975.25,0
975.5,1
975.75,0
976.0,1
976.25,0
976.5,1
977.25,0
980.0,1
980.25,0
1040.75,1
1041.0,0
1041.25,1
1041.5,0
1041.75,1
1042.25,0
1042.5,1
1044.5,0
1044.75,1
1045.75,0
1046.0,1
1046.25,0
1046.75,1
1048.75,0
1049.0,1
1049.75,0
1062.75,1
1063.0,0
1064.5,1
1064.75,0
1065.25,1
1066.25,0
1066.5,1
1067.0,0
1067.25,1
1068.0,0
1068.5,1
1068.75,0
1069.25,1
1072.75,0
1077.25,1
1077.5,0
1113.25,1
1113.75,0
1114.25,1
1114.5,0
1114.75,1
1115.0,0
1115.5,1
1115.75,0
1116.0,1
1116.25,0
1116.75,1
1121.0,0
1121.25,1
1121.5,0
1124.25,1
1124.5,0
1125.25,1
1125.5,0
1134.75,1
1135.0,0
1136.75,1
1139.75,0
1140.0,1
1140.25,0
1140.5,1
1141.25,0
1142.0,1
1142.5,0
1143.0,1
1144.25,0
1144.5,1
1145.5,0
1206.75,1
1207.0,0
1208.75,1
1209.75,0
1210.0,1
1213.25,0
1213.5,1
1214.25,0
1214.5,1
1215.5,0
1215.75,1
1216.75,0
1217.25,1
1217.5,0
1221.0,1
1221.25,0
1230.75,1
1231.0,0
1232.25,1
1233.0,0
1233.25,1
1234.0,0
1234.25,1
1235.0,0
1235.25,1
1237.0,0
1237.25,1
1237.5,0
1237.75,1
1241.0,0
1253.5,1
1253.75,0
1254.5,1
1255.0,0
1255.25,1
1255.5,0
1256.75,1
1257.25,0
1257.5,1
1257.75,0
1258.0,1
1259.75,0
1260.25,1
1262.5,0
1262.75,1
1263.25,0
1263.5,1
1264.75,0
1273.5,1
1273.75,0
1277.5,1
1277.75,0
1278.25,1
1278.75,0
1279.5,1
1280.0,0
1280.5,1
1281.0,0
1281.5,1
1282.25,0
1282.5,1
1284.0,0
1284.5,1
1284.75,0
1285.25,1
1286.75,0
1287.0,1
1287.75,0
1288.25,1
1289.0,0
1289.25,1
1289.5,0
1291.75,1
1292.0,0
1301.75,1
1302.25,0
1303.25,1
1303.75,0
1304.5,1
1305.5,0
1305.75,1
1306.75,0
1307.0,1
1307.25,0
1307.5,1
1308.75,0
1309.0,1
1309.75,0
1310.75,1
1311.5,0
1311.75,1
1312.25,0
1312.5,1
1313.5,0
1313.75,1
1314.0,0
1373.75,1
1374.0,0
1375.0,1
1375.25,0
1377.5,1
1378.0,0
1378.25,1
1379.0,0
1379.5,1
1379.75,0
1380.0,1
1381.0,0
1381.5,1
1382.0,0
1382.25,1
1383.25,0
1383.75,1
1384.25,0
1401.0,1
1401.75,0
1402.0,1
1402.25,0
1402.5,1
1403.0,0
1403.25,1
1404.75,0
1405.25,1
1405.75,0
1406.0,1
1407.0,0
1407.25,1
1408.5,0
1423.0,1
1423.25,0
1424.5,1
1424.75,0
1425.25,1
1426.25,0
1426.5,1
1428.0,0
1428.25,1
1428.75,0
1429.0,1
1429.25,0
1429.5,1
1430.5,0
1430.75,1
1431.5,0
1431.75,1
1433.0,0
1433.5,1
1433.75,0
1446.25,1
1447.25,0
1448.5,1
1449.0,0
1449.25,1
1451.0,0
1451.25,1
1452.25,0
1452.5,1
1454.0,0
1454.5,1
1455.75,0
1456.0,1
1457.25,0
1469.5,1
1469.75,0
1470.75,1
1471.25,0
1473.0,1
1473.25,0
1473.5,1
1475.75,0
1476.0,1
1480.5,0
1484.75,1
1485.0,0
1542.0,1
1542.25,0
1544.5,1
1545.0,0
1545.5,1
1545.75,0
1546.0,1
1547.0,0
1547.25,1
1547.75,0
1548.0,1
1548.25,0
1548.5,1
1550.5,0
1551.0,1
1553.5,0
1569.0,1
1569.25,0
1569.5,1
1569.75,0
1570.0,1
1571.75,0
1572.0,1
1572.25,0
1572.5,1
1573.0,0
1573.25,1
1574.0,0
1574.25,1
1576.5,0
1576.75,1
1577.25,0
1577.5,1
1577.75,0
1590.5,1
1591.0,0
1592.75,1
1593.0,0
1593.25,1
1594.75,0
1595.0,1
1595.5,0
1595.75,1
1597.25,0
1597.5,1
1597.75,0
1598.0,1
1598.5,0
1598.75,1
1599.0,0
1599.25,1
1599.5,0
1599.75,1
1600.25,0
1600.5,1
1601.5,0
1614.75,1
1615.0,0
1617.25,1
1618.5,0
1618.75,1
1619.0,0
1619.25,1
1620.25,0
1621.0,1
1621.5,0
1621.75,1
1624.25,0
1624.5,1
1624.75,0
1625.0,1
1625.25,0
1639.75,1
1640.25,0
1640.75,1
1641.25,0
1641.5,1
1641.75,0
1642.25,1
1645.25,0
1646.25,1
1646.75,0
1647.25,1
1648.0,0
1648.25,1
1648.5,0
1648.75,1
1649.5,0
1710.25,1
1710.5,0
1712.75,1
1713.25,0
1713.5,1
1714.25,0
1714.5,1
1715.0,0
1715.25,1
1716.75,0
1717.0,1
1719.5,0
1719.75,1
1720.0,0
1721.0,1
1721.5,0
1725.5,1
1725.75,0
1734.75,1
1735.0,0
1736.75,1
1737.0,0
1737.25,1
1739.75,0
1740.25,1
1741.75,0
1742.0,1
1742.75,0
1743.0,1
1744.0,0
1744.25,1
1745.5,0
1760.75,1
1761.5,0
1761.75,1
1764.75,0
1765.25,1
1765.5,0
1765.75,1
1766.25,0
1766.5,1
1767.0,0
1767.25,1
1767.5,0
1767.75,1
1768.0,0
1768.25,1
1768.5,0
1769.0,1
1769.5,0
1772.75,1
1773.0,0
1782.75,1
1783.0,0
1785.0,1
1785.5,0
1785.75,1
1786.75,0
1787.0,1
1787.25,0
1787.5,1
1787.75,0
1788.0,1
1788.5,0
1788.75,1
1791.5,0
1792.25,1
1793.0,0
1793.25,1
1793.75,0
1796.0,1
1796.25,0
1796.5,1
1796.75,0
1797.5,1
1797.75,0
1806.0,1
1806.25,0
1808.75,1
1809.0,0
1809.25,1
1809.5,0
1809.75,1
1810.0,0
1810.25,1
1811.75,0
1812.0,1
1812.25,0
1813.0,1
1813.25,0
1813.5,1
1813.75,0
1814.0,1
1814.5,0
1814.75,1
1815.5,0
1815.75,1
1817.0,0
1880.25,1
1880.5,0
1881.0,1
1881.25,0
1881.75,1
1886.0,0
1886.25,1
1889.5,0
1905.25,1
1906.25,0
1906.5,1
1909.5,0
1910.0,1
1912.0,0
1912.75,1
1913.25,0
1913.75,1
1914.0,0
1915.5,1
1915.75,0
1918.0,1
1918.25,0
1927.0,1
1927.25,0
1928.5,1
1929.0,0
1929.25,1
1929.5,0
1929.75,1
1931.75,0
1932.25,1
1932.75,0
1933.0,1
1933.5,0
1933.75,1
1934.5,0
1935.0,1
1935.75,0
1936.0,1
1937.5,0
1941.0,1
1941.25,0
1950.0,1
1950.5,0
1951.25,1
1951.5,0
1953.25,1
1954.25,0
1954.5,1
1958.25,0
1958.5,1
1959.75,0
1960.25,1
1961.5,0
1963.5,1
1963.75,0
1976.75,1
1977.0,0
1977.25,1
1979.5,0
1979.75,1
1981.0,0
1981.25,1
1985.0,0
1985.5,1
1985.75,0
2048.75,1
2051.75,0
2052.25,1
2053.25,0
2053.5,1
2056.75,0
2061.75,1
2062.0,0
2070.75,1
2071.25,0
2071.5,1
2071.75,0
2073.0,1
2073.25,0
2073.75,1
2076.25,0
2076.5,1
2077.0,0
2077.25,1
2077.75,0
2078.0,1
2078.5,0
2078.75,1
2079.5,0
2080.75,1
2081.0,0
2081.25,1
2081.5,0
2085.0,1
2085.25,0
2086.5,1
2086.75,0
2096.25,1
2097.75,0
2098.0,1
2099.0,0
2099.25,1
2100.25,0
2100.5,1
2101.25,0
2101.5,1
2101.75,0
2102.25,1
2102.75,0
2103.0,1
2105.25,0
2118.5,1
2118.75,0
2119.0,1
2119.5,0
2121.0,1
2121.75,0
2122.0,1
2122.25,0
2122.5,1
2124.5,0
2124.75,1
2126.25,0
2126.5,1
2129.25,0
2133.25,1
2133.5,0
2133.75,1
2134.0,0
2134.25,1
2134.5,0
2142.25,1
2142.5,0
2144.0,1
2144.25,0
2144.75,1
2147.0,0
2147.25,1
2147.75,0
2148.0,1
2148.5,0
2148.75,1
2149.5,0
2149.75,1
2151.0,0
2151.25,1
2151.75,0
2152.25,1
2152.5,0
2153.0,1
2153.5,0
2156.5,1
2156.75,0
2215.5,1
2215.75,0
2216.75,1
2217.5,0
2217.75,1
2218.75,0
2219.0,1
2220.75,0
2221.0,1
2221.5,0
2221.75,1
2222.75,0
2223.25,1
2223.75,0
2224.0,1
2225.0,0
2225.25,1
2225.5,0
2228.75,1
2229.0,0
2237.75,1
2238.0,0
2240.0,1
2240.25,0
2240.5,1
2240.75,0
2241.0,1
2243.75,0
2244.0,1
2244.75,0
2245.0,1
2245.5,0
2245.75,1
2249.0,0
2265.25,1
2266.0,0
2266.25,1
2266.5,0
2266.75,1
2268.25,0
2269.0,1
2269.25,0
2269.5,1
2270.5,0
2270.75,1
2273.0,0
2273.25,1
2273.5,0
2286.75,1
2287.0,0
2288.25,1
2288.5,0
2288.75,1
2289.0,0
2289.25,1
2289.5,0
2289.75,1
2291.75,0
2292.0,1
2292.25,0
2292.5,1
2292.75,0
2293.0,1
2297.25,0
2302.5,1
2302.75,0
2312.0,1
2312.25,0
2312.5,1
2312.75,0
2313.25,1
2315.0,0
2315.25,1
2316.5,0
2317.0,1
2318.75,0
2319.0,1
2321.25,0
2324.5,1
2324.75,0
2382.5,1
2382.75,0
2383.25,1
2383.5,0
2384.75,1
2385.75,0
2386.0,1
2388.75,0
2389.25,1
2389.75,0
2390.25,1
2390.75,0
2391.0,1
2391.25,0
2391.5,1
2392.0,0
2392.25,1
2392.75,0
2393.25,1
2393.5,0
2397.25,1
2397.5,0
2407.25,1
2407.5,0
2407.75,1
2408.0,0
2408.5,1
2408.75,0
2409.0,1
2409.25,0
2409.5,1
2409.75,0
2410.0,1
2410.25,0
2410.5,1
2411.75,0
2412.0,1
2412.5,0
2413.0,1
2413.75,0
2414.25,1
2414.5,0
2414.75,1
2417.0,0
2417.25,1
2417.5,0
2421.25,1
2421.5,0
2430.5,1
2430.75,0
2431.0,1
2432.0,0
2433.25,1
2435.0,0
2435.25,1
2435.5,0
2435.75,1
2436.0,0
2436.25,1
2436.5,0
2436.75,1
2437.75,0
2438.0,1
2439.0,0
2439.5,1
2440.75,0
2441.25,1
2441.5,0
2444.0,1
2444.25,0
2445.25,1
2445.5,0
2454.0,1
2454.25,0
2457.0,1
2457.5,0
2457.75,1
2459.0,0
2459.25,1
2461.75,0
2462.0,1
2462.75,0
2463.25,1
2464.25,0
2464.5,1
2465.25,0
2468.25,1
2468.5,0
2480.5,1
2481.0,0
2481.25,1
2481.75,0
2482.0,1
2482.25,0
2482.5,1
2484.25,0
2484.75,1
2485.0,0
2485.25,1
2485.75,0
2486.0,1
2487.75,0
2488.0,1
2488.75,0
2489.0,1
2489.25,0
2551.75,1
2552.0,0
2552.75,1
2553.0,0
2553.25,1
2553.5,0
2553.75,1
2554.0,0
2554.25,1
2555.5,0
2556.0,1
2557.0,0
2558.25,1
2559.0,0
2559.5,1
2560.0,0
2560.25,1
2561.0,0
2561.25,1
2561.5,0
2576.25,1
2576.75,0
2577.5,1
2579.5,0
2579.75,1
2583.75,0
2584.0,1
2584.25,0
2585.25,1
2585.5,0
2599.75,1
2600.0,0
2601.0,1
2601.5,0
2601.75,1
2604.5,0
2604.75,1
2605.5,0
2606.0,1
2607.75,0
2608.25,1
2608.5,0
2608.75,1
2609.0,0
2609.25,1
2609.75,0
2612.25,1
2612.5,0
2623.25,1
2623.5,0
2624.25,1
2624.75,0
2625.25,1
2627.5,0
2628.0,1
2628.75,0
2629.0,1
2629.25,0
2629.5,1
2629.75,0
2630.25,1
2632.0,0
2632.25,1
2633.0,0
2633.5,1
2633.75,0
2646.5,1
2646.75,0
2647.0,1
2647.25,0
2647.75,1
2648.0,0
2648.75,1
2649.0,0
2649.5,1
2651.5,0
2651.75,1
2652.0,0
2652.25,1
2652.5,0
2652.75,1
2653.0,0
2653.5,1
2653.75,0
2654.5,1
2654.75,0
2655.0,1
2657.0,0
2657.25,1
2657.5,0
2717.75,1
2718.0,0
2719.5,1
2719.75,0
2720.25,1
2720.5,0
2720.75,1
2721.25,0
2721.5,1
2722.25,0
2722.5,1
2723.0,0
2723.75,1
2725.0,0
2725.5,1
2726.25,0
2726.5,1
2727.25,0
2727.5,1
2728.0,0
2728.5,1
2728.75,0
2729.0,1
2729.25,0
2732.5,1
2732.75,0
2734.0,1
2734.25,0
2742.25,1
2742.5,0
2743.0,1
2743.25,0
2744.5,1
2744.75,0
2745.0,1
2745.5,0
2746.0,1
2746.25,0
2746.5,1
2747.0,0
2747.25,1
2748.75,0
2749.0,1
2749.25,0
2749.5,1
2749.75,0
2750.25,1
2750.5,0
2750.75,1
2752.75,0
2758.5,1
2758.75,0
2766.0,1
2766.25,0
2766.5,1
2767.0,0
2767.5,1
2767.75,0
2768.75,1
2769.0,0
2769.5,1
2771.0,0
2771.25,1
2773.25,0
2773.5,1
2774.0,0
2774.25,1
2774.5,0
2774.75,1
2775.5,0
2775.75,1
2776.75,0
2777.0,1
2777.25,0
2790.0,1
2790.25,0
2793.0,1
2793.25,0
2793.5,1
2794.0,0
2794.25,1
2794.5,0
2794.75,1
2795.0,0
2795.25,1
2796.75,0
2797.0,1
2797.5,0
2798.0,1
2798.5,0
2798.75,1
2801.0,0
2801.25,1
2801.5,0
2804.0,1
2804.25,0
2814.0,1
2814.25,0
2815.0,1
2815.25,0
2815.5,1
2815.75,0
2816.5,1
2820.75,0
2821.0,1
2823.75,0
2824.0,1
2825.0,0
2887.75,1
2888.0,0
2889.75,1
2891.5,0
2891.75,1
2892.25,0
2892.5,1
2892.75,0
2893.0,1
2894.0,0
2894.25,1
2895.5,0
2895.75,1
2897.25,0
2901.5,1
2901.75,0
2910.5,1
2910.75,0
2911.25,1
2911.5,0
2913.0,1
2915.25,0
2915.5,1
2916.75,0
2917.0,1
2919.75,0
2920.0,1
2920.75,0
2933.5,1
2933.75,0
2935.75,1
2936.0,0
2936.5,1
2937.0,0
2937.25,1
2938.0,0
2938.25,1
2941.0,0
2941.5,1
2942.25,0
2942.5,1
2943.5,0
2944.0,1
2945.0,0
2945.25,1
2945.5,0
2959.0,1
2959.25,0
2960.75,1
2962.0,0
2962.25,1
2963.25,0
2963.75,1
2964.25,0
2964.5,1
2965.5,0
2965.75,1
2966.0,0
2966.5,1
2967.5,0
2967.75,1
2968.25,0
2972.75,1
2973.0,0
2982.75,1
2983.0,0
2983.25,1
2983.5,0
2984.25,1
2984.75,0
2985.0,1
2985.75,0
2986.25,1
2987.0,0
2987.25,1
2987.5,0
2987.75,1
2988.5,0
2989.0,1
2989.25,0
2989.5,1
2990.0,0
2990.25,1
2993.5,0
3057.5,1
3061.25,0
3061.5,1
3063.25,0
3063.5,1
3064.0,0
3064.5,1
3064.75,0
3065.0,1
3065.25,0
3069.75,1
3070.0,0
3078.25,1
3078.5,0
3080.5,1
3082.25,0
3082.5,1
3084.5,0
3084.75,1
3085.0,0
3085.5,1
3088.0,0
3088.25,1
3089.0,0
3089.75,1
3090.0,0
3091.75,1
3092.0,0
3092.5,1
3092.75,0
3102.5,1
3102.75,0
3103.5,1
3103.75,0
3104.75,1
3105.25,0
3105.5,1
3107.5,0
3107.75,1
3109.25,0
3109.5,1
3110.25,0
3110.5,1
3110.75,0
3111.0,1
3112.5,0
3112.75,1
3113.0,0
3116.0,1
3116.25,0
3117.5,1
3117.75,0
3127.5,1
3127.75,0
3128.75,1
3129.5,0
3129.75,1
3130.0,0
3130.25,1
3130.5,0
3130.75,1
3133.0,0
3133.5,1
3134.0,0
3134.25,1
3135.25,0
3135.5,1
3137.0,0
3142.25,1
3142.5,0
3151.0,1
3151.25,0
3152.75,1
3153.0,0
3153.25,1
3154.25,0
3155.25,1
3156.0,0
3156.25,1
3157.25,0
3157.5,1
3158.75,0
3159.0,1
3159.75,0
3160.0,1
3160.75,0
3161.25,1
3161.5,0
3222.25,1
3222.5,0
3225.75,1
3226.5,0
3226.75,1
3233.25,0
3235.75,1
3236.0,0
3236.75,1
3237.0,0
3246.0,1
3246.5,0
3247.5,1
3247.75,0
3249.25,1
3249.5,0
3249.75,1
3250.0,0
3250.5,1
3252.0,0
3252.5,1
3253.25,0
3253.5,1
3257.0,0
3260.25,1
3260.5,0
3261.25,1
3261.5,0
3262.0,1
3262.25,0
3271.0,1
3271.25,0
3273.0,1
3273.5,0
3273.75,1
3275.25,0
3275.5,1
3277.0,0
3277.25,1
3278.25,0
3278.5,1
3278.75,0
3279.0,1
3279.25,0
3279.75,1
3280.5,0
3281.0,1
3281.25,0
3294.5,1
3294.75,0
3295.75,1
3296.0,0
3296.5,1
3296.75,0
3297.0,1
3297.25,0
3297.75,1
3300.0,0
3300.25,1
3301.0,0
3301.25,1
3302.25,0
3302.5,1
3303.5,0
3303.75,1
3304.5,0
3318.5,1
3318.75,0
3319.25,1
3319.75,0
3320.75,1
3321.0,0
3321.5,1
3322.75,0
3323.0,1
3323.5,0
3323.75,1
3324.0,0
3324.25,1
3325.75,0
3326.0,1
3327.0,0
3327.25,1
3327.75,0
3328.0,1
3329.0,0
3330.0,1
3330.25,0
3332.25,1
3332.5,0
3390.0,1
3390.75,0
3393.0,1
3394.25,0
3394.5,1
3396.0,0
3396.25,1
3396.5,0
3397.5,1
3398.75,0
3399.0,1
3399.25,0
3399.5,1
3400.0,0
3400.25,1
3400.5,0
3400.75,1
3401.5,0
3415.25,1
3415.5,0
3416.25,1
3416.5,0
3416.75,1
3417.0,0
3417.25,1
3417.5,0
3418.0,1
3421.0,0
3421.25,1
3421.5,0
3422.0,1
3423.5,0
3423.75,1
3424.75,0
3441.25,1
3441.75,0
3442.0,1
3442.5,0
3442.75,1
3444.0,0
3444.5,1
3445.5,0
3446.0,1
3446.5,0
3446.75,1
3447.5,0
3447.75,1
3448.25,0
3448.5,1
3448.75,0
3449.0,1
3449.25,0
3452.5,1
3452.75,0
3464.5,1
3464.75,0
3465.25,1
3467.25,0
3467.75,1
3468.0,0
3468.25,1
3468.75,0
3469.0,1
3469.5,0
3469.75,1
3470.25,0
3470.5,1
3471.0,0
3471.25,1
3471.5,0
3471.75,1
3472.75,0
3488.5,1
3490.0,0
3490.25,1
3492.75,0
3493.0,1
3493.75,0
3494.0,1
3496.75,0
3497.25,1
3497.5,0
3558.5,1
3558.75,0
3560.0,1
3560.25,0
3560.75,1
3561.0,0
3561.25,1
3562.5,0
3562.75,1
3565.0,0
3565.25,1
3565.75,0
3566.0,1
3567.25,0
3567.5,1
3568.75,0
3569.5,1
3569.75,0
3607.0,1
3607.25,0
3608.75,1
3609.5,0
3609.75,1
3611.0,0
3611.25,1
3613.75,0
3614.0,1
3614.5,0
3614.75,1
3615.0,0
3615.25,1
3615.5,0
3615.75,1
3616.5,0
3616.75,1
3617.5,0
3620.25,1
3620.75,0
3632.0,1
3632.25,0
3632.5,1
3633.25,0
3634.0,1
3638.25,0
3638.75,1
3639.75,0
3640.0,1
3641.25,0
3654.25,1
3654.5,0
3656.5,1
3658.0,0
3658.25,1
3658.5,0
3658.75,1
3660.75,0
3661.0,1
3661.25,0
3661.75,1
3662.0,0
3662.25,1
3664.25,0
3664.75,1
3665.0,0
3666.0,1
3666.25,0
3726.25,1
3726.5,0
3728.75,1
3732.75,0
3733.0,1
3733.75,0
3734.0,1
3737.0,0
3741.25,1
3741.5,0
3753.0,1
3753.5,0
3753.75,1
3754.0,0
3754.25,1
3755.75,0
3756.0,1
3759.25,0
3759.5,1
3761.0,0
3761.25,1
3761.5,0
3764.0,1
3764.25,0
3773.75,1
3774.0,0
3775.25,1
3775.5,0
3776.5,1
3776.75,0
3777.5,1
3779.75,0
3780.0,1
3780.25,0
3780.5,1
3781.75,0
3782.25,1
3782.75,0
3783.25,1
3784.25,0
3784.5,1
3785.25,0
3785.75,1
3786.0,0
3798.75,1
3799.0,0
3801.0,1
3803.75,0
3804.25,1
3805.0,0
3805.5,1
3805.75,0
3806.0,1
3806.75,0
3807.0,1
3807.75,0
3808.5,1
3809.0,0
3813.75,1
3814.0,0
3824.0,1
3825.0,0
3825.5,1
3827.0,0
3827.25,1
3827.75,0
3828.0,1
3828.25,0
3828.5,1
3830.25,0
3830.5,1
3830.75,0
3831.0,1
3831.75,0
3832.0,1
3833.0,0
3833.25,1
3833.5,0
3836.75,1
3837.0,0
3895.0,1
3895.25,0
3896.5,1
3897.0,0
3897.25,1
3897.5,0
3897.75,1
3898.0,0
3898.25,1
3899.75,0
3900.25,1
3901.0,0
3901.25,1
3901.75,0
3902.25,1
3902.75,0
3903.25,1
3905.0,0
3920.75,1
3921.0,0
3921.5,1
3922.0,0
3922.25,1
3922.5,0
3922.75,1
3924.5,0
3924.75,1
3927.0,0
3927.25,1
3927.75,0
3928.25,1
3928.75,0
3943.0,1
3943.25,0
3944.5,1
3945.0,0
3945.25,1
3946.5,0
3946.75,1
3948.0,0
3948.25,1
3949.75,0
3950.0,1
3950.25,0
3950.5,1
3951.5,0
3952.25,1
3953.25,0
3959.25,1
3959.5,0
3966.25,1
3966.5,0
3966.75,1
3967.0,0
3970.0,1
3971.5,0
3971.75,1
3972.25,0
3972.5,1
3973.0,0
3973.25,1
3973.5,0
3973.75,1
3975.25,0
3975.5,1
3976.0,0
3976.25,1
3976.5,0
3980.25,1
3980.5,0
3993.75,1
3996.25,0
3996.5,1
3998.25,0
3998.5,1
4000.5,0
4000.75,1
4001.0,0
4005.5,1
4005.75,0
4062.5,1
4062.75,0
4064.5,1
4065.25,0
4065.5,1
4066.5,0
4066.75,1
4067.75,0
4068.0,1
4068.25,0
4068.5,1
4069.25,0
4069.75,1
4072.0,0
4072.25,1
4073.0,0
4073.25,1
4073.5,0
4087.25,1
4087.5,0
4088.75,1
4089.5,0
4090.0,1
4090.5,0
4090.75,1
4091.25,0
4091.5,1
4092.5,0
4092.75,1
4093.25,0
4093.75,1
4096.0,0
4096.25,1
4097.75,0
4099.75,1
4100.0,0
4101.0,1
4101.25,0
4102.0,1
4102.25,0
4110.5,1
4110.75,0
4112.75,1
4113.75,0
4114.0,1
4115.25,0
4115.75,1
4117.0,0
4117.25,1
4118.5,0
4119.25,1
4119.75,0
4120.0,1
4120.5,0
4120.75,1
4121.5,0
4136.75,1
4137.5,0
4138.0,1
4138.5,0
4138.75,1
4140.25,0
4140.5,1
4143.5,0
4143.75,1
4144.5,0
4145.0,1
4145.25,0
4147.25,1
4147.5,0
4161.25,1
4161.75,0
4162.0,1
4162.25,0
4162.5,1
4162.75,0
4163.0,1
4164.25,0
4164.5,1
4168.75,0
4230.5,1
4230.75,0
4231.25,1
4231.5,0
4231.75,1
4232.0,0
4233.5,1
4234.5,0
4234.75,1
4235.5,0
4235.75,1
4236.0,0
4236.25,1
4236.5,0
4237.0,1
4237.5,0
4237.75,1
4239.25,0
4239.75,1
4241.25,0
4244.25,1
4244.5,0
4245.25,1
4245.5,0
4257.25,1
4260.5,0
4261.25,1
4261.5,0
4261.75,1
4262.0,0
4262.5,1
4263.0,0
4263.25,1
4265.0,0
4270.25,1
4270.5,0
4277.5,1
4277.75,0
4280.0,1
4280.25,0
4281.25,1
4281.5,0
4281.75,1
4285.5,0
4285.75,1
4286.0,0
4286.25,1
4286.5,0
4286.75,1
4288.25,0
4288.5,1
4289.25,0
4304.75,1
4309.25,0
4309.5,1
4310.25,0
4310.75,1
4311.0,0
4311.25,1
4313.5,0
4317.75,1
4318.0,0
4326.25,1
4326.5,0
4328.75,1
4329.0,0
4329.25,1
4330.0,0
4330.25,1
4331.5,0
4331.75,1
4332.5,0
4332.75,1
4333.0,0
4333.75,1
4334.5,0
4334.75,1
4335.25,0
4335.5,1
4336.5,0
4399.75,1
4400.0,0
4400.5,1
4400.75,0
4401.25,1
4402.5,0
4402.75,1
4403.25,0
4403.5,1
4404.0,0
4404.25,1
4407.0,0
4407.25,1
4408.25,0
4408.5,1
4408.75,0
4409.0,1
4409.25,0
4447.0,1
4448.0,0
4448.25,1
4448.5,0
4448.75,1
4449.0,0
4449.25,1
4449.5,0
4449.75,1
4451.5,0
4452.5,1
4453.25,0
4453.5,1
4454.0,0
4454.25,1
4454.75,0
4455.0,1
4455.5,0
4455.75,1
4456.0,0
4456.25,1
4456.75,0
4457.0,1
4457.25,0
4461.0,1
4461.25,0
4472.75,1
4473.5,0
4473.75,1
4474.5,0
4475.0,1
4475.75,0
4476.0,1
4477.75,0
4478.0,1
4478.25,0
4478.5,1
4479.25,0
4479.5,1
4480.0,0
4480.25,1
4481.0,0
4483.5,1
4483.75,0
4496.75,1
4498.5,0
4498.75,1
4499.0,0
4499.25,1
4499.5,0
4500.5,1
4501.25,0
4501.5,1
4503.0,0
4503.25,1
4503.75,0
4504.0,1
4505.25,0
4565.75,1
4566.0,0
4568.75,1
4569.25,0
4569.75,1
4570.75,0
4571.0,1
4571.5,0
4571.75,1
4572.0,0
4572.25,1
4572.5,0
4572.75,1
4574.0,0
4574.5,1
4575.75,0
4576.0,1
4577.25,0
4582.0,1
4582.25,0
4593.0,1
4593.75,0
4594.0,1
4597.0,0
4597.5,1
4599.0,0
4599.25,1
4600.0,0
4600.25,1
4600.5,0
4600.75,1
4601.25,0
4617.25,1
4618.25,0
4618.5,1
4619.25,0
4619.5,1
4621.0,0
4621.25,1
4621.5,0
4621.75,1
4623.25,0
4623.5,1
4624.0,0
4624.25,1
4624.75,0
4627.75,1
4628.0,0
4638.5,1
4638.75,0
4639.0,1
4639.25,0
4640.25,1
4640.75,0
4641.25,1
4643.5,0
4644.0,1
4645.0,0
4645.25,1
4645.75,0
4646.0,1
4648.75,0
4649.25,1
4649.5,0
4653.0,1
4653.25,0
4661.5,1
4661.75,0
4662.75,1
4663.25,0
4664.75,1
4665.0,0
4665.5,1
4666.0,0
4666.25,1
4667.5,0
4667.75,1
4668.25,0
4668.5,1
4669.25,0
4669.5,1
4670.75,0
4671.0,1
4671.25,0
4672.0,1
4673.25,0
4673.5,1
4673.75,0
4736.75,1
4737.5,0
4737.75,1
4738.25,0
4738.5,1
4738.75,0
4739.0,1
4740.0,0
4740.25,1
4741.75,0
4742.0,1
4743.75,0
4744.0,1
4744.25,0
4744.5,1
4745.0,0
4745.25,1
4745.5,0
4761.25,1
4763.5,0
4764.25,1
4765.25,0
4765.5,1
4765.75,0
4766.0,1
4768.75,0
4769.0,1
4769.25,0
4773.25,1
4773.5,0
4784.75,1
4785.0,0
4785.25,1
4785.75,0
4786.0,1
4788.25,0
4788.5,1
4790.25,0
4790.5,1
4791.0,0
4791.25,1
4793.0,0
4793.25,1
4793.5,0
4807.25,1
4807.5,0
4808.5,1
4809.75,0
4810.25,1
4813.0,0
4813.25,1
4813.5,0
4813.75,1
4814.0,0
4814.5,1
4815.0,0
4815.25,1
4815.5,0
4815.75,1
4817.0,0
4834.0,1
4834.75,0
4835.5,1
4836.5,0
4837.0,1
4837.75,0
4838.0,1
4839.0,0
4839.25,1
4840.25,0
4840.5,1
4841.0,0
4841.25,1
4841.5,0
4845.75,1
4846.0,0
4903.25,1
4903.5,0
4905.5,1
4907.25,0
4907.5,1
4908.75,0
4909.0,1
4910.5,0
4910.75,1
4913.0,0
4926.75,1
4927.25,0
4929.0,1
4929.25,0
4929.5,1
4930.0,0
4930.25,1
4931.75,0
4932.0,1
4932.25,0
4932.75,1
4934.0,0
4934.25,1
4937.0,0
4942.25,1
4942.5,0
4951.25,1
4951.5,0
4952.5,1
4953.0,0
4953.5,1
4956.0,0
4956.25,1
4957.75,0
4958.25,1
4958.75,0
4959.25,1
4959.75,0
4960.0,1
4961.0,0
4961.25,1
4961.5,0
4976.0,1
4976.25,0
4977.25,1
4977.5,0
4977.75,1
4978.25,0
4978.5,1
4979.25,0
4980.0,1
4980.5,0
4980.75,1
4981.75,0
4982.0,1
4982.25,0
4982.5,1
4983.0,0
4983.5,1
4985.0,0
4988.5,1
4988.75,0
4989.0,1
4989.25,0
4989.5,1
4989.75,0
4990.25,1
4990.5,0
4999.5,1
4999.75,0
5000.25,1
5001.0,0
5001.25,1
5001.75,0
5002.0,1
5003.75,0
5004.0,1
5005.75,0
5007.0,1
5009.0,0
5013.25,1
5013.5,0
5071.25,1
5071.5,0
5072.5,1
5072.75,0
5073.5,1
5073.75,0
5074.0,1
5074.25,0
5074.5,1
5075.75,0
5076.25,1
5076.5,0
5076.75,1
5077.0,0
5077.25,1
5077.5,0
5077.75,1
5078.0,0
5078.25,1
5079.75,0
5080.0,1
5080.5,0
5080.75,1
5081.0,0
5096.25,1
5096.5,0
5096.75,1
5097.0,0
5097.25,1
5097.5,0
5098.0,1
5100.0,0
5100.25,1
5100.75,0
5101.0,1
5102.5,0
5102.75,1
5103.0,0
5103.25,1
5103.75,0
5104.25,1
5105.0,0
5121.25,1
5121.75,0
5122.0,1
5122.75,0
5123.0,1
5124.25,0
5124.5,1
5125.5,0
5126.25,1
5127.5,0
5127.75,1
5128.0,0
5128.25,1
5129.25,0
5142.75,1
5143.0,0
5144.75,1
5146.0,0
5146.25,1
5146.5,0
5147.0,1
5148.25,0
5148.5,1
5148.75,0
5149.0,1
5149.75,0
5150.0,1
5151.5,0
5151.75,1
5152.75,0
5153.0,1
5153.75,0
5157.0,1
5157.25,0
5166.5,1
5166.75,0
5167.5,1
5167.75,0
5169.0,1
5170.0,0
5170.25,1
5170.5,0
5171.0,1
5174.75,0
5175.0,1
5176.0,0
5176.25,1
5177.0,0
5177.75,1
5178.0,0
5238.25,1
5238.5,0
5241.25,1
5243.25,0
5243.5,1
5243.75,0
5244.0,1
5246.75,0
5247.0,1
5247.75,0
5248.0,1
5249.0,0
5253.0,1
5253.25,0
5254.25,1
5254.5,0
5264.75,1
5265.0,0
5265.25,1
5266.0,0
5266.25,1
5268.25,0
5268.5,1
5268.75,0
5269.25,1
5270.25,0
5270.5,1
5271.5,0
5271.75,1
5272.0,0
5272.5,1
5272.75,0
5276.75,1
5277.0,0
5286.25,1
5286.5,0
5287.75,1
5288.25,0
5288.5,1
5288.75,0
5289.0,1
5292.75,0
5293.0,1
5294.25,0
5294.5,1
5296.25,0
5296.75,1
5297.5,0
5301.25,1
5301.5,0
5311.5,1
5312.25,0
5312.5,1
5313.25,0
5313.5,1
5314.5,0
5314.75,1
5316.25,0
5316.5,1
5317.25,0
5317.5,1
5318.25,0
5318.75,1
5319.75,0
5320.5,1
5320.75,0
5321.0,1
5321.25,0
5334.25,1
5334.5,0
5336.0,1
5336.25,0
5336.75,1
5337.0,0
5337.25,1
5338.25,0
5338.5,1
5339.5,0
5339.75,1
5340.75,0
5341.25,1
5342.25,0
5343.0,1
5344.25,0
5344.5,1
5345.0,0
5408.0,1
5408.25,0
5408.75,1
5410.75,0
5411.0,1
5411.75,0
5412.0,1
5412.75,0
5413.25,1
5414.0,0
5414.25,1
5415.0,0
5415.25,1
5416.25,0
5416.5,1
5417.25,0
5421.5,1
5422.0,0
5431.5,1
5431.75,0
5433.25,1
5434.0,0
5434.25,1
5437.0,0
5437.5,1
5438.25,0
5438.5,1
5439.5,0
5439.75,1
5441.0,0
5456.25,1
5456.5,0
5457.25,1
5460.25,0
5460.5,1
5461.25,0
5461.5,1
5461.75,0
5462.0,1
5463.25,0
5463.75,1
5464.0,0
5465.25,1
5465.5,0
5467.5,1
5467.75,0
5478.5,1
5478.75,0
5481.25,1
5481.5,0
5481.75,1
5482.75,0
5483.0,1
5486.25,0
5486.5,1
5488.75,0
5489.0,1
5489.5,0
5503.5,1
5503.75,0
5504.25,1
5504.5,0
5504.75,1
5505.0,0
5505.5,1
5506.25,0
5506.5,1
5508.25,0
5508.75,1
5509.75,0
5510.0,1
5510.25,0
5510.5,1
5511.0,0
5511.25,1
5511.75,0
5512.0,1
5512.5,0
5513.0,1
5513.25,0
5516.75,1
5517.0,0
5574.5,1
5574.75,0
5575.25,1
5575.5,0
5576.0,1
5576.25,0
5576.5,1
5576.75,0
5577.0,1
5577.75,0
5578.25,1
5580.25,0
5580.5,1
5581.5,0
5581.75,1
5582.0,0
5582.25,1
5583.0,0
5583.25,1
5584.25,0
5584.5,1
5584.75,0
5585.0,1
5585.5,0
5599.25,1
5599.5,0
5600.5,1
5600.75,0
5601.25,1
5602.0,0
5602.25,1
5602.75,0
5603.0,1
5605.0,0
5605.25,1
5605.5,0
5605.75,1
5606.25,0
5606.75,1
5607.5,0
5607.75,1
5609.25,0
5624.25,1
5624.5,0
5624.75,1
5625.0,0
5625.25,1
5625.5,0
5625.75,1
5626.25,0
5626.5,1
5627.25,0
5627.75,1
5628.25,0
5628.5,1
5629.5,0
5629.75,1
5630.75,0
5631.0,1
5631.75,0
5632.0,1
5632.5,0
5646.5,1
5646.75,0
5649.25,1
5650.75,0
5651.0,1
5651.75,0
5652.5,1
5653.25,0
5653.5,1
5654.0,0
5654.25,1
5656.25,0
5656.5,1
5656.75,0
5657.0,1
5657.25,0
5673.0,1
5675.25,0
5675.5,1
5676.25,0
5676.5,1
5678.25,0
5678.75,1
5681.25,0
5684.5,1
5684.75,0
5742.0,1
5742.25,0
5743.75,1
5744.0,0
5745.0,1
5746.5,0
5746.75,1
5749.5,0
5749.75,1
5751.0,0
5751.25,1
5753.25,0
5753.5,1
5753.75,0
5754.25,1
5754.5,0
5757.0,1
5757.25,0
5758.0,1
5758.25,0
5767.75,1
5768.0,0
5769.0,1
5769.25,0
5769.5,1
5769.75,0
5770.75,1
5772.0,0
5772.25,1
5772.5,0
5772.75,1
5774.25,0
5774.75,1
5775.5,0
5776.0,1
5777.25,0
5789.5,1
5789.75,0
5790.0,1
5790.25,0
5792.5,1
5792.75,0
5793.5,1
5794.25,0
5794.75,1
5795.0,0
5795.25,1
5798.0,0
5798.25,1
5798.75,0
5799.0,1
5800.0,0
5800.25,1
5800.75,0
5801.25,1
5801.5,0
5815.0,1
5815.25,0
5817.25,1
5817.5,0
5817.75,1
5820.5,0
5820.75,1
5821.75,0
5822.0,1
5822.25,0
5822.5,1
5823.0,0
5823.5,1
5824.0,0
5824.5,1
5824.75,0
5825.0,1
5825.25,0
5829.5,1
5829.75,0
5838.75,1
5839.0,0
5840.75,1
5841.0,0
5841.5,1
5842.25,0
5842.5,1
5843.0,0
5843.75,1
5844.5,0
5844.75,1
5845.0,0
5845.5,1
5847.0,0
5847.25,1
5849.25,0
5852.5,1
5852.75,0
5855.0,1
5855.25,0
5909.5,1
5909.75,0
5910.0,1
5910.25,0
5911.25,1
5911.5,0
5913.0,1
5913.25,0
5913.75,1
5914.75,0
5915.0,1
5915.25,0
5915.5,1
5916.25,0
5916.5,1
5919.25,0
5919.5,1
5920.0,0
5920.5,1
5920.75,0
5921.0,1
5921.25,0
5921.5,1
5921.75,0
5924.5,1
5924.75,0
5957.75,1
5958.0,0
5960.75,1
5961.0,0
5961.25,1
5962.25,0
5962.5,1
5963.5,0
5963.75,1
5964.75,0
5965.0,1
5968.75,0
5969.0,1
5969.25,0
5983.0,1
5983.25,0
5985.25,1
5985.5,0
5985.75,1
5989.0,0
5989.5,1
5990.25,0
5990.5,1
5993.0,0
5997.0,1
5997.25,0
6009.0,1
6009.5,0
6010.0,1
6010.75,0
6011.0,1
6012.5,0
6012.75,1
6014.0,0
6014.25,1
6014.5,0
6014.75,1
6015.5,0
6015.75,1
6016.0,0
6016.5,1
6017.5,0
6079.0,1
6079.25,0
6080.75,1
6081.75,0
6082.25,1
6082.5,0
6082.75,1
6083.5,0
6084.0,1
6088.0,0
6088.25,1
6089.5,0
6089.75,1
6090.0,0
6094.0,1
6094.25,0
6102.75,1
6103.25,0
6103.75,1
6104.0,0
6104.75,1
6105.0,0
6105.75,1
6108.0,0
6108.5,1
6109.25,0
6109.75,1
6110.0,0
6110.25,1
6110.5,0
6110.75,1
6112.5,0
6112.75,1
6113.25,0
6126.5,1
6126.75,0
6127.5,1
6127.75,0
6129.0,1
6129.75,0
6130.25,1
6131.25,0
6131.75,1
6133.0,0
6133.25,1
6133.5,0
6133.75,1
6134.5,0
6134.75,1
6137.0,0
6137.25,1
6137.5,0
6151.5,1
6151.75,0
6152.5,1
6152.75,0
6153.0,1
6154.0,0
6154.25,1
6157.5,0
6157.75,1
6160.5,0
6164.75,1
6165.0,0
6165.25,1
6165.5,0
6176.0,1
6176.25,0
6177.0,1
6177.25,0
6177.5,1
6178.0,0
6178.25,1
6178.5,0
6178.75,1
6179.25,0
6179.75,1
6180.75,0
6181.0,1
6181.5,0
6181.75,1
6182.25,0
6182.5,1
6184.0,0
6184.5,1
6184.75,0
6185.25,1
6185.5,0
6249.25,1
6249.75,0
6250.0,1
6252.75,0
6253.0,1
6253.5,0
6253.75,1
6254.25,0
6254.5,1
6254.75,0
6255.0,1
6257.25,0
6272.5,1
6272.75,0
6273.25,1
6275.0,0
6275.25,1
6276.25,0
6276.75,1
6277.0,0
6277.25,1
6277.75,0
6278.25,1
6279.75,0
6280.0,1
6280.25,0
6280.5,1
6280.75,0
6281.0,1
6281.5,0
6284.25,1
6284.5,0
6294.5,1
6294.75,0
6297.0,1
6298.25,0
6298.5,1
6299.5,0
6299.75,1
6300.0,0
6300.25,1
6301.0,0
6301.25,1
6301.75,0
6302.25,1
6303.5,0
6303.75,1
6304.75,0
6305.0,1
6305.25,0
6305.75,1
6306.0,0
6318.0,1
6318.25,0
6318.5,1
6318.75,0
6321.5,1
6321.75,0
6322.0,1
6322.75,0
6323.0,1
6324.0,0
6324.5,1
6325.0,0
6325.25,1
6325.75,0
6326.0,1
6328.75,0
6329.0,1
6329.5,0
6332.25,1
6332.5,0
6342.25,1
6342.5,0
6343.75,1
6344.0,0
6344.5,1
6344.75,0
6345.0,1
6345.5,0
6345.75,1
6346.5,0
6347.0,1
6347.5,0
6347.75,1
6348.25,0
6348.75,1
6349.0,0
6349.5,1
6350.75,0
6351.5,1
6352.5,0
6353.0,1
6353.5,0
6417.0,1
6417.25,0
6417.75,1
6418.25,0
6418.5,1
6420.25,0
6420.75,1
6421.5,0
6421.75,1
6422.0,0
6422.25,1
6423.0,0
6423.5,1
6423.75,0
6424.0,1
6424.25,0
6424.5,1
6425.5,0
6428.25,1
6428.5,0
6437.75,1
6438.0,0
6439.25,1
6439.5,0
6441.25,1
6442.25,0
6442.5,1
6443.25,0
6443.5,1
6444.25,0
6444.5,1
6446.25,0
6446.75,1
6448.25,0
6448.5,1
6448.75,0
6449.25,1
6449.5,0
6463.75,1
6464.0,0
6465.0,1
6469.5,0
6469.75,1
6470.0,0
6470.25,1
6472.75,0
6473.0,1
6473.25,0
6475.75,1
6476.0,0
6477.75,1
6478.0,0
6487.0,1
6487.25,0
6488.25,1
6489.0,0
6489.25,1
6491.75,0
6492.25,1
6493.5,0
6493.75,1
6494.0,0
6494.5,1
6495.5,0
6496.0,1
6497.5,0
6502.75,1
6503.0,0
6512.25,1
6512.75,0
6513.0,1
6513.5,0
6513.75,1
6516.25,0
6516.75,1
6517.5,0
6517.75,1
6518.0,0
6518.25,1
6519.25,0
6519.75,1
6520.25,0
6520.75,1
6521.25,0
6521.5,1
6521.75,0
6524.75,1
6525.0,0
6583.0,1
6583.25,0
6584.0,1
6584.25,0
6585.25,1
6586.75,0
6587.0,1
6589.75,0
6590.0,1
6591.75,0
6592.0,1
6592.25,0
6592.5,1
6592.75,0
6593.25,1
6593.5,0
6593.75,1
6594.0,0
6608.5,1
6608.75,0
6609.0,1
6609.25,0
6609.5,1
6609.75,0
6610.0,1
6611.75,0
6612.0,1
6612.75,0
6613.0,1
6613.25,0
6613.75,1
6616.75,0
6617.0,1
6617.25,0
6632.0,1
6632.25,0
6633.0,1
6634.0,0
6634.25,1
6636.25,0
6636.5,1
6636.75,0
6637.25,1
6637.75,0
6638.0,1
6638.25,0
6638.5,1
6639.0,0
6639.25,1
6639.75,0
6640.0,1
6641.25,0
6657.0,1
6657.25,0
6657.75,1
6658.0,0
6658.25,1
6661.75,0
6663.0,1
6665.0,0
6666.75,1
6667.0,0
6677.5,1
6677.75,0
6678.75,1
6679.0,0
6679.25,1
6679.5,0
6680.0,1
6680.25,0
6680.5,1
6680.75,0
6681.75,1
6682.5,0
6683.25,1
6683.5,0
6683.75,1
6684.5,0
6684.75,1
6685.0,0
6685.25,1
6686.0,0
6686.25,1
6686.5,0
6686.75,1
6687.25,0
6687.5,1
6688.75,0
6689.0,1
6689.75,0
6691.5,1
6691.75,0
6693.25,1
6693.5,0
6750.5,1
6750.75,0
6751.25,1
6751.5,0
6752.75,1
6753.0,0
6753.5,1
6754.0,0
6754.25,1
6754.5,0
6754.75,1
6755.0,0
6755.25,1
6756.5,0
6756.75,1
6760.0,0
6760.25,1
6761.0,0
6798.75,1
6799.0,0
6799.25,1
6799.5,0
6801.5,1
6802.5,0
6802.75,1
6804.5,0
6804.75,1
6806.5,0
6806.75,1
6807.5,0
6807.75,1
6808.75,0
6809.0,1
6809.25,0
6809.75,1
6810.0,0
6823.25,1
6823.5,0
6824.0,1
6824.25,0
6825.25,1
6826.25,0
6826.5,1
6826.75,0
6827.25,1
6827.75,0
6828.25,1
6829.0,0
6829.25,1
6830.25,0
6830.75,1
6831.5,0
6831.75,1
6832.5,0
6846.0,1
6846.25,0
6846.5,1
6847.0,0
6848.25,1
6848.5,0
6849.0,1
6849.5,0
6849.75,1
6851.5,0
6851.75,1
6853.5,0
6853.75,1
6854.0,0
6854.25,1
6854.5,0
6854.75,1
6856.25,0
6919.0,1
6919.25,0
6921.5,1
6924.5,0
6924.75,1
6926.0,0
6926.25,1
6926.5,0
6926.75,1
6927.75,0
6928.0,1
6928.25,0
6928.5,1
6928.75,0
6929.0,1
6929.25,0
6943.25,1
6943.75,0
6944.75,1
6945.0,0
6945.25,1
6945.5,0
6945.75,1
6946.0,0
6946.25,1
6948.0,0
6948.25,1
6951.25,0
6951.5,1
6952.75,0
6953.75,1
6954.0,0
6967.0,1
6967.25,0
6968.25,1
6968.5,0
6968.75,1
6969.5,0
6969.75,1
6970.0,0
6970.25,1
6970.5,0
6970.75,1
6971.25,0
6971.75,1
6974.5,0
6974.75,1
6977.25,0
6990.0,1
6990.25,0
6991.75,1
6992.0,0
6992.5,1
6992.75,0
6993.0,1
6996.75,0
6997.0,1
6997.5,0
6997.75,1
6998.0,0
6998.25,1
7000.5,0
7001.25,1
7001.5,0
7004.25,1
7004.5,0
7005.25,1
7005.5,0
7006.0,1
7006.25,0
7015.0,1
7015.25,0
7015.5,1
7015.75,0
7016.25,1
7016.75,0
7017.0,1
7018.25,0
7018.5,1
7021.25,0
7021.5,1
7022.75,0
7023.0,1
7023.5,0
7023.75,1
7024.25,0
7024.5,1
7024.75,0
7088.25,1
7088.5,0
7088.75,1
7089.25,0
7089.5,1
7092.5,0
7092.75,1
7093.0,0
7093.25,1
7095.0,0
7095.25,1
7096.25,0
7096.5,1
7096.75,0
7113.25,1
7114.0,0
7114.25,1
7114.5,0
7114.75,1
7115.5,0
7115.75,1
7117.25,0
7117.75,1
7118.5,0
7118.75,1
7120.0,0
7120.25,1
7121.0,0
7121.25,1
7121.5,0
7125.25,1
7125.5,0
7135.75,1
7136.0,0
7136.25,1
7136.75,0
7137.0,1
7137.5,0
7137.75,1
7139.0,0
7139.25,1
7139.75,0
7140.25,1
7140.75,0
7141.25,1
7142.0,0
7142.5,1
7144.0,0
7144.25,1
7145.0,0
7161.25,1
7163.5,0
7164.0,1
7164.5,0
7165.0,1
7165.25,0
7165.5,1
7166.75,0
7167.0,1
7168.5,0
7168.75,1
7169.25,0
7171.5,1
7171.75,0
7182.25,1
7182.5,0
7183.0,1
7183.25,0
7185.25,1
7189.0,0
7189.25,1
7189.5,0
7189.75,1
7191.0,0
7191.25,1
7192.75,0
7194.0,1
7194.25,0
7197.0,1
7197.25,0
7254.75,1
7255.0,0
7255.25,1
7255.75,0
7257.25,1
7258.5,0
7258.75,1
7260.25,0
7260.75,1
7261.75,0
7262.75,1
7265.0,0
7277.75,1
7278.0,0
7280.75,1
7283.75,0
7284.5,1
7284.75,0
7285.0,1
7285.25,0
7285.75,1
7287.0,0
7287.25,1
7288.0,0
7288.25,1
7288.75,0
7289.0,1
7289.25,0
7304.75,1
7305.0,0
7305.25,1
7307.5,0
7308.0,1
7310.5,0
7311.0,1
7312.75,0
7313.0,1
7313.25,0
7317.0,1
7317.25,0
7326.75,1
7327.0,0
7328.75,1
7331.25,0
7331.5,1
7332.75,0
7333.25,1
7333.5,0
7333.75,1
7334.75,0
7335.0,1
7335.25,0
7335.5,1
7336.25,0
7336.5,1
7336.75,0
7337.5,1
7337.75,0
7340.5,1
7340.75,0
7350.0,1
7350.25,0
7351.0,1
7351.25,0
7352.75,1
7354.5,0
7355.25,1
7355.75,0
7356.0,1
7356.75,0
7357.5,1
7358.5,0
7358.75,1
7360.75,0
7361.0,1
7361.25,0
7366.5,1
7366.75,0
7423.0,1
7423.25,0
7425.0,1
7425.75,0
7426.0,1
7427.0,0
7427.25,1
7427.75,0
7428.25,1
7429.25,0
7429.5,1
7431.75,0
7432.25,1
7433.25,0
7449.25,1
7450.25,0
7450.5,1
7451.25,0
7451.5,1
7453.5,0
7453.75,1
7454.0,0
7454.25,1
7455.75,0
7456.25,1
7456.75,0
7461.5,1
7461.75,0
7469.5,1
7469.75,0
7473.0,1
7473.25,0
7473.75,1
7474.25,0
7474.5,1
7474.75,0
7475.0,1
7476.25,0
7476.5,1
7477.25,0
7477.5,1
7480.75,0
7481.0,1
7481.25,0
7494.25,1
7494.75,0
7497.25,1
7498.25,0
7498.5,1
7499.25,0
7499.5,1
7501.75,0
7502.0,1
7502.75,0
7503.0,1
7503.25,0
7503.5,1
7505.0,0
7505.25,1
7505.5,0
7510.0,1
7510.25,0
7519.0,1
7519.25,0
7520.0,1
7521.0,0
7521.5,1
7522.0,0
7522.25,1
7523.25,0
7523.5,1
7523.75,0
7524.0,1
7524.25,0
7524.5,1
7525.0,0
7525.25,1
7526.0,0
7526.5,1
7527.0,0
7527.25,1
7528.25,0
7528.5,1
7529.5,0
7591.25,1
7591.75,0
7592.25,1
7592.5,0
7593.0,1
7594.0,0
7594.25,1
7596.25,0
7597.0,1
7598.0,0
7598.25,1
7598.5,0
7599.0,1
7600.75,0
7601.0,1
7601.25,0
7614.25,1
7614.5,0
7615.75,1
7616.0,0
7616.25,1
7616.75,0
7617.0,1
7617.25,0
7617.5,1
7618.25,0
7618.5,1
7618.75,0
7619.0,1
7620.25,0
7620.5,1
7620.75,0
7621.0,1
7621.5,0
7621.75,1
7625.0,0
7636.0,1
7636.25,0
7641.25,1
7641.75,0
7642.0,1
7642.5,0
7643.0,1
7643.75,0
7644.0,1
7644.25,0
7644.5,1
7646.5,0
7646.75,1
7649.25,0
7649.75,1
7650.0,0
7665.5,1
7666.25,0
7666.5,1
7670.5,0
7671.25,1
7671.75,0
7672.0,1
7673.25,0
7673.5,1
7673.75,0
7688.5,1
7689.0,0
7689.75,1
7693.0,0
7693.25,1
7694.0,0
7694.25,1
7694.75,0
7695.25,1
7696.25,0
7696.5,1
7697.0,0
7697.5,1
7697.75,0
7700.5,1
7701.0,0
7758.25,1
7758.5,0
7759.25,1
7760.0,0
7761.0,1
7761.25,0
7761.5,1
7762.0,0
7762.25,1
7763.0,0
7763.5,1
7764.0,0
7764.25,1
7764.5,0
7764.75,1
7765.0,0
7765.25,1
7765.75,0
7766.0,1
7768.5,0
7784.0,1
7784.25,0
7785.0,1
7785.75,0
7786.25,1
7788.0,0
7788.25,1
7788.5,0
7789.0,1
7789.5,0
7791.25,1
7791.5,0
7791.75,1
7792.25,0
7792.5,1
7793.25,0
7807.25,1
7807.5,0
7808.25,1
7808.5,0
7809.25,1
7810.75,0
7811.25,1
7812.25,0
7812.75,1
7813.25,0
7813.5,1
7813.75,0
7814.75,1
7816.0,0
7816.25,1
7816.75,0
7817.0,1
7817.25,0
7833.5,1
7835.75,0
7836.0,1
7839.0,0
7839.25,1
7840.75,0
7925.75,1
7926.0,0
7929.5,1
7931.75,0
7932.0,1
7932.5,0
7932.75,1
7933.0,0
7933.25,1
7934.5,0
7934.75,1
7936.25,0
7936.5,1
7936.75,0
7937.5,1
7937.75,0
7951.0,1
7951.25,0
7952.25,1
7952.75,0
7953.0,1
7953.25,0
7953.5,1
7953.75,0
7954.25,1
7954.5,0
7954.75,1
7955.0,0
7955.75,1
7956.0,0
7956.25,1
7956.5,0
7956.75,1
7957.0,0
7957.25,1
7958.25,0
7958.5,1
7960.75,0
7961.0,1
7961.25,0
7977.0,1
7977.25,0
7977.5,1
7978.5,0
7978.75,1
7979.0,0
7979.25,1
7981.0,0
7981.25,1
7983.0,0
7983.25,1
7984.5,0
7984.75,1
7985.5,0
7988.5,1
7988.75,0
7998.75,1
7999.0,0
8001.0,1
8001.5,0
8001.75,1
8003.0,0
8003.25,1
8005.25,0
8005.5,1
8009.0,0
8012.5,1
8013.0,0
8022.5,1
8022.75,0
8023.5,1
8023.75,0
8025.0,1
8028.75,0
8029.0,1
8031.0,0
8032.0,1
8032.75,0
8033.0,1
8033.25,0
8096.75,1
8100.5,0
8100.75,1
8101.0,0
8101.25,1
8101.5,0
8101.75,1
8103.0,0
8103.5,1
8105.0,0
8120.25,1
8120.5,0
8121.5,1
8122.25,0
8122.5,1
8123.0,0
8123.25,1
8124.25,0
8124.5,1
8124.75,0
8125.25,1
8125.5,0
8126.0,1
8127.25,0
8127.75,1
8128.0,0
8128.25,1
8128.5,0
8128.75,1
8129.0,0
8132.5,1
8133.0,0
8144.75,1
8147.75,0
8148.25,1
8148.5,0
8148.75,1
8149.25,0
8149.75,1
8150.25,0
8150.5,1
8150.75,0
8151.0,1
8151.5,0
8151.75,1
8152.0,0
8152.25,1
8152.5,0
8152.75,1
8153.0,0
8153.25,1
8153.5,0
8168.75,1
8169.0,0
8169.25,1
8170.0,0
8170.25,1
8172.0,0
8172.25,1
8172.75,0
8173.25,1
8174.0,0
8174.5,1
8174.75,0
8175.0,1
8176.0,0
8176.5,1
8176.75,0
8190.0,1
8190.25,0
8192.75,1
8195.0,0
8195.25,1
8195.75,0
8196.0,1
8196.25,0
8196.5,1
8196.75,0
8197.0,1
8197.5,0
8197.75,1
8198.0,0
8198.25,1
8199.0,0
8199.25,1
8201.0,0
8203.75,1
8204.0,0
8257.25,1
8257.5,0
8260.5,1
8260.75,0
8264.5,1
8264.75,0
8265.25,1
8268.25,0
8268.5,1
8269.0,0
8269.25,1
8270.5,0
8271.0,1
8271.5,0
8271.75,1
8272.5,0
8272.75,1
8273.0,0
8273.25,1
8273.5,0
8275.5,1
8275.75,0
8287.25,1
8287.75,0
8288.25,1
8288.5,0
8289.0,1
8289.25,0
8289.75,1
8292.0,0
8292.25,1
8293.0,0
8293.25,1
8293.5,0
8293.75,1
8295.0,0
8295.25,1
8295.5,0
8295.75,1
8296.25,0
8296.5,1
8297.5,0
8310.0,1
8310.25,0
8310.75,1
8311.0,0
8313.75,1
8315.75,0
8316.0,1
8319.75,0
8320.0,1
8320.5,0
8320.75,1
8321.25,0
8322.0,1
8322.25,0
8336.75,1
8338.25,0
8338.75,1
8341.0,0
8341.25,1
8342.5,0
8342.75,1
8343.0,0
8343.25,1
8343.75,0
8344.0,1
8344.25,0
8344.5,1
8344.75,0
8345.75,1
8346.0,0
8360.5,1
8360.75,0
8361.0,1
8361.25,0
8361.75,1
8365.5,0
8365.75,1
8366.75,0
8367.0,1
8367.5,0
8367.75,1
8368.0,0
8368.25,1
8368.75,0
8432.5,1
8435.5,0
8436.0,1
8441.0,0
8441.25,1
8441.5,0
8456.75,1
8457.0,0
8457.25,1
8458.75,0
8459.0,1
8459.75,0
8460.25,1
8460.5,0
8460.75,1
8465.0,0
8480.25,1
8480.75,0
8481.25,1
8481.75,0
8482.0,1
8483.25,0
8484.0,1
8485.75,0
8486.0,1
8486.25,0
8486.5,1
8487.25,0
8487.5,1
8488.5,0
8488.75,1
8489.0,0
8489.25,1
8489.5,0
8490.0,1
8490.25,0
8502.25,1
8502.5,0
8503.75,1
8504.0,0
8505.25,1
8506.25,0
8506.75,1
8507.25,0
8507.5,1
8509.0,0
8509.75,1
8511.0,0
8511.25,1
8511.75,0
8512.0,1
8512.25,0
8512.5,1
8512.75,0
8513.5,1
8513.75,0
8517.25,1
8517.5,0
8528.25,1
8528.5,0
8529.25,1
8530.0,0
8530.25,1
8530.5,0
8530.75,1
8531.0,0
8531.25,1
8532.0,0
8532.25,1
8532.5,0
8532.75,1
8534.0,0
8534.25,1
8534.5,0
8535.0,1
8535.25,0
8535.5,1
8536.75,0
8625.0,1
8625.75,0
8626.25,1
8628.5,0
8628.75,1
8630.0,0
8630.25,1
8630.75,0
8631.0,1
8632.0,0
8632.75,1
8633.25,0
8648.5,1
8649.25,0
8649.5,1
8652.75,0
8653.0,1
8654.25,0
8654.5,1
8655.0,0
8655.25,1
8657.25,0
8657.5,1
8658.0,0
8673.0,1
8674.75,0
8675.25,1
8675.75,0
8676.0,1
8676.75,0
8677.0,1
8677.25,0
8677.5,1
8678.75,0
8679.25,1
8680.5,0
8680.75,1
8681.25,0
8694.25,1
8694.5,0
8694.75,1
8695.0,0
8695.75,1
8696.0,0
8696.5,1
8697.25,0
8697.75,1
8698.0,0
8698.25,1
8699.25,0
8699.5,1
8700.5,0
8700.75,1
8702.25,0
8703.0,1
8703.75,0
8704.0,1
8704.25,0
