#1


float Room-136 (4277,2)
0.0,0
32.25,1
32.5,0
32.75,1
36.5,0
36.75,1
37.25,0
37.75,1
41.0,0
54.5,1
54.75,0
55.75,1
56.0,0
57.25,1
58.0,0
58.25,1
58.5,0
59.0,1
60.5,0
60.75,1
61.0,0
61.25,1
62.0,0
62.25,1
63.0,0
63.25,1
64.25,0
78.0,1
78.25,0
78.5,1
78.75,0
79.75,1
80.25,0
80.75,1
81.25,0
81.5,1
83.25,0
83.5,1
84.0,0
84.25,1
84.75,0
85.0,1
85.5,0
85.75,1
86.0,0
86.25,1
86.75,0
87.25,1
88.25,0
88.5,1
88.75,0
89.25,1
89.5,0
92.75,1
93.0,0
105.0,1
105.25,0
105.5,1
107.75,0
108.0,1
108.5,0
108.75,1
109.75,0
110.0,1
111.75,0
112.0,1
113.0,0
127.25,1
127.5,0
128.25,1
129.0,0
129.75,1
130.75,0
131.0,1
132.25,0
132.5,1
135.0,0
135.5,1
136.0,0
136.25,1
137.25,0
137.5,1
137.75,0
141.0,1
141.25,0
198.5,1
198.75,0
199.5,1
200.25,0
200.5,1
200.75,0
201.0,1
206.0,0
206.25,1
208.75,0
213.0,1
213.25,0
221.75,1
222.0,0
225.0,1
225.25,0
225.5,1
226.5,0
227.0,1
228.5,0
228.75,1
230.25,0
230.5,1
231.5,0
231.75,1
232.75,0
233.25,1
233.5,0
247.0,1
247.5,0
247.75,1
248.0,0
248.25,1
248.5,0
249.0,1
250.25,0
250.5,1
256.25,0
256.5,1
257.0,0
271.25,1
271.5,0
273.0,1
273.25,0
273.5,1
273.75,0
274.25,1
274.5,0
274.75,1
275.25,0
275.5,1
276.75,0
277.0,1
279.75,0
280.0,1
280.5,0
280.75,1
281.0,0
281.5,1
281.75,0
285.0,1
285.25,0
294.75,1
295.25,0
295.5,1
295.75,0
297.25,1
298.5,0
298.75,1
300.5,0
300.75,1
302.75,0
303.0,1
304.5,0
305.0,1
305.25,0
306.5,1
306.75,0
308.0,1
308.25,0
369.0,1
369.25,0
369.5,1
369.75,0
370.0,1
371.75,0
372.0,1
373.75,0
374.5,1
377.25,0
381.25,1
381.5,0
390.0,1
390.25,0
392.75,1
394.75,0
395.0,1
397.0,0
397.25,1
398.75,0
399.0,1
400.5,0
401.0,1
401.25,0
438.5,1
438.75,0
440.75,1
442.5,0
442.75,1
443.0,0
443.25,1
443.75,0
444.0,1
444.25,0
444.5,1
445.5,0
446.0,1
446.25,0
446.5,1
448.25,0
449.25,1
449.5,0
452.75,1
453.0,0
464.75,1
465.25,0
465.75,1
466.0,0
466.25,1
466.75,0
467.0,1
468.25,0
468.5,1
468.75,0
469.0,1
469.5,0
469.75,1
470.5,0
470.75,1
471.0,0
471.25,1
473.25,0
534.75,1
535.0,0
537.0,1
538.75,0
539.0,1
540.25,0
540.5,1
542.0,0
542.5,1
543.75,0
544.0,1
545.25,0
546.0,1
546.25,0
558.5,1
558.75,0
561.0,1
562.0,0
562.25,1
562.75,0
563.5,1
565.75,0
566.0,1
566.25,0
566.5,1
567.25,0
567.5,1
567.75,0
568.0,1
568.5,0
568.75,1
569.5,0
571.0,1
571.25,0
584.75,1
588.75,0
589.0,1
591.75,0
592.0,1
592.75,0
593.0,1
593.5,0
608.75,1
609.0,0
609.5,1
610.75,0
611.0,1
611.5,0
611.75,1
612.75,0
613.0,1
613.5,0
614.0,1
615.0,0
615.5,1
617.0,0
622.25,1
622.5,0
631.0,1
631.25,0
631.5,1
631.75,0
633.0,1
637.25,0
637.5,1
639.5,0
639.75,1
641.0,0
641.25,1
641.5,0
704.75,1
706.25,0
707.25,1
707.75,0
708.0,1
708.25,0
708.5,1
712.25,0
712.5,1
713.25,0
728.5,1
728.75,0
729.5,1
730.0,0
730.25,1
730.75,0
731.0,1
733.25,0
733.5,1
737.25,0
750.5,1
750.75,0
751.75,1
752.0,0
753.25,1
754.5,0
755.0,1
756.0,0
756.25,1
757.75,0
758.5,1
758.75,0
759.0,1
761.25,0
761.5,1
761.75,0
764.75,1
765.25,0
774.25,1
774.5,0
776.5,1
777.25,0
777.5,1
780.75,0
781.0,1
781.25,0
781.5,1
782.5,0
783.0,1
785.5,0
788.25,1
788.5,0
788.75,1
789.0,0
798.75,1
799.0,0
801.0,1
802.0,0
802.25,1
802.5,0
802.75,1
803.75,0
804.0,1
805.5,0
805.75,1
806.5,0
806.75,1
807.25,0
807.5,1
807.75,0
808.0,1
809.0,0
870.5,1
871.0,0
872.75,1
873.0,0
873.25,1
873.5,0
874.0,1
875.0,0
875.25,1
875.5,0
875.75,1
876.5,0
877.25,1
878.0,0
878.25,1
878.5,0
878.75,1
879.0,0
879.25,1
880.75,0
881.0,1
881.25,0
885.5,1
885.75,0
894.25,1
894.5,0
897.0,1
897.5,0
897.75,1
900.25,0
900.5,1
903.25,0
903.5,1
904.0,0
904.25,1
905.25,0
919.0,1
919.5,0
921.0,1
921.25,0
922.25,1
922.5,0
923.0,1
924.5,0
924.75,1
925.25,0
926.25,1
927.75,0
928.5,1
928.75,0
929.0,1
929.25,0
941.25,1
941.5,0
942.75,1
943.25,0
945.0,1
945.5,0
945.75,1
946.0,0
946.25,1
946.5,0
946.75,1
947.25,0
947.5,1
948.25,0
948.75,1
949.75,0
950.0,1
950.75,0
951.0,1
951.25,0
951.75,1
953.25,0
953.5,1
953.75,0
956.0,1
956.25,0
966.0,1
966.25,0
967.25,1
967.5,0
969.0,1
970.75,0
971.5,1
973.25,0
973.5,1
973.75,0
974.0,1
974.25,0
974.5,1
974.75,0
975.0,1
976.0,0
976.25,1
976.75,0
1039.5,1
1039.75,0
1041.25,1
1042.0,0
1042.25,1
1043.0,0
1043.25,1
1046.25,0
1046.5,1
1047.75,0
1048.0,1
1048.75,0
1049.0,1
1049.25,0
1049.5,1
1049.75,0
1062.25,1
1062.5,0
1062.75,1
1063.0,0
1063.25,1
1063.5,0
1065.0,1
1065.75,0
1066.0,1
1067.0,0
1067.25,1
1068.5,0
1068.75,1
1070.0,0
1070.5,1
1070.75,0
1071.0,1
1072.0,0
1072.25,1
1072.75,0
1073.0,1
1073.25,0
1077.0,1
1077.25,0
1112.0,1
1112.25,0
1112.5,1
1115.5,0
1115.75,1
1117.0,0
1117.5,1
1118.25,0
1118.5,1
1119.25,0
1119.5,1
1120.25,0
1120.5,1
1121.25,0
1126.25,1
1126.5,0
1134.5,1
1134.75,0
1136.75,1
1137.0,0
1137.25,1
1137.5,0
1137.75,1
1138.5,0
1138.75,1
1139.0,0
1139.25,1
1141.0,0
1141.5,1
1141.75,0
1142.25,1
1142.5,0
1143.0,1
1144.75,0
1145.0,1
1145.25,0
1145.5,1
1145.75,0
1205.75,1
1206.0,0
1208.75,1
1210.25,0
1210.5,1
1211.75,0
1212.0,1
1214.0,0
1214.5,1
1216.75,0
1217.0,1
1217.5,0
1218.0,1
1218.25,0
1218.75,1
1219.0,0
1230.5,1
1230.75,0
1232.75,1
1235.75,0
1236.0,1
1237.0,0
1237.25,1
1238.0,0
1238.25,1
1239.0,0
1239.25,1
1240.75,0
1254.5,1
1254.75,0
1256.75,1
1257.75,0
1258.0,1
1258.25,0
1258.5,1
1260.0,0
1260.5,1
1260.75,0
1261.0,1
1261.75,0
1262.0,1
1263.5,0
1263.75,1
1265.0,0
1280.5,1
1280.75,0
1281.0,1
1282.0,0
1282.75,1
1284.0,0
1284.5,1
1285.5,0
1285.75,1
1286.5,0
1286.75,1
1287.0,0
1287.25,1
1288.0,0
1288.25,1
1288.5,0
1288.75,1
1289.0,0
1303.0,1
1303.25,0
1303.75,1
1304.0,0
1305.0,1
1308.0,0
1308.25,1
1309.5,0
1309.75,1
1310.75,0
1311.0,1
1313.0,0
1313.25,1
1313.5,0
1317.0,1
1317.25,0
1377.0,1
1377.5,0
1378.5,1
1379.0,0
1379.25,1
1380.0,0
1380.5,1
1381.25,0
1381.75,1
1383.75,0
1384.5,1
1384.75,0
1385.0,1
1385.25,0
1388.5,1
1388.75,0
1400.75,1
1402.25,0
1402.5,1
1402.75,0
1403.25,1
1403.5,0
1404.25,1
1405.5,0
1405.75,1
1406.75,0
1407.0,1
1407.25,0
1407.75,1
1409.5,0
1423.25,1
1423.5,0
1424.5,1
1424.75,0
1425.25,1
1426.25,0
1426.5,1
1426.75,0
1427.25,1
1427.5,0
1428.0,1
1429.75,0
1430.0,1
1431.75,0
1432.0,1
1432.5,0
1432.75,1
1433.5,0
1447.5,1
1447.75,0
1449.5,1
1451.0,0
1451.25,1
1451.75,0
1452.0,1
1452.75,0
1453.0,1
1453.5,0
1453.75,1
1454.0,0
1454.25,1
1455.0,0
1455.25,1
1455.5,0
1456.0,1
1456.5,0
1471.25,1
1471.5,0
1472.25,1
1472.5,0
1472.75,1
1473.0,0
1473.25,1
1474.0,0
1474.25,1
1475.75,0
1476.0,1
1477.75,0
1478.0,1
1481.0,0
1543.75,1
1544.0,0
1544.25,1
1544.5,0
1544.75,1
1546.25,0
1546.75,1
1547.5,0
1547.75,1
1549.5,0
1549.75,1
1550.0,0
1550.25,1
1550.5,0
1550.75,1
1551.0,0
1551.25,1
1551.75,0
1552.0,1
1552.5,0
1566.5,1
1566.75,0
1567.0,1
1567.25,0
1569.0,1
1569.25,0
1569.5,1
1569.75,0
1570.25,1
1570.5,0
1570.75,1
1571.0,0
1571.25,1
1571.5,0
1571.75,1
1572.0,0
1572.25,1
1573.0,0
1573.5,1
1574.25,0
1574.5,1
1575.25,0
1575.5,1
1576.75,0
1577.25,1
1577.5,0
1590.75,1
1591.25,0
1593.25,1
1593.5,0
1593.75,1
1595.5,0
1595.75,1
1596.0,0
1596.25,1
1596.5,0
1597.0,1
1597.5,0
1597.75,1
1598.25,0
1598.5,1
1599.0,0
1599.25,1
1599.5,0
1614.5,1
1615.0,0
1615.75,1
1616.0,0
1617.25,1
1620.5,0
1621.25,1
1624.5,0
1629.25,1
1629.5,0
1638.5,1
1638.75,0
1640.0,1
1640.25,0
1641.0,1
1642.5,0
1643.0,1
1643.75,0
1644.0,1
1644.75,0
1645.0,1
1645.75,0
1646.0,1
1646.5,0
1646.75,1
1648.0,0
1648.25,1
1649.0,0
1649.5,1
1649.75,0
1709.5,1
1709.75,0
1712.75,1
1713.25,0
1713.75,1
1715.0,0
1715.25,1
1716.0,0
1716.75,1
1718.5,0
1719.0,1
1719.25,0
1719.5,1
1721.25,0
1721.5,1
1721.75,0
1737.25,1
1737.75,0
1738.0,1
1740.0,0
1740.25,1
1742.75,0
1743.0,1
1743.5,0
1743.75,1
1744.25,0
1744.75,1
1745.0,0
1746.0,1
1746.25,0
1760.5,1
1760.75,0
1761.0,1
1765.75,0
1766.0,1
1766.5,0
1766.75,1
1767.0,0
1767.25,1
1768.5,0
1768.75,1
1769.0,0
1774.25,1
1774.5,0
1783.75,1
1784.0,0
1785.0,1
1785.5,0
1785.75,1
1786.0,0
1786.25,1
1787.75,0
1788.5,1
1790.0,0
1790.5,1
1790.75,0
1791.0,1
1793.0,0
1793.25,1
1793.5,0
1809.5,1
1809.75,0
1810.0,1
1811.5,0
1811.75,1
1813.75,0
1814.0,1
1814.75,0
1815.0,1
1815.5,0
1815.75,1
1817.5,0
1822.25,1
1822.5,0
1880.25,1
1880.75,0
1881.75,1
1882.75,0
1883.0,1
1883.25,0
1883.5,1
1884.0,0
1884.75,1
1885.25,0
1885.75,1
1886.0,0
1886.25,1
1887.5,0
1887.75,1
1888.75,0
1889.0,1
1889.25,0
1905.25,1
1905.75,0
1906.0,1
1906.5,0
1906.75,1
1907.75,0
1908.75,1
1909.0,0
1909.25,1
1909.5,0
1909.75,1
1910.25,0
1910.5,1
1911.5,0
1912.25,1
1912.5,0
1913.0,1
1913.25,0
1927.75,1
1928.0,0
1928.5,1
1929.75,0
1930.0,1
1931.0,0
1931.25,1
1931.75,0
1932.0,1
1932.25,0
1932.75,1
1934.5,0
1935.0,1
1937.0,0
1937.25,1
1937.5,0
1941.25,1
1941.5,0
1952.5,1
1953.25,0
1953.5,1
1955.25,0
1955.75,1
1956.0,0
1956.25,1
1956.5,0
1957.25,1
1958.0,0
1958.5,1
1959.25,0
1959.5,1
1960.75,0
1961.0,1
1961.25,0
1965.75,1
1966.0,0
1974.25,1
1974.5,0
1975.5,1
1975.75,0
1976.25,1
1976.5,0
1977.0,1
1977.25,0
1977.5,1
1978.0,0
1978.25,1
1981.25,0
1981.5,1
1981.75,0
1982.0,1
1984.0,0
1984.25,1
1985.25,0
1985.5,1
1985.75,0
2048.25,1
2049.0,0
2049.75,1
2050.75,0
2051.0,1
2052.0,0
2052.25,1
2053.0,0
2053.25,1
2055.25,0
2055.5,1
2057.5,0
2072.0,1
2072.25,0
2073.25,1
2073.5,0
2073.75,1
2074.25,0
2074.5,1
2074.75,0
2075.0,1
2075.75,0
2076.25,1
2076.75,0
2077.0,1
2078.5,0
2078.75,1
2079.5,0
2079.75,1
2080.5,0
2080.75,1
2081.5,0
2085.75,1
2086.0,0
2093.75,1
2094.0,0
2095.5,1
2095.75,0
2096.75,1
2097.0,0
2097.25,1
2097.5,0
2098.0,1
2100.5,0
2101.25,1
2105.0,0
2105.25,1
2105.5,0
2121.5,1
2124.75,0
2125.0,1
2125.75,0
2126.5,1
2127.0,0
2127.25,1
2127.5,0
2127.75,1
2128.5,0
2128.75,1
2129.0,0
2129.25,1
2129.75,0
2133.75,1
2134.0,0
2143.5,1
2143.75,0
2144.75,1
2145.25,0
2145.5,1
2145.75,0
2146.0,1
2149.25,0
2149.5,1
2150.0,0
2150.25,1
2150.75,0
2151.0,1
2151.25,0
2151.5,1
2152.0,0
2152.25,1
2153.25,0
2214.0,1
2214.25,0
2215.0,1
2215.25,0
2215.5,1
2216.0,0
2217.25,1
2217.5,0
2217.75,1
2219.5,0
2219.75,1
2222.75,0
2223.0,1
2223.75,0
2224.0,1
2224.25,0
2225.5,1
2225.75,0
2228.0,1
2228.25,0
2237.75,1
2238.0,0
2239.5,1
2239.75,0
2240.75,1
2241.75,0
2242.0,1
2242.25,0
2242.5,1
2242.75,0
2243.0,1
2244.25,0
2244.5,1
2244.75,0
2245.0,1
2245.25,0
2245.5,1
2248.75,0
2262.5,1
2262.75,0
2264.25,1
2264.5,0
2264.75,1
2265.0,0
2265.25,1
2265.5,0
2265.75,1
2266.75,0
2267.0,1
2268.25,0
2268.75,1
2269.5,0
2270.25,1
2270.5,0
2271.0,1
2271.75,0
2272.0,1
2272.75,0
2273.25,1
2273.5,0
2286.5,1
2287.0,0
2287.5,1
2287.75,0
2288.25,1
2288.5,0
2289.25,1
2290.25,0
2290.5,1
2291.5,0
2291.75,1
2292.0,0
2292.25,1
2293.0,0
2293.25,1
2293.75,0
2294.0,1
2294.5,0
2294.75,1
2295.5,0
2296.0,1
2296.5,0
2311.0,1
2311.25,0
2311.5,1
2312.0,0
2312.5,1
2312.75,0
2313.75,1
2314.75,0
2315.0,1
2315.5,0
2315.75,1
2316.5,0
2317.0,1
2317.25,0
2317.75,1
2318.0,0
2318.25,1
2319.25,0
2319.5,1
2320.0,0
2320.25,1
2321.25,0
2383.0,1
2383.25,0
2384.75,1
2385.25,0
2385.5,1
2386.5,0
2386.75,1
2387.75,0
2388.25,1
2388.5,0
2388.75,1
2389.0,0
2389.25,1
2393.0,0
2406.0,1
2406.25,0
2407.25,1
2407.75,0
2408.75,1
2409.25,0
2409.5,1
2412.75,0
2413.0,1
2413.25,0
2413.5,1
2414.25,0
2415.0,1
2417.0,0
2417.25,1
2417.5,0
2420.0,1
2420.25,0
2420.75,1
2421.0,0
2431.25,1
2431.5,0
2433.0,1
2433.75,0
2434.0,1
2435.0,0
2435.25,1
2437.5,0
2437.75,1
2438.0,0
2438.25,1
2438.75,0
2439.0,1
2440.5,0
2440.75,1
2441.5,0
2444.5,1
2444.75,0
2454.75,1
2455.0,0
2455.75,1
2456.25,0
2457.25,1
2457.75,0
2458.0,1
2460.25,0
2460.5,1
2460.75,0
2461.0,1
2461.25,0
2461.5,1
2461.75,0
2462.0,1
2462.75,0
2463.25,1
2465.0,0
2470.5,1
2470.75,0
2471.0,1
2471.25,0
2479.0,1
2479.25,0
2481.75,1
2482.25,0
2482.5,1
2482.75,0
2483.0,1
2484.0,0
2484.25,1
2484.75,0
2485.0,1
2485.25,0
2485.5,1
2486.75,0
2487.0,1
2487.5,0
2487.75,1
2488.5,0
2489.0,1
2489.5,0
2550.5,1
2550.75,0
2552.75,1
2553.25,0
2553.5,1
2555.0,0
2555.25,1
2555.5,0
2555.75,1
2557.5,0
2557.75,1
2558.25,0
2558.75,1
2559.0,0
2559.25,1
2559.75,0
2560.25,1
2560.75,0
2573.75,1
2574.0,0
2575.0,1
2575.25,0
2576.25,1
2577.0,0
2577.5,1
2578.0,0
2578.25,1
2579.5,0
2579.75,1
2580.25,0
2580.5,1
2581.0,0
2581.5,1
2584.5,0
2598.5,1
2598.75,0
2601.25,1
2602.25,0
2602.5,1
2603.0,0
2603.25,1
2604.5,0
2604.75,1
2609.5,0
2623.0,1
2623.25,0
2625.0,1
2625.25,0
2625.5,1
2625.75,0
2626.25,1
2627.5,0
2627.75,1
2629.25,0
2629.75,1
2630.25,0
2631.0,1
2632.5,0
2637.5,1
2637.75,0
2646.5,1
2646.75,0
2648.0,1
2648.5,0
2648.75,1
2649.0,0
2649.25,1
2650.0,0
2650.25,1
2651.0,0
2651.25,1
2652.75,0
2653.0,1
2653.75,0
2654.25,1
2654.75,0
2655.0,1
2657.0,0
2720.25,1
2720.5,0
2720.75,1
2721.5,0
2721.75,1
2723.75,0
2724.25,1
2724.75,0
2725.5,1
2728.25,0
2728.5,1
2729.0,0
2729.25,1
2729.5,0
2734.0,1
2734.25,0
2743.25,1
2743.5,0
2743.75,1
2744.0,0
2745.25,1
2746.25,0
2746.5,1
2747.25,0
2747.5,1
2749.75,0
2750.0,1
2751.75,0
2752.0,1
2753.0,0
2765.75,1
2766.0,0
2766.25,1
2766.5,0
2767.5,1
2768.0,0
2769.5,1
2771.0,0
2771.25,1
2772.0,0
2772.25,1
2775.5,0
2775.75,1
2776.0,0
2776.25,1
2777.25,0
2777.5,1
2777.75,0
2792.75,1
2793.5,0
2793.75,1
2794.25,0
2794.5,1
2795.5,0
2795.75,1
2796.0,0
2796.25,1
2796.75,0
2797.0,1
2801.0,0
2814.25,1
2814.5,0
2815.75,1
2816.0,0
2816.75,1
2817.25,0
2817.5,1
2818.0,0
2818.5,1
2819.0,0
2819.25,1
2819.75,0
2820.25,1
2825.0,0
2829.0,1
2829.25,0
2889.0,1
2889.25,0
2889.5,1
2889.75,0
2890.0,1
2892.25,0
2892.5,1
2895.75,0
2911.0,1
2911.25,0
2912.25,1
2912.5,0
2912.75,1
2915.75,0
2916.25,1
2917.25,0
2917.75,1
2918.5,0
2918.75,1
2920.25,0
2920.5,1
2921.0,0
2924.75,1
2925.0,0
2935.0,1
2935.25,0
2936.25,1
2936.75,0
2937.0,1
2937.25,0
2937.5,1
2938.5,0
2938.75,1
2939.5,0
2939.75,1
2940.0,0
2940.25,1
2941.5,0
2941.75,1
2942.0,0
2942.25,1
2943.75,0
2944.0,1
2945.5,0
2949.75,1
2950.25,0
2959.25,1
2959.5,0
2960.75,1
2962.0,0
2962.25,1
2963.0,0
2963.25,1
2964.75,0
2965.0,1
2965.25,0
2965.5,1
2965.75,0
2966.0,1
2968.25,0
2968.5,1
2969.0,0
2985.5,1
2987.5,0
2987.75,1
2988.0,0
2988.5,1
2988.75,0
2989.0,1
2989.25,0
2989.75,1
2992.0,0
2992.25,1
2992.75,0
2993.0,1
2993.25,0
2996.5,1
2996.75,0
3056.0,1
3056.25,0
3056.75,1
3057.0,0
3057.5,1
3057.75,0
3058.0,1
3058.5,0
3058.75,1
3060.75,0
3061.5,1
3063.75,0
3064.0,1
3065.0,0
3065.25,1
3065.5,0
3080.0,1
3080.25,0
3081.0,1
3081.25,0
3081.5,1
3084.5,0
3084.75,1
3086.75,0
3087.0,1
3087.25,0
3087.5,1
3089.25,0
3102.0,1
3102.25,0
3103.75,1
3104.0,0
3105.0,1
3105.25,0
3105.5,1
3107.5,0
3107.75,1
3108.5,0
3108.75,1
3110.25,0
3110.75,1
3111.5,0
3111.75,1
3113.0,0
3113.5,1
3114.0,0
3126.75,1
3127.0,0
3127.25,1
3127.5,0
3128.25,1
3128.5,0
3128.75,1
3129.5,0
3129.75,1
3130.0,0
3130.25,1
3131.25,0
3131.75,1
3132.0,0
3132.25,1
3132.75,0
3133.0,1
3133.5,0
3133.75,1
3135.25,0
3135.5,1
3136.0,0
3136.25,1
3136.75,0
3151.0,1
3151.25,0
3152.0,1
3152.25,0
3152.75,1
3153.5,0
3153.75,1
3155.0,0
3155.5,1
3157.25,0
3157.5,1
3159.5,0
3159.75,1
3160.5,0
3160.75,1
3161.0,0
3224.25,1
3224.5,0
3224.75,1
3225.25,0
3225.5,1
3226.25,0
3226.5,1
3226.75,0
3227.0,1
3227.25,0
3227.5,1
3228.75,0
3229.25,1
3229.5,0
3230.0,1
3230.25,0
3230.5,1
3233.25,0
3246.0,1
3246.25,0
3246.75,1
3247.0,0
3247.5,1
3247.75,0
3249.25,1
3252.75,0
3253.0,1
3255.5,0
3255.75,1
3256.75,0
3257.0,1
3257.25,0
3273.0,1
3275.5,0
3276.0,1
3276.75,0
3277.25,1
3277.5,0
3277.75,1
3278.75,0
3279.0,1
3279.25,0
3279.5,1
3280.0,0
3280.25,1
3280.5,0
3281.5,1
3281.75,0
3284.25,1
3284.5,0
3294.0,1
3294.25,0
3296.25,1
3296.5,0
3297.0,1
3298.0,0
3298.25,1
3299.5,0
3299.75,1
3303.5,0
3303.75,1
3304.75,0
3305.0,1
3305.25,0
3305.5,1
3305.75,0
3318.75,1
3319.0,0
3319.75,1
3322.25,0
3322.5,1
3323.75,0
3324.0,1
3324.25,0
3324.5,1
3324.75,0
3325.0,1
3327.5,0
3327.75,1
3328.5,0
3329.0,1
3329.25,0
3333.5,1
3333.75,0
3390.0,1
3390.5,0
3390.75,1
3391.0,0
3393.25,1
3393.5,0
3393.75,1
3395.5,0
3395.75,1
3396.5,0
3396.75,1
3400.0,0
3400.25,1
3400.75,0
3401.0,1
3401.75,0
3415.0,1
3415.25,0
3415.5,1
3415.75,0
3416.25,1
3416.75,0
3417.5,1
3418.5,0
3418.75,1
3420.0,0
3420.25,1
3421.25,0
3421.75,1
3423.75,0
3424.0,1
3425.0,0
3441.25,1
3443.25,0
3443.75,1
3444.25,0
3444.5,1
3445.25,0
3445.75,1
3446.5,0
3446.75,1
3448.25,0
3448.5,1
3449.25,0
3449.75,1
3450.0,0
3453.0,1
3453.25,0
3464.75,1
3465.5,0
3465.75,1
3466.75,0
3467.0,1
3468.0,0
3468.25,1
3469.75,0
3470.0,1
3473.25,0
3488.75,1
3489.5,0
3489.75,1
3490.75,0
3491.0,1
3494.25,0
3494.75,1
3497.0,0
3497.25,1
3497.5,0
3559.75,1
3560.0,0
3560.75,1
3561.5,0
3561.75,1
3563.0,0
3563.25,1
3564.5,0
3564.75,1
3565.0,0
3565.5,1
3565.75,0
3566.25,1
3568.75,0
3569.25,1
3569.75,0
3607.0,1
3607.25,0
3609.0,1
3612.25,0
3612.75,1
3613.5,0
3614.0,1
3616.25,0
3616.5,1
3616.75,0
3622.5,1
3622.75,0
3631.0,1
3631.25,0
3631.5,1
3631.75,0
3632.25,1
3632.5,0
3633.25,1
3635.5,0
3636.0,1
3636.75,0
3637.0,1
3638.0,0
3638.5,1
3640.0,0
3640.25,1
3641.0,0
3653.25,1
3653.5,0
3654.0,1
3654.25,0
3657.0,1
3657.25,0
3657.5,1
3659.5,0
3659.75,1
3661.0,0
3661.5,1
3662.0,0
3662.25,1
3662.75,0
3663.0,1
3663.75,0
3664.0,1
3664.75,0
3669.75,1
3670.0,0
3726.0,1
3726.5,0
3728.5,1
3728.75,0
3729.25,1
3730.5,0
3730.75,1
3731.75,0
3732.0,1
3732.25,0
3732.5,1
3734.0,0
3734.25,1
3737.0,0
3739.75,1
3740.0,0
3753.0,1
3753.25,0
3753.5,1
3754.25,0
3754.5,1
3760.0,0
3760.25,1
3761.5,0
3776.0,1
3776.5,0
3776.75,1
3777.0,0
3777.5,1
3778.25,0
3778.5,1
3778.75,0
3779.0,1
3780.5,0
3781.0,1
3781.5,0
3781.75,1
3783.0,0
3783.25,1
3784.25,0
3784.5,1
3784.75,0
3785.5,1
3785.75,0
3799.5,1
3799.75,0
3801.25,1
3801.5,0
3802.25,1
3803.0,0
3803.25,1
3804.0,0
3804.5,1
3805.75,0
3806.0,1
3807.25,0
3807.5,1
3808.0,0
3808.25,1
3808.75,0
3809.0,1
3809.25,0
3822.25,1
3822.5,0
3824.5,1
3825.0,0
3825.5,1
3826.75,0
3827.0,1
3828.25,0
3828.5,1
3829.25,0
3829.5,1
3829.75,0
3830.0,1
3830.25,0
3830.5,1
3831.5,0
3832.0,1
3833.5,0
3837.75,1
3838.0,0
3895.0,1
3895.25,0
3896.25,1
3896.5,0
3897.0,1
3897.75,0
3898.0,1
3900.5,0
3900.75,1
3902.0,0
3902.5,1
3904.75,0
3905.25,1
3905.5,0
3908.75,1
3909.0,0
3918.75,1
3919.0,0
3920.5,1
3920.75,0
3921.0,1
3922.75,0
3923.25,1
3924.25,0
3924.5,1
3925.0,0
3925.75,1
3926.75,0
3927.0,1
3927.25,0
3927.5,1
3928.25,0
3928.5,1
3928.75,0
3929.5,1
3929.75,0
3943.25,1
3943.5,0
3944.75,1
3946.5,0
3946.75,1
3947.25,0
3947.5,1
3948.0,0
3948.25,1
3949.75,0
3950.75,1
3951.25,0
3951.5,1
3952.25,0
3952.5,1
3953.0,0
3957.25,1
3957.5,0
3965.75,1
3966.0,0
3966.25,1
3966.5,0
3967.0,1
3967.25,0
3967.5,1
3967.75,0
3968.75,1
3969.25,0
3970.0,1
3970.25,0
3970.5,1
3970.75,0
3971.5,1
3972.25,0
3972.75,1
3973.0,0
3973.25,1
3973.5,0
3973.75,1
3975.5,0
3976.0,1
3977.25,0
3981.75,1
3982.0,0
3992.25,1
3992.75,0
3993.0,1
3994.5,0
3994.75,1
3996.25,0
3996.5,1
3997.75,0
3998.0,1
3998.25,0
3998.5,1
4000.25,0
4000.5,1
4001.5,0
4065.25,1
4065.5,0
4065.75,1
4066.75,0
4067.0,1
4069.0,0
4069.25,1
4070.5,0
4070.75,1
4073.25,0
4073.75,1
4074.0,0
4088.0,1
4088.25,0
4088.5,1
4088.75,0
4089.5,1
4090.5,0
4090.75,1
4091.5,0
4091.75,1
4092.5,0
4093.0,1
4093.25,0
4093.5,1
4094.5,0
4094.75,1
4097.25,0
4099.5,1
4099.75,0
4101.0,1
4101.25,0
4102.25,1
4102.5,0
4110.5,1
4110.75,0
4111.75,1
4112.0,0
4113.25,1
4114.25,0
4114.5,1
4115.25,0
4115.5,1
4117.0,0
4117.25,1
4118.5,0
4118.75,1
4120.0,0
4120.25,1
4120.5,0
4123.75,1
4124.0,0
4135.5,1
4135.75,0
4137.75,1
4142.0,0
4142.25,1
4144.0,0
4144.5,1
4145.0,0
4145.5,1
4145.75,0
4161.0,1
4161.25,0
4161.5,1
4162.75,0
4163.0,1
4163.25,0
4163.5,1
4164.0,0
4164.25,1
4165.5,0
4165.75,1
4168.0,0
4168.25,1
4168.5,0
4168.75,1
4169.25,0
4173.5,1
4173.75,0
4230.75,1
4231.0,0
4231.25,1
4231.5,0
4233.0,1
4236.25,0
4236.5,1
4237.0,0
4237.25,1
4237.75,0
4238.0,1
4238.5,0
4238.75,1
4239.0,0
4239.5,1
4240.0,0
4240.25,1
4240.5,0
4240.75,1
4241.5,0
4242.25,1
4242.5,0
4257.25,1
4259.0,0
4259.5,1
4260.25,0
4260.5,1
4260.75,0
4261.0,1
4262.25,0
4262.5,1
4264.5,0
4264.75,1
4265.0,0
4280.25,1
4280.75,0
4281.5,1
4284.0,0
4284.25,1
4285.5,0
4285.75,1
4287.75,0
4288.0,1
4288.25,0
4288.5,1
4289.0,0
4292.25,1
4292.5,0
4303.25,1
4303.75,0
4304.0,1
4304.5,0
4304.75,1
4307.5,0
4307.75,1
4308.25,0
4308.75,1
4310.25,0
4310.5,1
4311.25,0
4311.5,1
4311.75,0
4312.0,1
4313.25,0
4318.0,1
4318.25,0
4329.25,1
4331.75,0
4332.0,1
4332.25,0
4332.75,1
4333.0,0
4333.25,1
4334.25,0
4334.5,1
4336.25,0
4336.5,1
4337.0,0
4337.5,1
4337.75,0
4397.5,1
4397.75,0
4399.75,1
4400.0,0
4400.5,1
4400.75,0
4401.0,1
4402.0,0
4402.25,1
4402.75,0
4403.0,1
4403.75,0
4404.0,1
4404.25,0
4404.75,1
4405.5,0
4406.0,1
4406.5,0
4406.75,1
4407.25,0
4407.5,1
4407.75,0
4408.0,1
4408.25,0
4408.75,1
4409.25,0
4447.25,1
4447.5,0
4448.5,1
4448.75,0
4449.0,1
4449.25,0
4449.5,1
4450.75,0
4451.0,1
4451.25,0
4451.5,1
4452.75,0
4453.25,1
4454.25,0
4454.5,1
4456.0,0
4456.25,1
4456.5,0
4457.0,1
4457.5,0
4461.25,1
4461.5,0
4471.75,1
4472.0,0
4473.0,1
4473.25,0
4473.5,1
4473.75,0
4474.75,1
4475.5,0
4476.0,1
4476.25,0
4476.5,1
4476.75,0
4477.25,1
4477.5,0
4477.75,1
4478.25,0
4478.75,1
4479.75,0
4480.0,1
4480.25,0
4480.5,1
4481.0,0
4481.5,1
4481.75,0
4485.0,1
4485.25,0
4495.0,1
4495.25,0
4495.5,1
4495.75,0
4496.25,1
4496.5,0
4497.0,1
4497.5,0
4498.0,1
4498.75,0
4499.0,1
4499.5,0
4499.75,1
4500.5,0
4501.0,1
4501.5,0
4501.75,1
4502.75,0
4503.25,1
4503.75,0
4504.5,1
4505.25,0
4508.0,1
4508.25,0
4567.75,1
4568.0,0
4568.75,1
4569.0,0
4569.25,1
4575.25,0
4575.5,1
4576.0,0
4576.25,1
4577.25,0
4581.25,1
4581.5,0
4581.75,1
4582.0,0
4590.75,1
4591.5,0
4592.0,1
4592.25,0
4592.5,1
4593.5,0
4593.75,1
4594.0,0
4594.25,1
4595.0,0
4595.25,1
4596.0,0
4596.5,1
4597.75,0
4598.0,1
4598.75,0
4599.0,1
4601.0,0
4601.25,1
4601.5,0
4615.0,1
4615.5,0
4617.5,1
4619.75,0
4620.25,1
4621.0,0
4621.75,1
4622.75,0
4623.0,1
4624.25,0
4624.5,1
4625.0,0
4625.25,1
4625.5,0
4625.75,1
4626.0,0
4629.25,1
4629.5,0
4638.75,1
4639.25,0
4639.5,1
4639.75,0
4640.5,1
4641.0,0
4641.25,1
4645.0,0
4645.25,1
4645.5,0
4645.75,1
4646.5,0
4646.75,1
4648.0,0
4648.25,1
4648.5,0
4648.75,1
4649.0,0
4662.0,1
4662.25,0
4662.75,1
4663.0,0
4664.25,1
4664.5,0
4665.25,1
4667.0,0
4667.25,1
4670.25,0
4670.75,1
4671.0,0
4671.25,1
4672.5,0
4673.0,1
4673.5,0
4677.75,1
4678.0,0
4737.25,1
4737.75,0
4738.0,1
4738.75,0
4739.0,1
4741.0,0
4741.25,1
4742.25,0
4742.75,1
4744.0,0
4744.5,1
4744.75,0
4745.0,1
4745.25,0
4761.0,1
4761.5,0
4761.75,1
4762.0,0
4762.25,1
4762.5,0
4763.0,1
4763.75,0
4764.25,1
4765.5,0
4765.75,1
4767.75,0
4768.0,1
4768.75,0
4771.25,1
4771.5,0
4785.25,1
4785.5,0
4786.0,1
4787.5,0
4787.75,1
4788.25,0
4788.75,1
4789.25,0
4789.75,1
4790.25,0
4790.5,1
4792.75,0
4793.0,1
4793.25,0
4805.5,1
4805.75,0
4808.0,1
4808.5,0
4809.0,1
4809.25,0
4809.5,1
4810.0,0
4810.25,1
4811.75,0
4812.25,1
4812.5,0
4812.75,1
4813.25,0
4813.5,1
4814.0,0
4814.5,1
4815.25,0
4815.5,1
4815.75,0
4816.0,1
4816.25,0
4816.5,1
4817.0,0
4832.75,1
4833.5,0
4833.75,1
4834.0,0
4834.25,1
4835.75,0
4836.0,1
4837.0,0
4837.25,1
4837.5,0
4837.75,1
4838.75,0
4839.25,1
4841.0,0
4903.25,1
4903.5,0
4904.5,1
4905.25,0
4905.75,1
4907.0,0
4907.25,1
4908.75,0
4909.5,1
4909.75,0
4910.25,1
4911.25,0
4911.5,1
4912.0,0
4912.25,1
4912.5,0
4912.75,1
4913.0,0
4913.5,1
4913.75,0
4929.0,1
4929.25,0
4929.5,1
4931.25,0
4931.5,1
4932.5,0
4933.0,1
4935.25,0
4935.5,1
4936.75,0
4937.0,1
4937.25,0
4953.25,1
4953.5,0
4953.75,1
4954.75,0
4955.0,1
4955.25,0
4955.75,1
4956.5,0
4956.75,1
4957.5,0
4957.75,1
4958.5,0
4958.75,1
4959.75,0
4960.0,1
4960.75,0
4961.0,1
4961.5,0
4965.25,1
4965.5,0
4976.5,1
4977.25,0
4977.5,1
4977.75,0
4978.5,1
4979.75,0
4980.0,1
4981.75,0
4982.25,1
4983.25,0
4983.5,1
4985.25,0
4988.5,1
4988.75,0
4990.0,1
4990.25,0
5000.25,1
5000.75,0
5001.25,1
5002.0,0
5002.5,1
5002.75,0
5003.0,1
5003.25,0
5003.5,1
5005.0,0
5006.0,1
5006.75,0
5007.0,1
5007.5,0
5008.0,1
5008.5,0
5009.0,1
5009.25,0
5009.5,1
5009.75,0
5013.5,1
5013.75,0
5071.0,1
5071.25,0
5072.75,1
5073.0,0
5073.25,1
5073.5,0
5073.75,1
5076.5,0
5076.75,1
5079.5,0
5079.75,1
5080.5,0
5080.75,1
5081.0,0
5081.25,1
5081.5,0
5094.25,1
5094.5,0
5097.0,1
5097.25,0
5097.5,1
5097.75,0
5099.0,1
5099.5,0
5100.0,1
5101.5,0
5101.75,1
5102.75,0
5103.25,1
5104.5,0
5104.75,1
5105.5,0
5109.25,1
5109.5,0
5110.25,1
5110.5,0
5118.5,1
5118.75,0
5120.75,1
5121.5,0
5121.75,1
5124.0,0
5124.5,1
5127.25,0
5127.5,1
5128.75,0
5129.0,1
5129.25,0
5133.25,1
5133.5,0
5133.75,1
5134.0,0
5144.25,1
5144.5,0
5144.75,1
5145.0,0
5145.75,1
5146.25,0
5146.5,1
5147.25,0
5147.5,1
5148.5,0
5148.75,1
5149.0,0
5149.25,1
5151.0,0
5151.25,1
5152.75,0
5156.75,1
5157.0,0
5168.25,1
5168.5,0
5168.75,1
5169.0,0
5169.25,1
5170.5,0
5170.75,1
5171.5,0
5171.75,1
5172.0,0
5172.25,1
5173.5,0
5173.75,1
5174.0,0
5174.5,1
5175.25,0
5175.5,1
5177.25,0
5240.75,1
5244.25,0
5244.5,1
5245.25,0
5245.75,1
5248.25,0
5248.5,1
5249.0,0
5253.0,1
5253.25,0
5265.0,1
5267.25,0
5267.5,1
5269.0,0
5269.25,1
5270.0,0
5270.25,1
5271.75,0
5272.0,1
5272.25,0
5273.25,1
5273.5,0
5275.5,1
5276.0,0
5277.25,1
5277.75,0
5286.75,1
5287.0,0
5288.5,1
5288.75,0
5289.0,1
5291.5,0
5291.75,1
5293.75,0
5294.0,1
5295.0,0
5295.5,1
5296.5,0
5300.75,1
5301.0,0
5310.75,1
5311.0,0
5312.25,1
5312.5,0
5312.75,1
5313.25,0
5313.5,1
5315.75,0
5316.0,1
5318.0,0
5318.25,1
5318.5,0
5318.75,1
5319.0,0
5319.25,1
5319.5,0
5320.25,1
5321.25,0
5321.5,1
5322.0,0
5324.25,1
5324.5,0
5334.0,1
5334.5,0
5335.0,1
5335.25,0
5335.5,1
5335.75,0
5337.25,1
5338.75,0
5339.0,1
5340.75,0
5341.25,1
5342.25,0
5342.5,1
5343.0,0
5343.25,1
5345.0,0
5349.75,1
5350.0,0
5405.75,1
5406.0,0
5409.25,1
5410.75,0
5411.0,1
5411.5,0
5412.0,1
5412.5,0
5412.75,1
5417.0,0
5417.25,1
5417.5,0
5431.0,1
5431.5,0
5432.0,1
5432.25,0
5433.25,1
5435.75,0
5436.0,1
5438.0,0
5438.25,1
5439.25,0
5439.5,1
5440.5,0
5440.75,1
5441.0,0
5456.75,1
5458.25,0
5458.5,1
5459.0,0
5459.25,1
5460.75,0
5461.0,1
5461.75,0
5462.0,1
5462.75,0
5463.0,1
5463.25,0
5463.5,1
5464.5,0
5464.75,1
5465.25,0
5477.75,1
5478.0,0
5478.75,1
5479.25,0
5481.0,1
5482.25,0
5482.5,1
5485.0,0
5485.25,1
5487.5,0
5487.75,1
5489.0,0
5502.5,1
5502.75,0
5503.0,1
5503.75,0
5504.75,1
5506.5,0
5506.75,1
5507.0,0
5507.25,1
5507.75,0
5508.0,1
5508.25,0
5508.5,1
5509.0,0
5509.25,1
5509.5,0
5509.75,1
5510.5,0
5510.75,1
5513.0,0
5513.25,1
5513.5,0
5574.25,1
5574.5,0
5576.25,1
5577.5,0
5577.75,1
5578.0,0
5578.25,1
5580.5,0
5580.75,1
5584.0,0
5584.5,1
5585.0,0
5599.25,1
5599.5,0
5599.75,1
5600.25,0
5600.75,1
5601.0,0
5601.25,1
5602.5,0
5603.0,1
5603.5,0
5603.75,1
5605.0,0
5605.5,1
5606.0,0
5606.5,1
5607.5,0
5608.0,1
5608.25,0
5609.5,1
5609.75,0
5613.0,1
5613.25,0
5623.0,1
5623.25,0
5623.5,1
5624.0,0
5624.5,1
5628.0,0
5628.25,1
5628.5,0
5628.75,1
5630.0,0
5630.25,1
5630.5,0
5630.75,1
5631.25,0
5631.75,1
5632.5,0
5632.75,1
5633.25,0
5646.5,1
5646.75,0
5649.25,1
5653.75,0
5654.0,1
5655.25,0
5655.5,1
5655.75,0
5656.25,1
5657.0,0
5657.25,1
5657.5,0
5661.5,1
5661.75,0
5671.5,1
5671.75,0
5672.75,1
5673.0,0
5673.25,1
5674.0,0
5674.25,1
5675.25,0
5675.5,1
5675.75,0
5676.0,1
5678.5,0
5678.75,1
5679.0,0
5679.25,1
5679.5,0
5679.75,1
5681.0,0
5681.5,1
5682.0,0
5684.25,1
5684.5,0
5743.25,1
5743.5,0
5744.75,1
5745.25,0
5745.5,1
5746.0,0
5746.25,1
5746.75,0
5747.0,1
5750.0,0
5750.75,1
5751.25,0
5751.5,1
5753.25,0
5766.25,1
5766.5,0
5768.25,1
5768.5,0
5769.25,1
5770.0,0
5770.25,1
5770.5,0
5770.75,1
5771.25,0
5771.5,1
5773.5,0
5773.75,1
5775.25,0
5775.5,1
5776.5,0
5776.75,1
5777.5,0
5778.25,1
5778.5,0
5791.0,1
5791.25,0
5793.25,1
5793.5,0
5793.75,1
5794.0,0
5794.25,1
5797.25,0
5797.5,1
5800.75,0
5817.5,1
5818.75,0
5819.0,1
5821.75,0
5822.25,1
5822.75,0
5823.25,1
5824.25,0
5824.5,1
5825.0,0
5828.5,1
5828.75,0
5830.25,1
5830.5,0
5832.5,1
5832.75,0
5838.0,1
5838.25,0
5840.75,1
5841.0,0
5841.5,1
5842.25,0
5842.75,1
5843.25,0
5843.5,1
5848.25,0
5848.5,1
5849.0,0
5851.0,1
5851.25,0
5852.0,1
5852.25,0
5853.0,1
5853.25,0
5904.5,1
5904.75,0
5910.25,1
5910.5,0
5910.75,1
5911.0,0
5911.25,1
5911.5,0
5912.75,1
5913.0,0
5913.25,1
5913.75,0
5914.0,1
5917.25,0
5917.5,1
5919.5,0
5919.75,1
5920.25,0
5924.0,1
5924.25,0
5925.0,1
5925.25,0
5959.25,1
5959.5,0
5961.25,1
5962.0,0
5962.25,1
5962.5,0
5962.75,1
5964.25,0
5964.5,1
5965.0,0
5965.5,1
5966.25,0
5966.5,1
5966.75,0
5967.0,1
5967.25,0
5967.5,1
5968.5,0
5968.75,1
5969.0,0
5973.5,1
5973.75,0
5982.5,1
5982.75,0
5984.75,1
5985.5,0
5985.75,1
5987.5,0
5987.75,1
5988.25,0
5988.5,1
5989.75,0
5990.0,1
5993.25,0
5996.25,1
5996.5,0
6006.0,1
6006.25,0
6007.0,1
6007.75,0
6009.0,1
6011.5,0
6012.0,1
6012.75,0
6013.5,1
6014.25,0
6014.5,1
6015.75,0
6016.25,1
6017.0,0
6017.5,1
6017.75,0
6020.75,1
6021.25,0
6080.25,1
6080.75,0
6081.75,1
6083.0,0
6083.25,1
6086.0,0
6086.25,1
6086.75,0
6087.0,1
6088.0,0
6088.25,1
6089.5,0
6092.0,1
6092.25,0
6103.5,1
6104.0,0
6105.0,1
6105.75,0
6106.0,1
6107.75,0
6108.75,1
6109.0,0
6109.25,1
6110.25,0
6110.5,1
6111.5,0
6111.75,1
6112.0,0
6112.25,1
6113.0,0
6113.25,1
6113.5,0
6126.5,1
6126.75,0
6129.25,1
6129.75,0
6130.0,1
6131.0,0
6131.75,1
6132.0,0
6132.25,1
6133.5,0
6133.75,1
6134.75,0
6135.0,1
6135.25,0
6135.5,1
6136.0,0
6136.25,1
6137.25,0
6141.0,1
6141.25,0
6153.0,1
6153.25,0
6153.5,1
6155.25,0
6155.5,1
6156.0,0
6156.25,1
6157.75,0
6158.0,1
6159.25,0
6159.75,1
6160.75,0
6175.25,1
6175.5,0
6176.75,1
6177.0,0
6177.25,1
6177.5,0
6177.75,1
6178.5,0
6178.75,1
6180.0,0
6180.5,1
6182.25,0
6182.75,1
6183.0,0
6183.75,1
6185.5,0
6247.5,1
6247.75,0
6248.25,1
6248.5,0
6249.25,1
6249.75,0
6250.0,1
6251.5,0
6251.75,1
6252.0,0
6252.75,1
6253.75,0
6254.0,1
6254.5,0
6254.75,1
6255.0,0
6255.25,1
6255.75,0
6256.0,1
6256.25,0
6256.75,1
6257.0,0
6261.0,1
6261.25,0
6272.75,1
6273.25,0
6273.5,1
6273.75,0
6274.0,1
6274.25,0
6274.5,1
6275.25,0
6275.5,1
6276.5,0
6276.75,1
6279.5,0
6279.75,1
6280.5,0
6280.75,1
6281.0,0
6285.25,1
6285.5,0
6295.25,1
6295.5,0
6297.25,1
6297.5,0
6298.25,1
6298.75,0
6299.0,1
6299.25,0
6299.5,1
6303.25,0
6303.5,1
6304.5,0
6305.0,1
6305.25,0
6318.75,1
6319.0,0
6319.5,1
6319.75,0
6321.25,1
6321.5,0
6322.25,1
6323.0,0
6323.5,1
6324.0,0
6324.25,1
6325.25,0
6325.5,1
6325.75,0
6326.25,1
6327.5,0
6328.0,1
6329.25,0
6330.0,1
6330.25,0
6342.75,1
6343.0,0
6343.25,1
6343.5,0
6344.75,1
6345.0,0
6345.5,1
6345.75,0
6346.0,1
6346.25,0
6346.5,1
6347.75,0
6348.0,1
6348.25,0
6348.75,1
6350.0,0
6350.25,1
6352.0,0
6352.25,1
6352.5,0
6353.0,1
6353.25,0
6416.5,1
6417.5,0
6417.75,1
6423.75,0
6424.0,1
6425.0,0
6425.25,1
6425.75,0
6440.75,1
6441.0,0
6441.5,1
6441.75,0
6442.0,1
6442.25,0
6442.5,1
6442.75,0
6443.25,1
6446.25,0
6446.5,1
6449.0,0
6449.25,1
6449.5,0
6461.5,1
6461.75,0
6462.0,1
6462.25,0
6464.25,1
6464.5,0
6465.25,1
6467.75,0
6468.0,1
6469.75,0
6470.25,1
6470.75,0
6471.0,1
6472.75,0
6487.5,1
6487.75,0
6488.25,1
6489.5,0
6489.75,1
6490.0,0
6490.5,1
6491.0,0
6491.25,1
6492.0,0
6492.25,1
6492.75,0
6493.0,1
6493.25,0
6494.0,1
6494.25,0
6494.75,1
6495.5,0
6496.0,1
6496.5,0
6497.25,1
6497.5,0
6499.75,1
6500.0,0
6510.0,1
6510.25,0
6513.0,1
6513.75,0
6514.0,1
6515.5,0
6515.75,1
6516.25,0
6516.5,1
6516.75,0
6517.25,1
6518.0,0
6518.25,1
6519.5,0
6520.0,1
6521.0,0
6525.25,1
6525.5,0
6582.75,1
6583.0,0
6584.75,1
6585.25,0
6585.5,1
6586.0,0
6586.25,1
6587.5,0
6587.75,1
6588.5,0
6589.0,1
6590.0,0
6590.25,1
6592.0,0
6592.25,1
6592.5,0
6592.75,1
6593.25,0
6593.5,1
6593.75,0
6608.75,1
6609.0,0
6609.5,1
6609.75,0
6610.0,1
6611.25,0
6611.75,1
6612.5,0
6613.0,1
6613.25,0
6613.75,1
6614.75,0
6615.0,1
6615.75,0
6616.0,1
6616.5,0
6616.75,1
6617.0,0
6631.0,1
6631.5,0
6633.0,1
6633.25,0
6634.0,1
6635.0,0
6635.5,1
6636.0,0
6636.25,1
6636.5,0
6637.0,1
6637.25,0
6637.5,1
6639.25,0
6639.5,1
6641.0,0
6641.25,1
6641.5,0
6644.75,1
6645.0,0
6655.5,1
6655.75,0
6656.5,1
6657.5,0
6657.75,1
6658.0,0
6658.25,1
6659.0,0
6659.25,1
6660.5,0
6660.75,1
6661.75,0
6662.5,1
6663.0,0
6663.25,1
6663.75,0
6664.0,1
6664.75,0
6665.0,1
6665.5,0
6680.75,1
6681.0,0
6681.25,1
6682.0,0
6682.5,1
6687.0,0
6687.25,1
6687.5,0
6688.0,1
6688.25,0
6688.5,1
6689.5,0
6751.25,1
6751.5,0
6753.0,1
6753.25,0
6753.75,1
6754.0,0
6754.25,1
6756.25,0
6756.5,1
6756.75,0
6757.0,1
6757.75,0
6758.0,1
6758.75,0
6759.25,1
6759.5,0
6760.0,1
6761.0,0
6761.25,1
6761.5,0
6798.25,1
6798.5,0
6801.0,1
6803.75,0
6804.0,1
6806.75,0
6807.0,1
6807.5,0
6807.75,1
6808.25,0
6808.5,1
6809.0,0
6811.75,1
6812.0,0
6825.5,1
6826.0,0
6826.25,1
6827.5,0
6827.75,1
6828.0,0
6828.25,1
6828.75,0
6829.0,1
6829.25,0
6830.25,1
6833.0,0
6833.75,1
6834.0,0
6836.75,1
6837.0,0
6848.5,1
6848.75,0
6849.5,1
6850.75,0
6851.0,1
6853.0,0
6853.25,1
6853.5,0
6853.75,1
6854.25,0
6854.5,1
6854.75,0
6855.0,1
6855.5,0
6855.75,1
6856.0,0
6856.25,1
6856.75,0
6918.25,1
6918.5,0
6919.25,1
6919.5,0
6921.0,1
6922.75,0
6923.0,1
6923.75,0
6924.0,1
6924.25,0
6924.75,1
6925.0,0
6925.25,1
6925.75,0
6926.25,1
6926.5,0
6926.75,1
6927.0,0
6927.25,1
6927.5,0
6927.75,1
6929.0,0
6929.25,1
6929.5,0
6942.0,1
6942.25,0
6942.75,1
6943.25,0
6945.0,1
6945.5,0
6945.75,1
6949.5,0
6949.75,1
6951.75,0
6952.0,1
6952.75,0
6953.0,1
6953.5,0
6966.75,1
6967.0,0
6968.5,1
6968.75,0
6969.25,1
6970.25,0
6970.5,1
6970.75,0
6971.0,1
6972.0,0
6973.0,1
6975.75,0
6976.0,1
6977.0,0
6990.75,1
6991.0,0
6991.5,1
6992.0,0
6992.75,1
6993.0,0
6993.75,1
6997.0,0
6997.75,1
7000.0,0
7000.25,1
7001.0,0
7001.5,1
7001.75,0
7005.0,1
7005.25,0
7014.0,1
7014.25,0
7017.25,1
7018.25,0
7018.5,1
7018.75,0
7019.0,1
7019.25,0
7019.5,1
7020.0,0
7020.5,1
7022.25,0
7022.5,1
7023.0,0
7023.25,1
7024.75,0
7025.25,1
7025.75,0
7086.5,1
7086.75,0
7088.5,1
7088.75,0
7089.0,1
7089.75,0
7090.0,1
7093.5,0
7094.0,1
7094.75,0
7095.0,1
7097.0,0
7097.25,1
7097.75,0
7113.25,1
7113.5,0
7113.75,1
7114.0,0
7114.25,1
7114.5,0
7114.75,1
7115.25,0
7115.5,1
7116.5,0
7116.75,1
7117.25,0
7117.5,1
7119.75,0
7120.0,1
7120.5,0
7120.75,1
7121.0,0
7124.25,1
7124.5,0
7137.75,1
7139.75,0
7140.0,1
7141.75,0
7142.25,1
7143.0,0
7143.25,1
7144.25,0
7144.5,1
7144.75,0
7145.0,1
7145.25,0
7160.75,1
7161.0,0
7161.5,1
7162.0,0
7162.25,1
7163.5,0
7163.75,1
7165.5,0
7165.75,1
7166.25,0
7166.75,1
7167.25,0
7167.5,1
7168.5,0
7168.75,1
7169.0,0
7170.0,1
7170.25,0
7182.5,1
7182.75,0
7183.5,1
7183.75,0
7184.75,1
7185.0,0
7185.25,1
7187.75,0
7188.25,1
7188.5,0
7188.75,1
7190.25,0
7190.5,1
7190.75,0
7191.25,1
7192.0,0
7192.25,1
7193.0,0
7193.25,1
7193.5,0
7255.25,1
7255.5,0
7255.75,1
7256.0,0
7256.75,1
7257.5,0
7257.75,1
7261.5,0
7261.75,1
7262.25,0
7262.5,1
7265.0,0
7268.25,1
7268.5,0
7278.5,1
7279.0,0
7279.75,1
7280.0,0
7280.75,1
7282.5,0
7283.0,1
7286.25,0
7286.5,1
7287.5,0
7287.75,1
7288.25,0
7289.0,1
7289.5,0
7293.5,1
7293.75,0
7304.0,1
7304.25,0
7304.5,1
7305.25,0
7305.5,1
7306.5,0
7306.75,1
7307.25,0
7307.5,1
7308.75,0
7309.0,1
7311.25,0
7311.5,1
7312.25,0
7312.5,1
7313.0,0
7327.75,1
7328.0,0
7328.25,1
7328.5,0
7328.75,1
7329.0,0
7329.25,1
7329.75,0
7330.0,1
7332.0,0
7332.25,1
7332.75,0
7333.0,1
7333.5,0
7333.75,1
7335.25,0
7335.5,1
7336.75,0
7337.0,1
7337.5,0
7337.75,1
7338.0,0
7341.75,1
7342.0,0
7350.75,1
7351.0,0
7352.75,1
7353.0,0
7353.25,1
7359.0,0
7359.25,1
7360.0,0
7360.5,1
7361.25,0
7365.5,1
7365.75,0
7366.5,1
7366.75,0
7423.75,1
7424.25,0
7425.25,1
7426.0,0
7426.25,1
7430.0,0
7430.25,1
7430.75,0
7431.0,1
7431.5,0
7432.0,1
7432.25,0
7432.5,1
7432.75,0
7433.25,1
7433.5,0
7437.0,1
7437.25,0
7446.25,1
7446.5,0
7449.75,1
7451.25,0
7451.5,1
7451.75,0
7452.0,1
7453.5,0
7454.0,1
7456.0,0
7456.5,1
7456.75,0
7461.0,1
7461.25,0
7470.5,1
7470.75,0
7471.5,1
7472.0,0
7473.25,1
7475.5,0
7475.75,1
7476.0,0
7476.5,1
7478.5,0
7479.0,1
7481.0,0
7481.5,1
7481.75,0
7494.25,1
7494.5,0
7496.75,1
7497.25,0
7497.75,1
7498.25,0
7498.75,1
7500.75,0
7501.0,1
7501.5,0
7501.75,1
7502.0,0
7502.25,1
7502.75,0
7503.0,1
7503.5,0
7503.75,1
7504.5,0
7504.75,1
7505.0,0
7505.25,1
7505.5,0
7521.0,1
7523.5,0
7524.0,1
7525.25,0
7525.5,1
7526.25,0
7526.5,1
7528.75,0
7530.0,1
7530.25,0
7533.0,1
7533.25,0
7592.25,1
7592.5,0
7592.75,1
7594.0,0
7594.5,1
7596.75,0
7597.0,1
7597.5,0
7597.75,1
7598.0,0
7598.25,1
7599.25,0
7599.5,1
7600.5,0
7601.0,1
7601.25,0
7605.25,1
7605.5,0
7615.0,1
7615.25,0
7615.75,1
7616.25,0
7616.5,1
7617.0,0
7617.25,1
7617.75,0
7618.0,1
7620.0,0
7620.25,1
7620.5,0
7620.75,1
7623.75,0
7624.0,1
7624.75,0
7625.0,1
7625.25,0
7641.25,1
7642.0,0
7642.5,1
7644.5,0
7644.75,1
7645.25,0
7645.5,1
7646.0,0
7646.5,1
7647.5,0
7647.75,1
7648.0,0
7648.25,1
7648.75,0
7649.0,1
7649.25,0
7650.75,1
7651.0,0
7651.25,1
7651.5,0
7664.25,1
7664.5,0
7664.75,1
7667.0,0
7667.25,1
7670.25,0
7670.75,1
7671.25,0
7671.75,1
7673.0,0
7673.25,1
7673.5,0
7677.5,1
7677.75,0
7678.25,1
7678.5,0
7688.25,1
7688.5,0
7688.75,1
7692.5,0
7692.75,1
7693.25,0
7693.75,1
7694.75,0
7695.0,1
7695.25,0
7695.5,1
7696.5,0
7696.75,1
7697.0,0
7758.25,1
7758.5,0
7758.75,1
7759.25,0
7760.25,1
7760.5,0
7761.0,1
7764.25,0
7764.5,1
7765.25,0
7765.5,1
7766.0,0
7766.25,1
7766.75,0
7767.0,1
7767.25,0
7767.5,1
7768.25,0
7768.5,1
7768.75,0
7769.25,1
7769.5,0
7784.5,1
7784.75,0
7785.0,1
7785.25,0
7785.5,1
7786.25,0
7786.5,1
7788.0,0
7788.25,1
7789.5,0
7789.75,1
7790.0,0
7790.25,1
7790.75,0
7791.0,1
7791.25,0
7791.5,1
7792.5,0
7797.25,1
7797.5,0
7805.75,1
7806.0,0
7807.0,1
7807.25,0
7807.75,1
7808.0,0
7808.75,1
7809.0,0
7809.5,1
7810.0,0
7810.25,1
7814.25,0
7814.5,1
7815.25,0
7815.75,1
7816.75,0
7817.0,1
7817.25,0
7821.25,1
7821.5,0
7821.75,1
7822.0,0
7833.0,1
7833.25,0
7833.75,1
7834.75,0
7835.0,1
7835.25,0
7835.75,1
7836.25,0
7836.75,1
7837.75,0
7838.0,1
7838.5,0
7838.75,1
7839.25,0
7839.5,1
7841.0,0
7844.75,1
7845.0,0
7846.25,1
7846.5,0
7926.5,1
7926.75,0
7928.75,1
7929.75,0
7930.0,1
7931.75,0
7932.0,1
7933.0,0
7933.25,1
7934.25,0
7934.5,1
7936.0,0
7936.25,1
7936.5,0
7936.75,1
7937.25,0
7937.5,1
7937.75,0
7940.75,1
7941.0,0
7951.0,1
7951.25,0
7952.0,1
7953.0,0
7953.25,1
7955.75,0
7956.0,1
7957.0,0
7957.5,1
7957.75,0
7958.0,1
7960.25,0
7960.5,1
7961.25,0
7962.0,1
7962.25,0
7976.75,1
7981.25,0
7981.5,1
7982.0,0
7982.25,1
7984.0,0
7984.25,1
7984.5,0
7984.75,1
7985.0,0
7998.25,1
7998.5,0
8000.5,1
8001.0,0
8001.25,1
8004.5,0
8004.75,1
8006.25,0
8006.5,1
8008.25,0
8008.5,1
8009.0,0
8009.25,1
8009.5,0
8023.75,1
8024.0,0
8024.5,1
8024.75,0
8025.25,1
8025.75,0
8026.0,1
8026.25,0
8027.0,1
8027.25,0
8027.5,1
8031.5,0
8031.75,1
8032.0,0
8032.25,1
8033.25,0
8038.25,1
8038.75,0
8096.5,1
8097.0,0
8097.25,1
8099.0,0
8099.25,1
8099.5,0
8100.0,1
8101.0,0
8101.25,1
8102.0,0
8102.25,1
8102.5,0
8103.0,1
8103.5,0
8103.75,1
8105.0,0
8105.25,1
8105.5,0
8119.25,1
8119.5,0
8121.0,1
8121.25,0
8121.5,1
8124.5,0
8124.75,1
8126.25,0
8127.0,1
8127.5,0
8128.0,1
8128.25,0
8128.5,1
8129.0,0
8132.5,1
8132.75,0
8134.0,1
8134.25,0
8144.0,1
8144.25,0
8144.75,1
8146.0,0
8146.25,1
8147.0,0
8147.5,1
8147.75,0
8148.0,1
8149.0,0
8149.25,1
8149.5,0
8149.75,1
8151.25,0
8151.5,1
8152.0,0
8152.25,1
8152.75,0
8165.25,1
8165.5,0
8168.5,1
8168.75,0
8169.0,1
8170.0,0
8170.25,1
8170.5,0
8170.75,1
8172.25,0
8172.5,1
8172.75,0
8173.0,1
8173.25,0
8173.75,1
8174.5,0
8174.75,1
8175.5,0
8175.75,1
8176.25,0
8176.5,1
8177.0,0
8189.75,1
8190.0,0
8193.25,1
8194.25,0
8194.5,1
8196.0,0
8196.25,1
8197.25,0
8198.25,1
8199.5,0
8199.75,1
8200.0,0
8200.25,1
8201.0,0
8262.0,1
8262.25,0
8263.75,1
8264.0,0
8264.25,1
8264.5,0
8265.0,1
8265.5,0
8265.75,1
8269.0,0
8269.25,1
8269.5,0
8269.75,1
8271.5,0
8271.75,1
8272.75,0
8287.75,1
8288.0,0
8288.25,1
8288.5,0
8289.25,1
8289.75,0
8290.25,1
8290.75,0
8291.25,1
8294.25,0
8294.75,1
8295.75,0
8296.0,1
8297.25,0
8310.25,1
8310.75,0
8311.25,1
8311.5,0
8312.25,1
8312.75,0
8313.25,1
8314.0,0
8314.25,1
8314.75,0
8315.0,1
8316.0,0
8316.5,1
8316.75,0
8317.0,1
8321.25,0
8321.5,1
8321.75,0
8324.25,1
8324.5,0
8334.75,1
8335.25,0
8335.5,1
8335.75,0
8336.25,1
8337.0,0
8337.5,1
8338.75,0
8339.0,1
8339.75,0
8340.25,1
8341.25,0
8341.5,1
8343.25,0
8343.5,1
8343.75,0
8344.0,1
8344.75,0
8345.0,1
8345.25,0
8360.5,1
8360.75,0
8361.25,1
8361.5,0
8362.0,1
8364.5,0
8364.75,1
8365.25,0
8365.5,1
8366.75,0
8367.25,1
8369.0,0
8369.25,1
8369.5,0
8433.0,1
8433.75,0
8434.0,1
8437.5,0
8437.75,1
8438.0,0
8438.5,1
8438.75,0
8439.0,1
8439.25,0
8439.5,1
8440.0,0
8440.25,1
8440.75,0
8441.0,1
8441.25,0
8457.5,1
8458.0,0
8458.75,1
8459.75,0
8460.0,1
8460.5,0
8460.75,1
8463.5,0
8463.75,1
8464.25,0
8464.5,1
8465.25,0
8468.5,1
8468.75,0
8480.75,1
8482.75,0
8483.0,1
8483.75,0
8484.0,1
8484.25,0
8484.5,1
8488.5,0
8493.5,1
8493.75,0
8505.0,1
8505.25,0
8505.5,1
8505.75,0
8506.0,1
8506.25,0
8506.5,1
8507.0,0
8507.25,1
8507.75,0
8508.25,1
8508.75,0
8509.25,1
8509.5,0
8509.75,1
8512.0,0
8512.75,1
8513.0,0
8513.25,1
8513.5,0
8526.25,1
8526.5,0
8527.75,1
8528.25,0
8529.25,1
8530.5,0
8530.75,1
8531.0,0
8531.25,1
8531.5,0
8531.75,1
8533.0,0
8533.5,1
8533.75,0
8535.0,1
8537.0,0
8540.25,1
8540.5,0
8541.25,1
8541.5,0
8623.25,1
8623.5,0
8624.5,1
8625.5,0
8626.0,1
8627.75,0
8628.0,1
8628.75,0
8629.0,1
8629.25,0
8629.5,1
8629.75,0
8630.0,1
8630.75,0
8631.25,1
8632.25,0
8633.0,1
8633.25,0
8633.5,1
8633.75,0
8647.0,1
8647.5,0
8647.75,1
8648.0,0
8648.75,1
8650.5,0
8650.75,1
8651.25,0
8651.5,1
8651.75,0
8653.0,1
8654.0,0
8654.25,1
8655.25,0
8655.5,1
8656.75,0
8657.5,1
8657.75,0
8669.75,1
8670.0,0
8671.75,1
8672.0,0
8672.5,1
8672.75,0
8673.25,1
8673.5,0
8673.75,1
8675.0,0
8675.25,1
8676.0,0
8676.25,1
8677.0,0
8677.25,1
8680.5,0
8681.0,1
8681.25,0
8685.5,1
8685.75,0
8697.25,1
8698.75,0
8699.0,1
8700.0,0
8700.25,1
8700.5,0
8700.75,1
8701.0,0
8701.25,1
8702.0,0
8702.5,1
8704.0,0
8704.25,1
8704.75,0
