#1


float Room-228B (1249,2)
0.0,0
31.75,1
32.0,0
32.25,1
33.0,0
33.25,1
41.75,0
55.5,1
65.25,0
65.5,1
65.75,0
68.25,1
68.5,0
80.75,1
89.5,0
92.5,1
92.75,0
104.5,1
113.25,0
113.5,1
114.0,0
126.0,1
126.25,0
128.5,1
137.75,0
138.0,1
138.25,0
198.25,1
198.5,0
201.0,1
209.0,0
209.5,1
209.75,0
224.0,1
224.75,0
225.0,1
233.0,0
237.5,1
237.75,0
248.75,1
257.25,0
257.5,1
257.75,0
271.75,1
272.0,0
273.0,1
281.25,0
287.75,1
288.0,0
290.5,1
290.75,0
296.0,1
305.75,0
309.25,1
309.5,0
368.75,1
377.75,0
381.5,1
381.75,0
393.0,1
396.5,0
396.75,1
401.75,0
440.75,1
449.0,0
465.0,1
473.5,0
477.25,1
477.5,0
536.25,1
536.5,0
536.75,1
542.25,0
542.75,1
545.5,0
549.0,1
549.25,0
560.5,1
569.75,0
572.75,1
573.0,0
583.5,1
583.75,0
584.5,1
593.75,0
606.5,1
606.75,0
608.5,1
617.0,0
617.25,1
617.5,0
632.25,1
641.25,0
702.5,1
702.75,0
704.25,1
707.75,0
708.0,1
713.75,0
726.75,1
727.0,0
727.5,1
727.75,0
728.5,1
737.25,0
737.75,1
738.0,0
751.5,1
751.75,0
752.5,1
752.75,0
753.0,1
761.25,0
774.75,1
775.0,0
776.5,1
784.5,0
785.25,1
785.5,0
799.75,1
800.0,0
801.0,1
809.25,0
870.25,1
870.5,0
872.75,1
881.0,0
881.5,1
882.0,0
885.0,1
885.25,0
896.75,1
900.75,0
901.0,1
905.5,0
920.5,1
928.75,0
929.25,1
929.5,0
942.5,1
942.75,0
944.75,1
953.5,0
953.75,1
954.0,0
967.0,1
967.25,0
968.75,1
976.5,0
976.75,1
977.5,0
1037.5,1
1037.75,0
1038.75,1
1039.25,0
1040.25,1
1042.5,0
1042.75,1
1050.0,0
1052.75,1
1053.0,0
1063.25,1
1063.5,0
1064.75,1
1073.5,0
1077.25,1
1077.5,0
1110.25,1
1110.5,0
1111.25,1
1111.5,0
1112.75,1
1116.25,0
1116.5,1
1121.0,0
1135.0,1
1135.25,0
1135.75,1
1136.0,0
1137.0,1
1145.5,0
1204.5,1
1204.75,0
1206.5,1
1206.75,0
1208.5,1
1218.25,0
1232.0,1
1241.75,0
1256.75,1
1257.0,0
1257.25,1
1259.0,0
1259.25,1
1265.5,0
1275.75,1
1276.0,0
1278.25,1
1278.5,0
1278.75,1
1279.25,0
1280.25,1
1289.0,0
1304.75,1
1313.5,0
1375.5,1
1376.0,0
1376.5,1
1385.0,0
1386.0,1
1386.25,0
1389.5,1
1389.75,0
1398.75,1
1399.0,0
1400.25,1
1409.75,0
1412.75,1
1413.0,0
1413.75,1
1414.0,0
1424.75,1
1433.25,0
1436.25,1
1436.5,0
1448.75,1
1457.0,0
1460.0,1
1460.25,0
1461.0,1
1461.25,0
1471.25,1
1471.5,0
1471.75,1
1481.25,0
1484.0,1
1484.25,0
1544.5,1
1553.5,0
1556.25,1
1556.5,0
1558.0,1
1558.25,0
1568.75,1
1577.25,0
1592.5,1
1601.25,0
1601.5,1
1601.75,0
1606.5,1
1606.75,0
1616.25,1
1624.5,0
1624.75,1
1625.5,0
1640.25,1
1649.5,0
1712.5,1
1721.25,0
1736.25,1
1745.75,0
1758.25,1
1758.5,0
1760.25,1
1769.0,0
1769.25,1
1769.75,0
1772.5,1
1772.75,0
1783.0,1
1783.25,0
1784.75,1
1793.75,0
1796.75,1
1797.0,0
1808.25,1
1818.0,0
1880.25,1
1889.25,0
1904.75,1
1905.0,0
1905.5,1
1913.75,0
1928.25,1
1937.5,0
1952.5,1
1952.75,0
1953.0,1
1961.75,0
1974.0,1
1974.25,0
1976.5,1
1976.75,0
1977.0,1
1986.0,0
2048.5,1
2057.25,0
2061.25,1
2061.5,0
2072.5,1
2081.0,0
2081.25,1
2081.75,0
2084.5,1
2084.75,0
2096.25,1
2096.5,0
2096.75,1
2106.0,0
2119.5,1
2119.75,0
2120.5,1
2129.5,0
2134.5,1
2134.75,0
2144.75,1
2145.0,0
2145.25,1
2153.75,0
2156.5,1
2156.75,0
2216.5,1
2225.5,0
2229.75,1
2230.0,0
2240.5,1
2248.75,0
2249.0,1
2249.75,0
2264.25,1
2264.5,0
2264.75,1
2273.75,0
2288.75,1
2296.75,0
2313.0,1
2321.0,0
2321.5,1
2321.75,0
2325.0,1
2325.25,0
2383.25,1
2383.5,0
2384.75,1
2388.5,0
2388.75,1
2393.5,0
2408.5,1
2417.75,0
2419.75,1
2420.0,0
2420.5,1
2421.0,0
2432.5,1
2441.25,0
2441.5,1
2441.75,0
2455.75,1
2456.0,0
2456.5,1
2457.25,0
2457.5,1
2465.25,0
2480.5,1
2489.25,0
2552.5,1
2560.75,0
2561.0,1
2561.75,0
2566.25,1
2566.5,0
2576.5,1
2585.5,0
2599.25,1
2599.5,0
2600.25,1
2609.25,0
2622.25,1
2622.5,0
2624.5,1
2628.5,0
2629.0,1
2634.25,0
2635.75,1
2636.0,0
2646.5,1
2646.75,0
2647.0,1
2647.25,0
2647.5,1
2647.75,0
2648.5,1
2657.5,0
2720.75,1
2728.5,0
2728.75,1
2729.0,0
2729.25,1
2729.5,0
2733.25,1
2733.5,0
2743.75,1
2744.25,0
2744.5,1
2753.0,0
2753.25,1
2753.5,0
2768.75,1
2769.0,0
2769.25,1
2777.25,0
2777.5,1
2777.75,0
2792.25,1
2801.5,0
2802.0,1
2802.25,0
2816.25,1
2825.5,0
2888.75,1
2897.25,0
2912.75,1
2921.25,0
2935.5,1
2935.75,0
2936.25,1
2945.25,0
2957.75,1
2958.0,0
2959.25,1
2959.75,0
2960.25,1
2969.75,0
2972.0,1
2972.25,0
2982.5,1
2982.75,0
2984.75,1
2993.75,0
3055.5,1
3055.75,0
3057.25,1
3065.5,0
3069.0,1
3069.25,0
3069.75,1
3070.0,0
3080.75,1
3089.75,0
3090.75,1
3091.0,0
3102.75,1
3103.0,0
3103.75,1
3104.5,0
3104.75,1
3113.5,0
3128.5,1
3137.5,0
3139.5,1
3139.75,0
3141.0,1
3141.25,0
3141.75,1
3142.0,0
3153.25,1
3161.5,0
3165.0,1
3165.25,0
3224.25,1
3233.75,0
3247.25,1
3247.5,0
3248.5,1
3249.0,0
3249.25,1
3249.75,0
3250.0,1
3257.75,0
3270.5,1
3270.75,0
3271.25,1
3271.5,0
3272.75,1
3282.0,0
3296.75,1
3305.25,0
3320.0,1
3320.25,0
3320.5,1
3329.5,0
3391.5,1
3391.75,0
3392.5,1
3401.5,0
3415.75,1
3416.0,0
3416.75,1
3425.25,0
3430.25,1
3430.5,0
3440.0,1
3449.5,0
3464.5,1
3473.75,0
3487.0,1
3487.25,0
3488.75,1
3497.5,0
3560.75,1
3569.25,0
3569.5,1
3570.0,0
3571.75,1
3572.0,0
3572.5,1
3572.75,0
3606.0,1
3606.25,0
3608.0,1
3617.25,0
3632.25,1
3641.5,0
3645.25,1
3645.5,0
3656.75,1
3665.5,0
3728.5,1
3737.5,0
3739.25,1
3739.5,0
3739.75,1
3740.0,0
3740.5,1
3740.75,0
3752.5,1
3753.25,0
3753.5,1
3761.25,0
3776.5,1
3785.25,0
3788.75,1
3789.0,0
3800.25,1
3808.75,0
3809.0,1
3809.25,0
3813.75,1
3814.0,0
3822.75,1
3823.0,0
3825.0,1
3833.5,0
3835.75,1
3836.0,0
3896.0,1
3906.0,0
3907.25,1
3907.5,0
3908.25,1
3908.5,0
3908.75,1
3909.0,0
3920.0,1
3920.5,0
3921.0,1
3929.5,0
3929.75,1
3930.0,0
3934.0,1
3934.25,0
3944.25,1
3953.25,0
3957.0,1
3957.25,0
3967.0,1
3967.25,0
3968.75,1
3978.0,0
3992.25,1
4001.5,0
4063.5,1
4063.75,0
4064.25,1
4073.5,0
4088.25,1
4098.25,0
4111.0,1
4111.25,0
4112.25,1
4121.25,0
4125.0,1
4125.25,0
4135.5,1
4136.0,0
4136.5,1
4137.75,0
4138.0,1
4145.5,0
4149.25,1
4149.5,0
4157.0,1
4157.25,0
4160.25,1
4160.5,0
4161.0,1
4169.75,0
4232.75,1
4237.5,0
4237.75,1
4241.5,0
4254.0,1
4254.25,0
4256.0,1
4265.5,0
4278.5,1
4278.75,0
4280.0,1
4280.5,0
4281.0,1
4289.75,0
4292.0,1
4292.5,0
4304.25,1
4313.75,0
4317.25,1
4317.5,0
4328.5,1
4337.75,0
4342.5,1
4342.75,0
4400.5,1
4409.75,0
4412.75,1
4413.0,0
4449.0,1
4457.25,0
4457.5,1
4457.75,0
4472.5,1
4481.75,0
4496.75,1
4505.75,0
4567.5,1
4567.75,0
4569.0,1
4577.0,0
4577.25,1
4577.75,0
4578.0,1
4578.25,0
4579.5,1
4579.75,0
4591.25,1
4591.5,0
4592.5,1
4601.5,0
4604.75,1
4605.0,0
4613.5,1
4613.75,0
4614.75,1
4615.0,0
4616.0,1
4625.25,0
4638.25,1
4638.75,0
4639.75,1
4640.0,0
4640.5,1
4649.5,0
4652.75,1
4653.0,0
4662.5,1
4662.75,0
4664.25,1
4673.25,0
4736.5,1
4745.25,0
4746.0,1
4746.25,0
4748.0,1
4748.25,0
4749.0,1
4749.25,0
4760.75,1
4765.5,0
4765.75,1
4769.25,0
4769.5,1
4769.75,0
4772.25,1
4772.5,0
4784.75,1
4793.75,0
4796.5,1
4796.75,0
4797.5,1
4798.0,0
4807.25,1
4807.5,0
4808.0,1
4817.5,0
4817.75,1
4818.0,0
4819.75,1
4820.0,0
4832.75,1
4841.5,0
4902.75,1
4903.0,0
4904.25,1
4913.25,0
4928.75,1
4937.25,0
4938.0,1
4938.25,0
4952.25,1
4952.5,0
4953.0,1
4961.0,0
4962.25,1
4962.5,0
4976.5,1
4985.75,0
5001.0,1
5010.25,0
5014.25,1
5014.5,0
5072.5,1
5082.0,0
5094.25,1
5094.5,0
5096.5,1
5105.5,0
5109.0,1
5109.25,0
5119.25,1
5119.5,0
5120.75,1
5129.5,0
5133.75,1
5134.0,0
5142.0,1
5142.25,0
5144.75,1
5153.5,0
5167.25,1
5167.5,0
5168.5,1
5177.5,0
5181.25,1
5181.5,0
5240.5,1
5249.5,0
5250.0,1
5250.25,0
5264.25,1
5264.5,0
5265.0,1
5272.75,0
5273.0,1
5273.75,0
5288.25,1
5297.5,0
5297.75,1
5298.0,0
5312.25,1
5312.5,0
5312.75,1
5321.5,0
5324.5,1
5324.75,0
5333.75,1
5334.0,0
5335.0,1
5335.25,0
5336.75,1
5337.0,0
5337.25,1
5345.25,0
5345.5,1
5345.75,0
5348.75,1
5349.0,0
5408.5,1
5418.25,0
5431.0,1
5431.25,0
5431.5,1
5441.75,0
5456.0,1
5465.5,0
5468.25,1
5468.5,0
5480.25,1
5480.5,0
5480.75,1
5489.75,0
5493.25,1
5493.5,0
5504.0,1
5504.25,0
5505.0,1
5513.25,0
5513.75,1
5514.0,0
5576.25,1
5576.5,0
5577.0,1
5586.25,0
5589.0,1
5589.25,0
5590.25,1
5590.5,0
5600.25,1
5610.0,0
5612.75,1
5613.0,0
5624.5,1
5633.5,0
5638.0,1
5638.25,0
5646.25,1
5646.5,0
5648.75,1
5657.75,0
5662.25,1
5662.5,0
5672.5,1
5674.25,0
5674.5,1
5681.25,0
5681.5,1
5681.75,0
5744.75,1
5753.75,0
5754.0,1
5754.25,0
5768.25,1
5778.25,0
5790.0,1
5790.25,0
5792.75,1
5801.5,0
5806.0,1
5806.25,0
5816.75,1
5825.5,0
5830.0,1
5830.25,0
5839.75,1
5849.5,0
5853.5,1
5853.75,0
5910.75,1
5911.0,0
5912.25,1
5922.0,0
5957.25,1
5957.5,0
5960.0,1
5960.25,0
5960.5,1
5969.5,0
5970.75,1
5971.0,0
5983.75,1
5984.0,0
5984.75,1
5993.25,0
5996.25,1
5996.5,0
6006.25,1
6006.5,0
6008.75,1
6017.75,0
6080.5,1
6089.5,0
6092.0,1
6092.25,0
6094.0,1
6094.25,0
6104.75,1
6112.75,0
6113.0,1
6113.5,0
6128.5,1
6137.75,0
6141.0,1
6141.25,0
6152.75,1
6161.5,0
6176.25,1
6176.5,0
6176.75,1
6185.75,0
6248.25,1
6253.0,0
6253.25,1
6258.0,0
6272.5,1
6281.5,0
6283.75,1
6284.0,0
6295.25,1
6295.5,0
6296.0,1
6305.0,0
6305.5,1
6305.75,0
6320.5,1
6329.75,0
6344.75,1
6349.25,0
6349.5,1
6353.5,0
6356.0,1
6356.25,0
6415.75,1
6425.5,0
6440.5,1
6440.75,0
6441.0,1
6450.0,0
6452.0,1
6452.25,0
6453.75,1
6454.0,0
6464.25,1
6473.5,0
6486.0,1
6486.25,0
6487.0,1
6487.25,0
6488.5,1
6497.25,0
6497.5,1
6498.0,0
6513.0,1
6521.5,0
6584.25,1
6593.75,0
6608.0,1
6617.25,0
6630.5,1
6630.75,0
6631.0,1
6631.25,0
6631.75,1
6632.0,0
6632.25,1
6641.5,0
6644.0,1
6644.25,0
6656.5,1
6666.0,0
6680.0,1
6689.25,0
6749.5,1
6749.75,0
6751.75,1
6752.0,0
6752.75,1
6761.75,0
6765.0,1
6765.25,0
6765.75,1
6766.0,0
6799.5,1
6800.0,0
6800.75,1
6808.75,0
6809.0,1
6809.5,0
6812.0,1
6812.25,0
6824.75,1
6833.0,0
6836.25,1
6836.5,0
6848.0,1
6848.25,0
6848.75,1
6857.5,0
6862.5,1
6862.75,0
6921.0,1
6929.25,0
6932.0,1
6932.25,0
6944.5,1
6953.75,0
6968.75,1
6973.5,0
6973.75,1
6977.75,0
6992.25,1
7001.5,0
7001.75,1
7002.0,0
7004.0,1
7004.25,0
7016.25,1
7025.75,0
7086.75,1
7087.0,0
7088.75,1
7097.25,0
7097.5,1
7097.75,0
7099.25,1
7099.5,0
7112.25,1
7112.5,0
7112.75,1
7121.75,0
7125.5,1
7125.75,0
7136.5,1
7145.75,0
7160.75,1
7169.25,0
7172.75,1
7173.0,0
7184.5,1
7188.0,0
7188.25,1
7189.0,0
7189.5,1
7193.25,0
7196.0,1
7196.25,0
7256.5,1
7265.25,0
7269.25,1
7269.75,0
7280.0,1
7280.75,0
7281.0,1
7286.0,0
7286.25,1
7289.5,0
7304.25,1
7313.5,0
7328.75,1
7337.25,0
7341.25,1
7341.5,0
7352.75,1
7361.5,0
7364.0,1
7364.25,0
7364.5,1
7364.75,0
7423.5,1
7423.75,0
7424.5,1
7433.25,0
7436.25,1
7436.5,0
7446.25,1
7446.5,0
7447.5,1
7447.75,0
7448.5,1
7457.5,0
7461.25,1
7461.5,0
7472.75,1
7481.5,0
7497.0,1
7505.25,0
7520.75,1
7529.25,0
7533.0,1
7533.25,0
7589.75,1
7590.0,0
7591.25,1
7591.5,0
7592.0,1
7592.75,0
7593.0,1
7601.75,0
7614.0,1
7614.25,0
7615.5,1
7616.25,0
7616.5,1
7625.5,0
7628.25,1
7628.5,0
7637.75,1
7638.0,0
7641.25,1
7649.75,0
7662.5,1
7662.75,0
7664.75,1
7665.0,0
7665.25,1
7673.75,0
7678.0,1
7678.25,0
7688.75,1
7697.75,0
7698.0,1
7698.25,0
7700.0,1
7700.25,0
7758.0,1
7758.25,0
7760.25,1
7760.5,0
7760.75,1
7770.25,0
7772.75,1
7773.0,0
7785.0,1
7788.0,0
7788.25,1
7793.5,0
7806.5,1
7806.75,0
7808.75,1
7817.5,0
7817.75,1
7818.0,0
7832.5,1
7836.5,0
7836.75,1
7841.75,0
7844.75,1
7845.0,0
7846.0,1
7846.25,0
7927.75,1
7928.0,0
7928.25,1
7937.25,0
7949.75,1
7950.0,0
7951.75,1
7952.0,0
7952.25,1
7952.5,0
7952.75,1
7961.5,0
7964.25,1
7964.5,0
7974.75,1
7975.0,0
7976.75,1
7982.0,0
7982.25,1
7985.5,0
7997.25,1
7997.5,0
8000.25,1
8009.5,0
8024.25,1
8033.5,0
8034.0,1
8034.25,0
8096.5,1
8105.5,0
8119.75,1
8129.25,0
8144.75,1
8154.5,0
8168.5,1
8177.75,0
8180.75,1
8181.0,0
8189.0,1
8189.25,0
8191.75,1
8192.5,0
8192.75,1
8201.25,0
8201.75,1
8202.0,0
8207.5,1
8207.75,0
8262.0,1
8262.25,0
8262.75,1
8263.0,0
8264.5,1
8264.75,0
8265.0,1
8273.25,0
8276.5,1
8276.75,0
8288.25,1
8297.75,0
8312.5,1
8321.75,0
8324.75,1
8325.0,0
8335.25,1
8335.5,0
8336.25,1
8345.25,0
8345.5,1
8345.75,0
8359.25,1
8359.5,0
8360.5,1
8369.75,0
8431.75,1
8432.25,0
8432.5,1
8441.5,0
8456.25,1
8466.0,0
8481.0,1
8489.5,0
8504.75,1
8513.5,0
8526.25,1
8526.5,0
8528.25,1
8537.75,0
8540.75,1
8541.0,0
8621.75,1
8622.0,0
8623.75,1
8624.0,0
8624.5,1
8633.25,0
8634.0,1
8634.25,0
8648.5,1
8657.75,0
8672.0,1
8672.25,0
8672.75,1
8682.0,0
8683.0,1
8683.25,0
8695.0,1
8695.25,0
8696.25,1
8705.5,0
8709.5,1
8709.75,0
