#1


float Room-341B (1817,2)
0.0,0
30.75,1
31.0,0
31.75,1
32.0,0
32.5,1
32.75,0
33.0,1
37.5,0
37.75,1
41.25,0
45.5,1
45.75,0
46.25,1
46.5,0
56.5,1
63.0,0
63.25,1
64.75,0
65.0,1
65.5,0
79.0,1
79.25,0
81.0,1
89.0,0
89.25,1
90.0,0
105.0,1
108.5,0
108.75,1
113.75,0
114.0,1
114.25,0
126.0,1
126.25,0
128.5,1
132.0,0
132.25,1
134.0,0
134.5,1
137.75,0
141.5,1
141.75,0
200.25,1
200.5,0
201.0,1
207.0,0
207.25,1
209.25,0
212.5,1
212.75,0
214.0,1
214.25,0
225.5,1
233.25,0
233.5,1
233.75,0
234.0,1
234.25,0
237.5,1
237.75,0
238.0,1
238.25,0
249.25,1
252.5,0
252.75,1
257.25,0
262.0,1
262.25,0
272.75,1
280.25,0
280.5,1
281.25,0
281.5,1
281.75,0
295.0,1
295.5,0
296.0,1
296.25,0
297.0,1
297.75,0
298.0,1
299.75,0
300.0,1
301.75,0
302.0,1
305.0,0
307.25,1
307.5,0
309.75,1
310.0,0
368.25,1
369.0,0
369.5,1
377.25,0
392.5,1
392.75,0
393.0,1
393.75,0
394.0,1
401.0,0
401.25,1
402.0,0
438.0,1
438.25,0
441.25,1
443.5,0
443.75,1
449.0,0
449.25,1
449.5,0
464.75,1
465.0,0
465.25,1
473.5,0
536.25,1
536.75,0
537.0,1
539.25,0
539.5,1
544.75,0
560.5,1
560.75,0
561.0,1
564.75,0
565.0,1
569.25,0
582.5,1
583.0,0
585.25,1
593.0,0
593.25,1
593.5,0
609.25,1
616.25,0
616.5,1
617.5,0
620.25,1
620.5,0
622.75,1
623.0,0
630.75,1
631.0,0
632.75,1
641.25,0
641.5,1
641.75,0
705.0,1
707.75,0
708.0,1
713.75,0
726.25,1
726.5,0
726.75,1
727.0,0
728.75,1
729.0,0
729.25,1
733.5,0
733.75,1
737.25,0
750.0,1
750.25,0
752.75,1
757.25,0
757.5,1
761.0,0
776.5,1
785.0,0
785.25,1
785.5,0
786.25,1
786.5,0
801.25,1
802.0,0
802.25,1
809.25,0
870.5,1
870.75,0
873.25,1
880.5,0
880.75,1
881.25,0
897.5,1
900.75,0
901.0,1
903.75,0
904.0,1
905.0,0
905.25,1
905.75,0
921.0,1
923.0,0
923.25,1
926.75,0
927.0,1
928.75,0
942.25,1
942.5,0
942.75,1
943.0,0
944.75,1
953.25,0
955.0,1
955.25,0
966.5,1
966.75,0
969.5,1
977.5,0
1040.25,1
1048.5,0
1048.75,1
1049.75,0
1051.5,1
1051.75,0
1065.0,1
1068.5,0
1068.75,1
1073.25,0
1109.5,1
1109.75,0
1113.0,1
1116.0,0
1116.25,1
1117.0,0
1117.25,1
1121.25,0
1125.25,1
1125.5,0
1126.0,1
1126.25,0
1134.0,1
1134.25,0
1136.5,1
1137.25,0
1137.5,1
1145.25,0
1149.25,1
1149.5,0
1208.5,1
1208.75,0
1209.0,1
1213.75,0
1214.0,1
1216.75,0
1217.25,1
1217.75,0
1232.75,1
1242.0,0
1256.5,1
1260.25,0
1260.5,1
1263.75,0
1264.0,1
1264.25,0
1264.5,1
1265.5,0
1273.0,1
1273.25,0
1280.75,1
1283.75,0
1284.0,1
1284.5,0
1284.75,1
1289.0,0
1290.25,1
1290.5,0
1303.0,1
1303.75,0
1305.25,1
1305.75,0
1306.0,1
1313.25,0
1317.25,1
1317.5,0
1377.0,1
1384.75,0
1385.0,1
1385.25,0
1385.5,1
1386.0,0
1401.25,1
1409.75,0
1423.0,1
1423.25,0
1425.0,1
1433.0,0
1433.5,1
1433.75,0
1445.75,1
1446.0,0
1448.5,1
1452.75,0
1453.0,1
1457.25,0
1472.75,1
1473.0,0
1473.25,1
1481.5,0
1544.5,1
1544.75,0
1545.25,1
1553.0,0
1553.25,1
1553.75,0
1557.0,1
1557.25,0
1567.5,1
1567.75,0
1568.0,1
1568.5,0
1569.0,1
1570.75,0
1571.0,1
1571.75,0
1572.0,1
1577.25,0
1581.5,1
1581.75,0
1590.0,1
1590.25,0
1591.75,1
1592.0,0
1592.5,1
1593.0,0
1593.25,1
1601.75,0
1616.25,1
1620.75,0
1621.0,1
1623.25,0
1623.75,1
1624.0,0
1624.25,1
1625.5,0
1627.75,1
1628.0,0
1640.75,1
1649.75,0
1712.5,1
1714.5,0
1714.75,1
1721.5,0
1736.75,1
1742.0,0
1742.25,1
1745.5,0
1745.75,1
1746.0,0
1748.75,1
1749.0,0
1758.25,1
1758.5,0
1760.75,1
1764.25,0
1764.5,1
1769.5,0
1784.75,1
1785.25,0
1785.5,1
1788.25,0
1788.5,1
1793.25,0
1808.75,1
1817.5,0
1817.75,1
1818.0,0
1880.25,1
1880.5,0
1881.0,1
1886.25,0
1886.5,1
1889.75,0
1904.75,1
1909.25,0
1909.5,1
1912.75,0
1925.25,1
1925.5,0
1928.75,1
1937.0,0
1937.25,1
1937.5,0
1952.0,1
1953.75,0
1954.0,1
1957.0,0
1957.25,1
1961.5,0
1975.5,1
1975.75,0
1976.5,1
1977.0,0
1977.25,1
1984.5,0
1985.0,1
1985.25,0
1989.25,1
1989.5,0
2046.25,1
2046.75,0
2049.25,1
2053.25,0
2053.75,1
2056.75,0
2071.0,1
2071.25,0
2072.5,1
2072.75,0
2073.0,1
2081.75,0
2096.5,1
2105.25,0
2119.25,1
2119.5,0
2120.75,1
2121.0,0
2121.25,1
2127.0,0
2127.25,1
2128.5,0
2128.75,1
2129.25,0
2134.5,1
2134.75,0
2144.25,1
2146.75,0
2147.0,1
2148.25,0
2148.5,1
2153.5,0
2157.5,1
2157.75,0
2217.25,1
2225.25,0
2225.5,1
2225.75,0
2238.0,1
2238.25,0
2240.25,1
2240.5,0
2241.0,1
2249.75,0
2253.5,1
2253.75,0
2264.0,1
2265.0,0
2265.5,1
2269.0,0
2269.25,1
2273.5,0
2286.5,1
2286.75,0
2288.5,1
2288.75,0
2289.5,1
2290.75,0
2291.0,1
2297.5,0
2301.0,1
2301.25,0
2301.5,1
2301.75,0
2313.0,1
2313.5,0
2313.75,1
2321.0,0
2384.25,1
2387.0,0
2387.25,1
2393.0,0
2393.25,1
2393.5,0
2406.25,1
2406.5,0
2408.0,1
2416.75,0
2417.0,1
2417.5,0
2421.5,1
2421.75,0
2432.5,1
2432.75,0
2433.5,1
2437.25,0
2437.5,1
2440.75,0
2456.75,1
2457.0,0
2457.25,1
2457.5,0
2457.75,1
2465.25,0
2471.0,1
2471.25,0
2481.25,1
2489.25,0
2492.75,1
2493.0,0
2552.75,1
2553.75,0
2554.0,1
2558.5,0
2558.75,1
2560.5,0
2561.0,1
2561.25,0
2576.5,1
2578.0,0
2578.25,1
2583.0,0
2583.25,1
2585.25,0
2585.5,1
2585.75,0
2601.0,1
2604.25,0
2604.5,1
2609.75,0
2612.0,1
2612.25,0
2621.75,1
2622.0,0
2623.0,1
2623.25,0
2624.5,1
2624.75,0
2625.25,1
2626.75,0
2627.0,1
2629.25,0
2629.5,1
2632.25,0
2632.5,1
2633.5,0
2648.25,1
2654.5,0
2654.75,1
2657.75,0
2661.5,1
2661.75,0
2718.25,1
2718.5,0
2720.5,1
2721.0,0
2721.25,1
2721.75,0
2722.0,1
2727.75,0
2728.0,1
2728.5,0
2728.75,1
2729.5,0
2743.75,1
2744.0,0
2744.5,1
2753.5,0
2768.0,1
2768.5,0
2769.0,1
2777.0,0
2780.75,1
2781.0,0
2789.5,1
2789.75,0
2793.5,1
2793.75,0
2794.0,1
2796.75,0
2797.0,1
2801.0,0
2801.25,1
2801.5,0
2804.75,1
2805.0,0
2816.25,1
2816.5,0
2817.25,1
2825.25,0
2829.75,1
2830.0,0
2889.0,1
2892.5,0
2892.75,1
2893.0,0
2893.25,1
2897.75,0
2900.0,1
2900.25,0
2912.5,1
2921.0,0
2921.25,1
2921.75,0
2925.25,1
2925.5,0
2936.75,1
2940.25,0
2940.5,1
2940.75,0
2941.0,1
2942.25,0
2942.5,1
2945.0,0
2945.5,1
2945.75,0
2960.5,1
2969.25,0
2984.5,1
2989.5,0
2990.0,1
2993.25,0
2998.75,1
2999.0,0
3055.75,1
3056.0,0
3056.75,1
3061.0,0
3061.25,1
3065.0,0
3070.5,1
3070.75,0
3080.5,1
3080.75,0
3081.5,1
3089.0,0
3090.25,1
3090.5,0
3103.0,1
3103.25,0
3103.5,1
3103.75,0
3104.75,1
3113.25,0
3128.5,1
3137.25,0
3140.25,1
3140.5,0
3150.5,1
3150.75,0
3152.75,1
3155.75,0
3156.0,1
3156.75,0
3157.0,1
3161.0,0
3161.25,1
3161.5,0
3223.75,1
3224.0,0
3224.75,1
3225.0,0
3225.5,1
3225.75,0
3226.0,1
3233.25,0
3245.75,1
3246.0,0
3249.0,1
3257.0,0
3257.25,1
3257.5,0
3272.25,1
3272.5,0
3273.5,1
3280.75,0
3281.0,1
3281.75,0
3297.25,1
3301.5,0
3301.75,1
3305.0,0
3309.0,1
3309.25,0
3320.5,1
3320.75,0
3321.0,1
3326.75,0
3327.0,1
3328.5,0
3328.75,1
3329.25,0
3332.25,1
3332.5,0
3393.0,1
3401.25,0
3415.5,1
3416.0,0
3416.25,1
3417.0,0
3417.25,1
3425.25,0
3428.75,1
3429.0,0
3437.5,1
3437.75,0
3440.5,1
3449.0,0
3449.25,1
3449.5,0
3463.25,1
3463.5,0
3465.0,1
3472.5,0
3472.75,1
3473.25,0
3486.25,1
3486.5,0
3488.5,1
3489.75,0
3490.0,1
3494.75,0
3495.0,1
3495.75,0
3496.0,1
3497.5,0
3497.75,1
3498.0,0
3501.0,1
3501.25,0
3560.25,1
3562.0,0
3562.25,1
3569.75,0
3606.75,1
3607.0,0
3608.5,1
3608.75,0
3609.0,1
3609.5,0
3609.75,1
3612.5,0
3612.75,1
3616.5,0
3617.0,1
3617.25,0
3633.0,1
3635.5,0
3635.75,1
3641.25,0
3657.25,1
3665.25,0
3669.0,1
3669.25,0
3729.5,1
3737.5,0
3740.25,1
3740.5,0
3752.75,1
3756.75,0
3757.0,1
3761.5,0
3765.0,1
3765.25,0
3776.75,1
3783.5,0
3783.75,1
3785.25,0
3801.0,1
3809.0,0
3824.75,1
3828.25,0
3828.5,1
3830.25,0
3830.5,1
3833.0,0
3833.5,1
3833.75,0
3895.75,1
3896.5,0
3897.0,1
3904.75,0
3905.0,1
3905.5,0
3909.75,1
3910.0,0
3920.75,1
3924.5,0
3924.75,1
3929.5,0
3932.0,1
3932.25,0
3944.25,1
3944.5,0
3945.25,1
3953.5,0
3957.25,1
3957.5,0
3968.75,1
3969.0,0
3969.25,1
3970.0,0
3970.25,1
3971.75,0
3972.0,1
3976.0,0
3976.25,1
3977.0,0
3993.0,1
3996.25,0
3996.5,1
4001.5,0
4062.5,1
4062.75,0
4064.5,1
4073.25,0
4073.5,1
4073.75,0
4089.0,1
4089.5,0
4089.75,1
4090.75,0
4091.0,1
4092.5,0
4092.75,1
4096.75,0
4097.0,1
4097.25,0
4097.5,1
4098.0,0
4100.0,1
4100.25,0
4110.75,1
4111.25,0
4112.5,1
4112.75,0
4113.5,1
4119.5,0
4119.75,1
4121.25,0
4122.0,1
4122.25,0
4136.25,1
4136.5,0
4137.25,1
4140.75,0
4141.0,1
4145.0,0
4145.25,1
4145.5,0
4149.25,1
4149.5,0
4160.25,1
4160.5,0
4161.25,1
4169.0,0
4172.25,1
4172.5,0
4230.75,1
4231.0,0
4232.5,1
4240.5,0
4240.75,1
4241.5,0
4244.25,1
4244.5,0
4256.25,1
4256.5,0
4257.0,1
4261.0,0
4261.25,1
4263.5,0
4263.75,1
4265.25,0
4265.5,1
4265.75,0
4278.75,1
4279.0,0
4280.5,1
4289.5,0
4292.5,1
4292.75,0
4303.5,1
4303.75,0
4305.0,1
4305.25,0
4305.5,1
4305.75,0
4306.0,1
4306.25,0
4306.5,1
4309.0,0
4309.25,1
4314.0,0
4329.25,1
4332.25,0
4332.5,1
4337.0,0
4337.25,1
4337.75,0
4400.75,1
4410.0,0
4447.75,1
4448.0,0
4448.5,1
4453.75,0
4454.0,1
4454.25,0
4454.5,1
4456.5,0
4456.75,1
4457.25,0
4457.5,1
4458.0,0
4460.25,1
4460.5,0
4471.5,1
4471.75,0
4473.0,1
4479.5,0
4479.75,1
4481.75,0
4496.25,1
4496.75,0
4497.0,1
4505.5,0
4566.0,1
4566.25,0
4568.75,1
4572.75,0
4573.0,1
4577.25,0
4579.75,1
4580.0,0
4591.0,1
4591.25,0
4591.75,1
4592.0,0
4592.75,1
4593.25,0
4593.5,1
4597.5,0
4598.0,1
4601.5,0
4604.5,1
4604.75,0
4613.5,1
4613.75,0
4616.0,1
4616.25,0
4617.25,1
4618.0,0
4618.5,1
4624.75,0
4625.75,1
4626.0,0
4639.0,1
4639.25,0
4640.25,1
4643.5,0
4643.75,1
4649.0,0
4651.75,1
4652.0,0
4662.5,1
4662.75,0
4664.25,1
4664.5,0
4664.75,1
4665.75,0
4666.25,1
4672.75,0
4673.0,1
4673.25,0
4735.75,1
4736.0,0
4736.75,1
4740.0,0
4740.25,1
4745.25,0
4749.5,1
4749.75,0
4761.0,1
4768.75,0
4769.5,1
4769.75,0
4784.25,1
4784.5,0
4784.75,1
4793.75,0
4795.75,1
4796.25,0
4808.25,1
4808.5,0
4808.75,1
4817.5,0
4832.5,1
4841.25,0
4841.5,1
4841.75,0
4904.75,1
4910.75,0
4911.25,1
4912.5,0
4912.75,1
4913.25,0
4913.75,1
4914.0,0
4926.75,1
4927.0,0
4928.75,1
4935.5,0
4935.75,1
4936.75,0
4937.0,1
4938.0,0
4940.0,1
4940.25,0
4951.0,1
4951.25,0
4952.75,1
4956.75,0
4957.0,1
4960.25,0
4960.5,1
4961.5,0
4962.5,1
4962.75,0
4976.25,1
4979.5,0
4979.75,1
4985.25,0
4989.25,1
4989.5,0
4998.0,1
4998.25,0
5000.75,1
5004.25,0
5004.5,1
5009.0,0
5009.25,1
5010.0,0
5071.25,1
5071.5,0
5072.75,1
5077.5,0
5077.75,1
5081.5,0
5094.75,1
5095.0,0
5095.75,1
5096.0,0
5096.25,1
5099.5,0
5099.75,1
5105.25,0
5118.75,1
5119.0,0
5120.75,1
5129.5,0
5145.0,1
5145.5,0
5145.75,1
5148.25,0
5148.5,1
5148.75,0
5149.25,1
5153.0,0
5153.5,1
5154.0,0
5168.75,1
5172.0,0
5172.5,1
5176.25,0
5176.5,1
5176.75,0
5177.0,1
5177.25,0
5238.25,1
5238.5,0
5240.5,1
5241.0,0
5241.25,1
5242.25,0
5242.5,1
5244.5,0
5244.75,1
5246.75,0
5247.0,1
5249.25,0
5264.0,1
5264.25,0
5265.25,1
5267.0,0
5267.25,1
5272.5,0
5272.75,1
5273.0,0
5273.25,1
5273.5,0
5286.75,1
5287.0,0
5287.75,1
5288.0,0
5288.75,1
5289.25,0
5289.5,1
5297.0,0
5297.75,1
5298.0,0
5300.5,1
5300.75,0
5311.75,1
5312.0,0
5312.25,1
5312.5,0
5312.75,1
5321.5,0
5336.25,1
5336.5,0
5337.0,1
5340.25,0
5340.5,1
5345.5,0
5408.25,1
5409.0,0
5409.25,1
5410.0,0
5410.25,1
5414.25,0
5414.5,1
5417.25,0
5420.75,1
5421.0,0
5433.0,1
5441.25,0
5454.25,1
5454.5,0
5456.5,1
5457.25,0
5457.5,1
5463.5,0
5463.75,1
5465.25,0
5466.0,1
5466.5,0
5478.25,1
5478.5,0
5480.75,1
5488.75,0
5489.0,1
5489.5,0
5489.75,1
5490.0,0
5504.5,1
5504.75,0
5505.0,1
5513.25,0
5513.75,1
5514.0,0
5576.5,1
5576.75,0
5577.0,1
5585.0,0
5588.5,1
5588.75,0
5600.25,1
5601.0,0
5601.5,1
5609.0,0
5609.25,1
5609.5,0
5623.25,1
5623.5,0
5624.0,1
5624.25,0
5624.5,1
5625.25,0
5625.5,1
5633.25,0
5633.5,1
5633.75,0
5635.75,1
5636.0,0
5637.0,1
5637.25,0
5649.25,1
5653.25,0
5653.5,1
5657.5,0
5673.25,1
5673.5,0
5673.75,1
5681.5,0
5681.75,1
5682.0,0
5743.5,1
5743.75,0
5744.0,1
5744.25,0
5744.5,1
5745.0,0
5745.25,1
5748.0,0
5748.25,1
5753.0,0
5753.25,1
5753.5,0
5768.5,1
5776.5,0
5776.75,1
5777.25,0
5790.75,1
5791.0,0
5791.75,1
5792.0,0
5793.25,1
5801.5,0
5815.25,1
5815.5,0
5817.25,1
5822.0,0
5822.25,1
5825.75,0
5829.25,1
5829.5,0
5836.75,1
5837.0,0
5841.25,1
5846.0,0
5846.25,1
5850.0,0
5905.5,1
5905.75,0
5912.5,1
5918.75,0
5919.0,1
5920.5,0
5920.75,1
5921.5,0
5924.25,1
5924.75,0
5925.0,1
5925.25,0
5957.0,1
5957.25,0
5960.75,1
5968.75,0
5969.25,1
5969.5,0
5974.0,1
5974.25,0
5984.5,1
5990.25,0
5990.5,1
5992.25,0
5992.5,1
5993.5,0
6006.25,1
6006.5,0
6009.25,1
6012.75,0
6013.0,1
6017.25,0
6020.5,1
6020.75,0
6081.25,1
6088.75,0
6103.25,1
6103.5,0
6104.75,1
6105.0,0
6105.25,1
6106.75,0
6107.0,1
6113.75,0
6128.5,1
6134.75,0
6135.0,1
6138.0,0
6140.5,1
6140.75,0
6152.75,1
6153.0,0
6153.5,1
6161.25,0
6176.75,1
6185.0,0
6186.0,1
6186.25,0
6246.0,1
6246.25,0
6248.75,1
6252.25,0
6252.5,1
6257.0,0
6260.25,1
6260.5,0
6261.25,1
6261.5,0
6272.75,1
6273.25,0
6273.5,1
6274.75,0
6275.0,1
6281.0,0
6281.25,1
6281.5,0
6286.0,1
6286.25,0
6296.75,1
6297.0,0
6297.25,1
6304.75,0
6308.5,1
6308.75,0
6320.75,1
6323.5,0
6323.75,1
6329.25,0
6344.5,1
6352.75,0
6353.0,1
6353.25,0
6414.25,1
6414.5,0
6417.0,1
6423.75,0
6424.25,1
6425.25,0
6441.0,1
6449.5,0
6464.0,1
6464.25,0
6464.75,1
6468.25,0
6468.5,1
6473.0,0
6478.0,1
6478.25,0
6486.25,1
6486.5,0
6487.0,1
6487.25,0
6488.75,1
6489.0,0
6489.25,1
6491.75,0
6492.0,1
6497.25,0
6500.5,1
6500.75,0
6510.0,1
6510.25,0
6512.75,1
6521.75,0
6525.25,1
6525.5,0
6525.75,1
6526.0,0
6585.0,1
6593.0,0
6593.25,1
6593.5,0
6596.25,1
6596.5,0
6609.25,1
6616.75,0
6617.0,1
6617.5,0
6631.75,1
6635.5,0
6635.75,1
6641.5,0
6645.0,1
6645.25,0
6656.25,1
6656.75,0
6657.0,1
6665.5,0
6671.25,1
6671.5,0
6681.0,1
6681.75,0
6682.0,1
6683.0,0
6683.25,1
6689.75,0
6752.75,1
6761.5,0
6765.25,1
6765.5,0
6766.0,1
6766.5,0
6800.75,1
6804.75,0
6805.0,1
6806.5,0
6806.75,1
6807.0,0
6807.25,1
6809.75,0
6824.5,1
6825.75,0
6826.0,1
6827.75,0
6828.25,1
6833.25,0
6848.0,1
6848.5,0
6849.25,1
6851.5,0
6851.75,1
6854.25,0
6854.5,1
6856.75,0
6857.0,1
6857.25,0
6919.5,1
6919.75,0
6920.5,1
6920.75,0
6921.25,1
6928.5,0
6928.75,1
6929.5,0
6933.5,1
6933.75,0
6941.75,1
6942.0,0
6942.5,1
6942.75,0
6945.0,1
6946.75,0
6947.0,1
6949.0,0
6949.25,1
6949.5,0
6949.75,1
6950.0,0
6950.25,1
6950.5,0
6950.75,1
6952.0,0
6952.25,1
6953.25,0
6957.0,1
6957.25,0
6958.0,1
6958.25,0
6970.0,1
6971.75,0
6972.0,1
6977.25,0
6992.0,1
6992.25,0
6993.5,1
7001.75,0
7016.75,1
7018.75,0
7019.0,1
7020.0,0
7020.25,1
7020.75,0
7021.0,1
7026.25,0
7030.0,1
7030.25,0
7089.5,1
7091.5,0
7091.75,1
7097.5,0
7113.0,1
7113.75,0
7114.0,1
7117.0,0
7117.25,1
7121.5,0
7121.75,1
7122.0,0
7136.75,1
7137.0,0
7137.5,1
7145.75,0
7148.0,1
7148.25,0
7161.5,1
7169.75,0
7184.25,1
7184.5,0
7185.0,1
7189.75,0
7190.0,1
7191.75,0
7192.0,1
7192.75,0
7193.25,1
7193.5,0
7194.25,1
7194.5,0
7256.0,1
7256.25,0
7257.0,1
7258.5,0
7258.75,1
7265.25,0
7279.0,1
7279.25,0
7281.0,1
7281.25,0
7281.5,1
7287.0,0
7287.25,1
7288.75,0
7289.25,1
7289.5,0
7304.75,1
7307.75,0
7308.0,1
7312.25,0
7312.5,1
7313.25,0
7317.25,1
7317.75,0
7328.25,1
7328.5,0
7329.0,1
7335.0,0
7335.25,1
7336.75,0
7337.25,1
7337.5,0
7339.25,1
7339.5,0
7341.0,1
7341.25,0
7350.0,1
7350.25,0
7352.5,1
7358.5,0
7358.75,1
7361.25,0
7422.5,1
7422.75,0
7424.25,1
7424.5,0
7425.0,1
7433.0,0
7434.0,1
7434.25,0
7448.25,1
7449.0,0
7449.25,1
7457.0,0
7457.75,1
7458.0,0
7461.25,1
7461.5,0
7471.0,1
7471.25,0
7472.75,1
7481.25,0
7481.75,1
7482.0,0
7494.25,1
7494.5,0
7497.0,1
7505.75,0
7519.5,1
7519.75,0
7520.25,1
7521.0,0
7521.25,1
7527.0,0
7527.25,1
7529.0,0
7529.75,1
7530.0,0
7591.5,1
7591.75,0
7592.5,1
7596.5,0
7596.75,1
7600.75,0
7616.75,1
7617.0,0
7617.25,1
7625.0,0
7633.5,1
7633.75,0
7634.0,1
7634.25,0
7641.5,1
7641.75,0
7642.0,1
7643.0,0
7643.5,1
7649.75,0
7650.5,1
7650.75,0
7653.75,1
7654.0,0
7664.5,1
7664.75,0
7665.25,1
7668.0,0
7668.25,1
7673.25,0
7676.25,1
7676.5,0
7688.75,1
7691.5,0
7691.75,1
7693.25,0
7693.5,1
7697.5,0
7760.5,1
7769.0,0
7769.25,1
7769.5,0
7772.75,1
7773.0,0
7785.5,1
7786.5,0
7787.0,1
7793.0,0
7793.5,1
7793.75,0
7797.75,1
7798.0,0
7808.5,1
7817.5,0
7821.0,1
7821.25,0
7822.0,1
7822.25,0
7830.75,1
7831.0,0
7832.25,1
7832.5,0
7832.75,1
7841.25,0
7844.75,1
7845.0,0
7928.5,1
7928.75,0
7929.25,1
7932.25,0
7932.5,1
7937.75,0
7941.0,1
7941.25,0
7942.5,1
7942.75,0
7950.75,1
7951.0,0
7952.5,1
7952.75,0
7953.0,1
7960.75,0
7961.0,1
7961.5,0
7976.5,1
7978.75,0
7979.0,1
7985.25,0
7985.5,1
7985.75,0
8000.0,1
8000.25,0
8000.75,1
8001.25,0
8001.5,1
8009.5,0
8024.5,1
8033.5,0
8034.25,1
8034.5,0
8035.5,1
8035.75,0
8095.75,1
8096.0,0
8096.75,1
8098.5,0
8098.75,1
8099.75,0
8100.0,1
8102.25,0
8102.5,1
8105.25,0
8119.0,1
8119.25,0
8120.75,1
8129.25,0
8129.75,1
8130.0,0
8144.75,1
8151.25,0
8151.75,1
8152.75,0
8153.0,1
8153.5,0
8168.0,1
8169.0,0
8169.5,1
8177.5,0
8181.25,1
8181.5,0
8192.75,1
8201.25,0
8260.75,1
8261.0,0
8264.5,1
8264.75,0
8265.0,1
8267.75,0
8268.0,1
8273.0,0
8273.25,1
8273.5,0
8289.5,1
8296.0,0
8296.25,1
8297.25,0
8299.5,1
8299.75,0
8313.0,1
8316.0,0
8316.25,1
8321.25,0
8321.5,1
8321.75,0
8334.0,1
8334.25,0
8336.0,1
8336.5,0
8337.0,1
8340.0,0
8340.25,1
8345.25,0
8358.75,1
8359.0,0
8361.25,1
8369.25,0
8372.75,1
8373.0,0
8374.0,1
8374.25,0
8430.25,1
8430.5,0
8432.75,1
8433.0,0
8433.25,1
8433.5,0
8434.0,1
8435.0,0
8435.25,1
8438.0,0
8438.25,1
8441.0,0
8441.5,1
8441.75,0
8445.75,1
8446.0,0
8456.75,1
8462.75,0
8463.0,1
8464.75,0
8465.0,1
8465.25,0
8470.75,1
8471.0,0
8480.25,1
8480.5,0
8480.75,1
8488.5,0
8489.0,1
8489.25,0
8489.75,1
8490.0,0
8504.5,1
8504.75,0
8505.0,1
8505.5,0
8506.0,1
8506.75,0
8507.5,1
8509.5,0
8509.75,1
8513.75,0
8525.5,1
8525.75,0
8527.75,1
8529.75,0
8530.0,1
8532.25,0
8532.5,1
8536.5,0
8536.75,1
8537.25,0
8622.25,1
8622.5,0
8625.0,1
8625.25,0
8625.5,1
8632.5,0
8632.75,1
8633.25,0
8648.75,1
8649.0,0
8649.5,1
8657.25,0
8660.5,1
8660.75,0
8672.5,1
8673.75,0
8674.0,1
8681.25,0
8685.25,1
8685.5,0
8695.75,1
8696.0,0
8697.25,1
8699.75,0
8700.0,1
8705.25,0
8708.25,1
8708.5,0
