#1


float Room-337 (4313,2)
0.0,0
32.5,1
35.25,0
35.75,1
36.5,0
36.75,1
37.75,0
38.0,1
40.5,0
40.75,1
41.0,0
45.75,1
46.0,0
54.75,1
55.0,0
57.5,1
57.75,0
58.0,1
58.5,0
58.75,1
59.75,0
60.0,1
61.0,0
61.25,1
61.5,0
61.75,1
62.25,0
62.5,1
63.0,0
63.25,1
64.25,0
64.5,1
65.0,0
79.0,1
79.25,0
81.5,1
82.75,0
83.0,1
83.5,0
83.75,1
84.5,0
84.75,1
85.5,0
86.25,1
86.5,0
86.75,1
87.25,0
87.5,1
88.75,0
89.0,1
89.25,0
89.5,1
89.75,0
94.25,1
94.5,0
102.75,1
103.0,0
105.0,1
105.75,0
106.0,1
106.25,0
106.5,1
108.5,0
108.75,1
109.75,0
110.0,1
113.0,0
113.25,1
113.5,0
114.0,1
114.25,0
116.25,1
116.5,0
128.5,1
129.0,0
129.25,1
130.5,0
130.75,1
131.25,0
131.5,1
133.25,0
133.5,1
137.25,0
140.75,1
141.0,0
142.0,1
142.25,0
199.25,1
199.5,0
201.25,1
201.5,0
202.0,1
202.25,0
202.5,1
203.0,0
203.25,1
205.0,0
205.25,1
205.75,0
206.0,1
206.25,0
206.5,1
206.75,0
207.0,1
208.0,0
208.25,1
209.0,0
209.25,1
209.5,0
213.0,1
213.25,0
214.0,1
214.25,0
220.75,1
221.0,0
222.5,1
222.75,0
224.5,1
225.75,0
226.0,1
226.25,0
226.5,1
227.0,0
227.25,1
227.5,0
227.75,1
228.0,0
228.25,1
228.75,0
229.0,1
230.25,0
230.5,1
231.75,0
232.0,1
233.5,0
246.5,1
246.75,0
247.75,1
248.25,0
248.5,1
249.0,0
249.25,1
251.0,0
251.25,1
251.5,0
251.75,1
252.0,0
252.5,1
254.5,0
255.0,1
256.0,0
256.25,1
257.5,0
273.0,1
273.5,0
273.75,1
276.0,0
276.5,1
279.0,0
279.25,1
279.75,0
280.0,1
280.25,0
280.75,1
281.5,0
287.25,1
287.5,0
288.25,1
289.0,0
295.5,1
295.75,0
297.5,1
298.25,0
298.5,1
300.5,0
300.75,1
301.5,0
301.75,1
302.75,0
303.0,1
303.25,0
303.5,1
305.25,0
309.5,1
309.75,0
369.0,1
372.0,0
372.25,1
372.5,0
372.75,1
373.0,0
373.25,1
376.0,0
376.5,1
377.0,0
377.5,1
377.75,0
379.75,1
380.0,0
389.75,1
390.0,0
392.75,1
393.0,0
393.5,1
393.75,0
394.0,1
394.25,0
394.75,1
395.0,0
395.25,1
396.75,0
397.0,1
397.5,0
397.75,1
399.0,0
399.25,1
401.0,0
405.0,1
405.25,0
406.5,1
406.75,0
439.25,1
439.5,0
441.25,1
441.5,0
441.75,1
442.75,0
443.25,1
444.0,0
444.25,1
444.5,0
444.75,1
446.0,0
446.25,1
448.75,0
449.0,1
449.25,0
461.25,1
461.5,0
463.25,1
463.5,0
464.75,1
465.25,0
465.5,1
467.75,0
468.25,1
469.5,0
469.75,1
471.0,0
471.25,1
471.5,0
471.75,1
473.0,0
535.25,1
535.5,0
537.0,1
538.0,0
538.5,1
542.0,0
542.5,1
544.0,0
544.25,1
544.5,0
544.75,1
545.25,0
558.25,1
558.5,0
560.75,1
561.25,0
562.25,1
562.5,0
563.0,1
563.25,0
563.5,1
564.0,0
565.0,1
565.25,0
565.5,1
566.75,0
567.0,1
567.75,0
568.25,1
569.0,0
569.5,1
569.75,0
585.25,1
585.5,0
585.75,1
588.0,0
588.25,1
590.25,0
590.75,1
593.0,0
597.0,1
597.25,0
608.5,1
608.75,0
609.0,1
609.25,0
609.75,1
610.75,0
611.75,1
612.0,0
612.5,1
613.5,0
613.75,1
616.75,0
617.25,1
617.75,0
618.0,1
618.25,0
619.75,1
620.0,0
620.75,1
621.0,0
631.0,1
631.5,0
632.5,1
632.75,0
633.25,1
635.25,0
635.75,1
636.5,0
636.75,1
639.25,0
639.5,1
639.75,0
640.0,1
640.75,0
705.0,1
705.25,0
705.5,1
707.25,0
707.5,1
707.75,0
708.0,1
708.75,0
709.0,1
710.25,0
710.75,1
713.25,0
713.5,1
713.75,0
726.5,1
726.75,0
727.75,1
728.0,0
728.5,1
729.0,0
729.25,1
729.75,0
730.25,1
731.0,0
731.25,1
731.75,0
732.25,1
733.0,0
733.25,1
734.0,0
734.25,1
734.5,0
735.25,1
735.5,0
735.75,1
736.0,0
736.25,1
736.75,0
737.0,1
737.25,0
741.25,1
741.5,0
752.25,1
752.5,0
752.75,1
753.25,0
753.5,1
754.25,0
754.5,1
755.75,0
757.0,1
758.25,0
758.5,1
761.0,0
773.75,1
774.0,0
775.75,1
776.75,0
777.25,1
778.0,0
778.25,1
778.75,0
779.0,1
779.5,0
779.75,1
783.25,0
783.5,1
783.75,0
784.0,1
784.25,0
784.5,1
785.25,0
789.25,1
789.5,0
798.75,1
799.0,0
800.25,1
800.5,0
801.0,1
801.75,0
802.0,1
802.25,0
802.5,1
803.0,0
803.5,1
803.75,0
804.0,1
804.25,0
804.5,1
805.25,0
805.5,1
806.5,0
806.75,1
807.25,0
807.5,1
808.75,0
809.0,1
809.25,0
809.5,1
809.75,0
872.0,1
872.25,0
873.25,1
875.0,0
875.25,1
877.25,0
877.5,1
878.25,0
878.5,1
880.0,0
880.25,1
881.0,0
883.75,1
884.0,0
894.0,1
894.25,0
896.75,1
897.0,0
897.5,1
898.5,0
898.75,1
899.75,0
900.25,1
900.75,0
901.0,1
901.5,0
901.75,1
902.25,0
903.25,1
903.75,0
904.0,1
905.0,0
919.0,1
919.25,0
919.75,1
920.0,0
920.5,1
925.0,0
925.25,1
925.75,0
926.0,1
926.5,0
926.75,1
927.5,0
927.75,1
928.0,0
928.25,1
928.75,0
929.25,1
929.5,0
932.75,1
933.0,0
941.25,1
941.5,0
941.75,1
942.0,0
945.0,1
945.25,0
945.5,1
949.5,0
949.75,1
952.5,0
952.75,1
953.0,0
966.5,1
966.75,0
967.0,1
967.25,0
969.0,1
969.25,0
969.5,1
970.75,0
971.75,1
972.25,0
973.0,1
973.25,0
973.5,1
974.0,0
974.5,1
976.0,0
976.25,1
977.0,0
980.0,1
980.25,0
981.25,1
981.5,0
1041.0,1
1041.25,0
1041.5,1
1041.75,0
1042.0,1
1045.25,0
1045.5,1
1046.0,0
1046.25,1
1047.5,0
1047.75,1
1048.25,0
1048.5,1
1048.75,0
1049.0,1
1049.25,0
1052.0,1
1052.25,0
1052.5,1
1052.75,0
1063.25,1
1063.5,0
1064.5,1
1064.75,0
1065.0,1
1065.75,0
1066.0,1
1066.25,0
1066.5,1
1068.5,0
1069.0,1
1072.25,0
1072.5,1
1073.0,0
1073.5,1
1073.75,0
1110.5,1
1110.75,0
1112.0,1
1112.25,0
1113.0,1
1114.0,0
1114.5,1
1114.75,0
1115.0,1
1115.5,0
1115.75,1
1119.0,0
1119.25,1
1119.5,0
1120.0,1
1120.25,0
1120.5,1
1121.0,0
1134.0,1
1134.25,0
1136.25,1
1136.5,0
1137.25,1
1138.0,0
1138.25,1
1138.75,0
1139.0,1
1140.5,0
1140.75,1
1141.0,0
1141.25,1
1141.5,0
1141.75,1
1142.25,0
1142.5,1
1143.5,0
1143.75,1
1144.75,0
1145.5,1
1145.75,0
1205.25,1
1205.5,0
1208.75,1
1209.25,0
1209.5,1
1213.0,0
1214.25,1
1214.75,0
1215.0,1
1216.25,0
1216.5,1
1217.0,0
1217.5,1
1217.75,0
1220.5,1
1221.0,0
1230.25,1
1230.5,0
1231.5,1
1231.75,0
1233.0,1
1233.25,0
1233.5,1
1234.75,0
1235.25,1
1236.75,0
1237.0,1
1238.0,0
1238.25,1
1238.5,0
1238.75,1
1239.25,0
1239.5,1
1240.75,0
1241.0,1
1241.25,0
1254.5,1
1254.75,0
1255.25,1
1255.5,0
1256.25,1
1256.5,0
1256.75,1
1257.5,0
1257.75,1
1258.25,0
1258.5,1
1260.25,0
1260.5,1
1262.75,0
1263.25,1
1265.25,0
1265.5,1
1265.75,0
1268.75,1
1269.0,0
1270.25,1
1270.75,0
1274.0,1
1274.25,0
1277.0,1
1277.25,0
1278.0,1
1278.25,0
1279.0,1
1279.25,0
1281.0,1
1283.0,0
1283.25,1
1283.75,0
1284.0,1
1285.75,0
1286.5,1
1288.25,0
1288.5,1
1289.0,0
1293.5,1
1293.75,0
1302.75,1
1303.0,0
1303.75,1
1304.25,0
1305.75,1
1306.25,0
1306.5,1
1308.75,0
1309.0,1
1310.25,0
1310.5,1
1311.25,0
1312.25,1
1313.0,0
1374.0,1
1374.25,0
1377.0,1
1379.25,0
1379.5,1
1379.75,0
1380.0,1
1380.25,0
1380.5,1
1381.25,0
1381.5,1
1382.5,0
1382.75,1
1383.0,0
1383.25,1
1384.5,0
1385.0,1
1385.25,0
1399.5,1
1400.0,0
1400.75,1
1401.0,0
1401.25,1
1403.75,0
1404.5,1
1405.25,0
1405.5,1
1407.0,0
1407.25,1
1407.5,0
1407.75,1
1409.0,0
1413.5,1
1413.75,0
1422.75,1
1423.0,0
1425.0,1
1428.0,0
1428.25,1
1429.0,0
1429.25,1
1430.25,0
1431.0,1
1431.5,0
1431.75,1
1432.0,0
1432.25,1
1433.0,0
1437.5,1
1437.75,0
1446.5,1
1446.75,0
1448.75,1
1449.0,0
1449.25,1
1449.75,0
1450.0,1
1451.5,0
1451.75,1
1453.25,0
1453.5,1
1454.5,0
1454.75,1
1455.25,0
1455.5,1
1455.75,0
1456.0,1
1456.75,0
1460.75,1
1461.0,0
1461.25,1
1461.5,0
1470.0,1
1470.5,0
1472.25,1
1472.5,0
1473.0,1
1473.25,0
1473.75,1
1474.0,0
1474.25,1
1475.5,0
1475.75,1
1476.5,0
1476.75,1
1477.0,0
1477.75,1
1478.25,0
1478.5,1
1481.25,0
1544.0,1
1544.25,0
1544.5,1
1544.75,0
1545.25,1
1545.75,0
1546.0,1
1547.5,0
1548.0,1
1548.5,0
1548.75,1
1549.0,0
1549.25,1
1550.25,0
1550.5,1
1552.25,0
1552.5,1
1553.0,0
1556.0,1
1556.5,0
1559.0,1
1559.25,0
1566.25,1
1566.5,0
1566.75,1
1567.0,0
1569.0,1
1571.5,0
1571.75,1
1573.25,0
1573.5,1
1575.0,0
1575.25,1
1575.75,0
1576.0,1
1576.25,0
1576.75,1
1577.0,0
1581.0,1
1581.25,0
1590.5,1
1590.75,0
1593.5,1
1593.75,0
1594.0,1
1596.0,0
1596.25,1
1596.75,0
1597.0,1
1597.5,0
1597.75,1
1598.5,0
1599.0,1
1601.0,0
1601.5,1
1601.75,0
1603.5,1
1603.75,0
1614.25,1
1614.5,0
1617.0,1
1618.5,0
1618.75,1
1619.0,0
1619.25,1
1621.25,0
1621.5,1
1621.75,0
1622.0,1
1624.0,0
1624.25,1
1625.25,0
1637.75,1
1638.0,0
1639.25,1
1639.5,0
1640.0,1
1640.25,0
1640.5,1
1640.75,0
1641.25,1
1641.75,0
1642.0,1
1643.5,0
1643.75,1
1644.0,0
1644.25,1
1646.25,0
1646.5,1
1647.75,0
1648.0,1
1648.75,0
1713.0,1
1713.5,0
1713.75,1
1714.0,0
1714.25,1
1716.5,0
1716.75,1
1717.5,0
1717.75,1
1720.0,0
1720.5,1
1720.75,0
1721.0,1
1721.5,0
1723.5,1
1723.75,0
1737.0,1
1737.25,0
1737.5,1
1738.0,0
1738.25,1
1738.75,0
1739.0,1
1740.25,0
1740.75,1
1742.0,0
1742.25,1
1743.25,0
1743.75,1
1744.75,0
1745.5,1
1745.75,0
1748.75,1
1749.25,0
1760.5,1
1761.5,0
1761.75,1
1764.0,0
1764.25,1
1765.0,0
1765.25,1
1765.5,0
1765.75,1
1769.25,0
1782.5,1
1782.75,0
1783.5,1
1783.75,0
1785.0,1
1785.5,0
1785.75,1
1786.5,0
1786.75,1
1790.0,0
1790.25,1
1790.5,0
1790.75,1
1791.5,0
1791.75,1
1792.25,0
1792.5,1
1792.75,0
1793.0,1
1793.25,0
1806.25,1
1806.5,0
1806.75,1
1807.25,0
1808.75,1
1809.75,0
1810.0,1
1812.25,0
1812.5,1
1812.75,0
1813.0,1
1813.25,0
1813.5,1
1814.5,0
1814.75,1
1815.0,0
1815.25,1
1817.25,0
1822.25,1
1822.5,0
1877.5,1
1877.75,0
1880.75,1
1881.0,0
1881.25,1
1881.75,0
1882.0,1
1882.25,0
1882.5,1
1883.75,0
1884.25,1
1885.0,0
1886.5,1
1889.0,0
1902.75,1
1903.0,0
1904.25,1
1904.5,0
1904.75,1
1905.25,0
1905.5,1
1907.0,0
1907.5,1
1908.0,0
1908.25,1
1909.0,0
1909.25,1
1910.25,0
1910.75,1
1911.0,0
1911.75,1
1912.0,0
1912.25,1
1912.75,0
1913.0,1
1913.25,0
1913.75,1
1914.0,0
1916.0,1
1916.25,0
1916.75,1
1917.0,0
1928.0,1
1928.25,0
1928.5,1
1931.5,0
1932.0,1
1933.0,0
1933.5,1
1933.75,0
1934.0,1
1934.75,0
1935.0,1
1936.0,0
1936.5,1
1937.0,0
1949.75,1
1950.0,0
1950.5,1
1950.75,0
1953.0,1
1953.25,0
1953.5,1
1954.0,0
1954.25,1
1954.75,0
1955.0,1
1958.25,0
1958.5,1
1959.75,0
1960.0,1
1960.25,0
1960.5,1
1962.0,0
1976.75,1
1977.75,0
1978.0,1
1978.75,0
1979.0,1
1980.75,0
1981.0,1
1981.25,0
1982.25,1
1984.25,0
1984.5,1
1984.75,0
1985.0,1
1985.25,0
2046.5,1
2046.75,0
2049.25,1
2054.25,0
2054.5,1
2055.25,0
2055.75,1
2056.75,0
2073.0,1
2074.5,0
2074.75,1
2075.0,0
2075.5,1
2077.5,0
2077.75,1
2078.5,0
2078.75,1
2079.0,0
2079.25,1
2081.0,0
2094.25,1
2094.5,0
2095.75,1
2096.0,0
2097.0,1
2097.5,0
2097.75,1
2099.5,0
2099.75,1
2100.0,0
2100.5,1
2101.5,0
2101.75,1
2102.0,0
2102.25,1
2102.5,0
2102.75,1
2103.75,0
2104.0,1
2105.25,0
2108.0,1
2108.25,0
2119.5,1
2119.75,0
2120.5,1
2120.75,0
2121.0,1
2122.25,0
2122.5,1
2123.5,0
2123.75,1
2124.0,0
2124.5,1
2126.5,0
2126.75,1
2128.0,0
2128.25,1
2129.0,0
2135.0,1
2135.25,0
2144.75,1
2145.25,0
2145.5,1
2147.5,0
2147.75,1
2148.25,0
2148.75,1
2149.25,0
2149.75,1
2150.0,0
2150.25,1
2152.0,0
2152.25,1
2152.75,0
2153.0,1
2153.25,0
2155.75,1
2156.0,0
2214.0,1
2214.5,0
2215.75,1
2216.0,0
2216.5,1
2216.75,0
2217.0,1
2218.5,0
2218.75,1
2219.75,0
2220.25,1
2223.75,0
2224.0,1
2224.25,0
2224.5,1
2225.25,0
2237.75,1
2238.0,0
2238.25,1
2238.5,0
2239.25,1
2239.5,0
2239.75,1
2240.0,0
2240.25,1
2241.0,0
2242.0,1
2242.25,0
2242.5,1
2244.5,0
2244.75,1
2246.25,0
2246.5,1
2246.75,0
2247.75,1
2248.5,0
2249.0,1
2249.5,0
2264.25,1
2264.5,0
2265.5,1
2266.25,0
2266.5,1
2267.5,0
2268.0,1
2268.75,0
2269.0,1
2269.5,0
2270.5,1
2272.5,0
2273.5,1
2273.75,0
2286.25,1
2286.5,0
2287.75,1
2288.25,0
2289.5,1
2290.75,0
2291.0,1
2291.75,0
2292.0,1
2292.25,0
2292.5,1
2292.75,0
2293.0,1
2294.75,0
2295.0,1
2295.25,0
2295.5,1
2297.25,0
2301.0,1
2301.25,0
2310.5,1
2311.0,0
2311.75,1
2312.0,0
2312.25,1
2312.5,0
2313.0,1
2313.75,0
2314.0,1
2314.5,0
2314.75,1
2316.5,0
2316.75,1
2318.25,0
2318.5,1
2319.5,0
2320.0,1
2320.25,0
2320.5,1
2320.75,0
2321.0,1
2321.5,0
2383.0,1
2383.25,0
2384.5,1
2384.75,0
2385.0,1
2385.75,0
2386.0,1
2388.5,0
2388.75,1
2389.75,0
2390.25,1
2390.75,0
2391.0,1
2392.0,0
2392.25,1
2393.0,0
2393.25,1
2393.5,0
2405.5,1
2405.75,0
2408.5,1
2409.0,0
2409.25,1
2410.75,0
2411.0,1
2412.0,0
2412.5,1
2413.0,0
2413.25,1
2414.25,0
2414.5,1
2417.5,0
2421.0,1
2421.25,0
2431.25,1
2431.5,0
2433.25,1
2433.5,0
2433.75,1
2434.25,0
2434.5,1
2435.5,0
2435.75,1
2438.0,0
2438.25,1
2439.25,0
2439.5,1
2440.0,0
2440.25,1
2440.75,0
2441.0,1
2441.5,0
2454.0,1
2454.25,0
2456.25,1
2456.5,0
2457.25,1
2459.0,0
2459.25,1
2460.0,0
2460.25,1
2461.0,0
2461.5,1
2465.0,0
2478.75,1
2479.0,0
2480.75,1
2485.25,0
2485.5,1
2487.5,0
2487.75,1
2488.5,0
2553.0,1
2553.25,0
2553.5,1
2554.0,0
2554.25,1
2555.0,0
2555.25,1
2556.75,0
2557.0,1
2558.25,0
2558.5,1
2559.25,0
2559.75,1
2561.0,0
2561.25,1
2561.5,0
2575.75,1
2576.0,0
2577.0,1
2579.0,0
2579.25,1
2581.5,0
2582.0,1
2584.75,0
2598.25,1
2598.5,0
2599.75,1
2600.0,0
2600.75,1
2601.0,0
2601.5,1
2602.5,0
2602.75,1
2603.0,0
2603.25,1
2605.25,0
2605.75,1
2607.0,0
2607.25,1
2607.75,0
2608.0,1
2608.5,0
2608.75,1
2609.25,0
2622.75,1
2623.0,0
2624.75,1
2625.0,0
2625.25,1
2628.0,0
2628.5,1
2628.75,0
2629.25,1
2629.5,0
2629.75,1
2630.0,0
2630.25,1
2630.5,0
2630.75,1
2631.25,0
2631.5,1
2632.0,0
2632.25,1
2632.5,0
2632.75,1
2633.5,0
2636.0,1
2636.25,0
2646.5,1
2646.75,0
2648.0,1
2648.25,0
2649.25,1
2651.75,0
2652.75,1
2653.25,0
2653.5,1
2654.5,0
2654.75,1
2655.75,0
2656.25,1
2656.75,0
2657.0,1
2657.25,0
2657.75,1
2658.0,0
2720.0,1
2720.25,0
2720.5,1
2720.75,0
2721.0,1
2721.75,0
2722.0,1
2723.5,0
2723.75,1
2724.0,0
2724.25,1
2724.5,0
2724.75,1
2725.5,0
2725.75,1
2726.5,0
2726.75,1
2727.75,0
2728.0,1
2728.25,0
2728.5,1
2728.75,0
2729.5,1
2729.75,0
2733.25,1
2733.75,0
2744.25,1
2744.5,0
2744.75,1
2745.0,0
2745.5,1
2745.75,0
2746.0,1
2748.5,0
2748.75,1
2749.75,0
2750.0,1
2750.75,0
2751.0,1
2751.25,0
2751.5,1
2752.0,0
2752.25,1
2753.0,0
2753.25,1
2753.5,0
2756.0,1
2756.5,0
2766.75,1
2767.0,0
2769.0,1
2769.75,0
2770.0,1
2770.5,0
2770.75,1
2772.5,0
2772.75,1
2774.0,0
2774.25,1
2774.75,0
2775.25,1
2775.5,0
2775.75,1
2777.0,0
2777.5,1
2777.75,0
2782.0,1
2782.25,0
2792.75,1
2793.5,0
2794.0,1
2794.75,0
2795.0,1
2796.75,0
2797.5,1
2798.0,0
2799.0,1
2799.25,0
2799.5,1
2800.75,0
2801.75,1
2802.0,0
2815.25,1
2815.5,0
2816.25,1
2816.5,0
2816.75,1
2817.25,0
2817.5,1
2821.75,0
2822.0,1
2824.0,0
2824.25,1
2824.5,0
2886.75,1
2887.0,0
2889.25,1
2889.5,0
2889.75,1
2890.0,0
2890.25,1
2891.25,0
2891.5,1
2891.75,0
2892.25,1
2893.25,0
2893.5,1
2894.75,0
2895.0,1
2896.0,0
2896.25,1
2897.25,0
2912.75,1
2913.5,0
2913.75,1
2914.5,0
2914.75,1
2917.75,0
2918.0,1
2918.5,0
2918.75,1
2919.5,0
2919.75,1
2920.25,0
2920.5,1
2921.25,0
2924.75,1
2925.0,0
2935.0,1
2935.25,0
2936.75,1
2937.5,0
2938.0,1
2939.5,0
2939.75,1
2940.25,0
2940.5,1
2941.75,0
2942.5,1
2943.0,0
2943.5,1
2944.5,0
2944.75,1
2945.0,0
2948.25,1
2948.5,0
2948.75,1
2949.0,0
2959.0,1
2959.5,0
2960.0,1
2960.25,0
2960.5,1
2961.0,0
2961.25,1
2964.0,0
2964.25,1
2964.5,0
2965.0,1
2965.5,0
2965.75,1
2966.0,0
2966.25,1
2966.5,0
2966.75,1
2968.75,0
2969.25,1
2969.5,0
2982.0,1
2982.25,0
2982.5,1
2982.75,0
2983.25,1
2983.5,0
2985.0,1
2989.0,0
2989.25,1
2992.5,0
2992.75,1
2993.0,0
2998.0,1
2998.25,0
2998.5,1
2998.75,0
3055.0,1
3055.25,0
3057.25,1
3058.75,0
3059.25,1
3060.0,0
3060.25,1
3061.75,0
3062.0,1
3062.5,0
3062.75,1
3063.0,0
3063.25,1
3063.5,0
3063.75,1
3064.0,0
3064.25,1
3064.75,0
3065.0,1
3065.25,0
3068.25,1
3068.5,0
3069.5,1
3069.75,0
3070.25,1
3070.5,0
3072.75,1
3073.0,0
3080.0,1
3080.25,0
3080.75,1
3081.25,0
3081.75,1
3083.25,0
3083.5,1
3084.5,0
3084.75,1
3085.0,0
3085.25,1
3086.0,0
3086.25,1
3086.5,0
3086.75,1
3087.5,0
3087.75,1
3088.75,0
3089.0,1
3089.25,0
3093.75,1
3094.0,0
3104.25,1
3104.5,0
3104.75,1
3105.25,0
3105.5,1
3107.0,0
3107.25,1
3107.5,0
3107.75,1
3109.25,0
3109.5,1
3110.25,0
3111.0,1
3112.5,0
3112.75,1
3113.0,0
3117.25,1
3117.5,0
3128.5,1
3131.25,0
3131.5,1
3132.0,0
3132.5,1
3132.75,0
3133.0,1
3133.25,0
3133.5,1
3135.75,0
3136.0,1
3136.5,0
3136.75,1
3137.0,0
3137.5,1
3138.0,0
3150.75,1
3151.25,0
3153.5,1
3154.25,0
3154.5,1
3156.5,0
3156.75,1
3158.5,0
3158.75,1
3161.0,0
3161.25,1
3161.5,0
3165.5,1
3165.75,0
3225.0,1
3225.75,0
3226.0,1
3227.5,0
3227.75,1
3228.0,0
3228.5,1
3230.25,0
3231.0,1
3231.25,0
3231.5,1
3232.25,0
3232.75,1
3233.25,0
3246.75,1
3247.0,0
3249.25,1
3249.5,0
3249.75,1
3250.5,0
3250.75,1
3251.0,0
3251.25,1
3251.5,0
3251.75,1
3256.0,0
3256.25,1
3256.75,0
3257.0,1
3257.5,0
3270.25,1
3270.5,0
3271.25,1
3271.5,0
3273.0,1
3273.75,0
3274.25,1
3276.75,0
3277.0,1
3277.5,0
3277.75,1
3279.25,0
3279.5,1
3280.75,0
3294.5,1
3294.75,0
3297.5,1
3299.75,0
3300.0,1
3304.0,0
3305.0,1
3305.5,0
3319.0,1
3319.5,0
3320.0,1
3320.25,0
3320.5,1
3320.75,0
3321.0,1
3322.25,0
3322.5,1
3324.5,0
3324.75,1
3325.25,0
3325.5,1
3325.75,0
3326.0,1
3326.25,0
3326.5,1
3328.75,0
3329.0,1
3329.5,0
3332.25,1
3332.5,0
3392.75,1
3393.25,0
3393.5,1
3398.0,0
3398.25,1
3398.5,0
3398.75,1
3399.75,0
3400.0,1
3401.25,0
3404.75,1
3405.0,0
3416.75,1
3417.0,0
3417.5,1
3417.75,0
3418.0,1
3419.5,0
3419.75,1
3420.5,0
3421.0,1
3423.5,0
3423.75,1
3424.75,0
3438.0,1
3438.25,0
3440.75,1
3441.0,0
3441.25,1
3442.25,0
3442.5,1
3445.0,0
3445.25,1
3445.75,0
3446.0,1
3447.25,0
3447.5,1
3448.5,0
3449.25,1
3449.5,0
3463.5,1
3463.75,0
3464.25,1
3464.5,0
3465.5,1
3466.0,0
3466.25,1
3466.5,0
3466.75,1
3468.25,0
3468.5,1
3468.75,0
3469.25,1
3470.5,0
3470.75,1
3471.75,0
3472.0,1
3472.75,0
3476.25,1
3476.5,0
3486.75,1
3487.0,0
3487.75,1
3488.0,0
3489.0,1
3489.75,0
3490.25,1
3491.25,0
3491.75,1
3492.25,0
3493.0,1
3493.25,0
3493.75,1
3495.25,0
3495.5,1
3495.75,0
3496.5,1
3496.75,0
3497.0,1
3497.25,0
3497.75,1
3498.0,0
3560.5,1
3560.75,0
3561.0,1
3561.5,0
3562.0,1
3565.0,0
3565.25,1
3565.75,0
3566.0,1
3567.75,0
3568.25,1
3569.25,0
3571.75,1
3572.0,0
3608.75,1
3609.0,0
3609.25,1
3610.25,0
3610.5,1
3610.75,0
3611.25,1
3612.5,0
3612.75,1
3615.25,0
3615.5,1
3616.75,0
3617.0,1
3617.25,0
3620.5,1
3620.75,0
3630.75,1
3631.0,0
3631.5,1
3631.75,0
3632.75,1
3633.0,0
3634.25,1
3638.25,0
3638.5,1
3639.5,0
3639.75,1
3641.5,0
3656.5,1
3657.0,0
3657.25,1
3657.75,0
3658.0,1
3660.75,0
3661.0,1
3662.75,0
3663.0,1
3664.0,0
3664.25,1
3664.5,0
3665.0,1
3665.25,0
3665.5,1
3666.0,0
3726.75,1
3727.0,0
3727.75,1
3728.0,0
3728.25,1
3729.75,0
3730.0,1
3732.75,0
3733.25,1
3734.5,0
3734.75,1
3736.5,0
3737.0,1
3737.25,0
3749.75,1
3750.0,0
3752.5,1
3752.75,0
3753.0,1
3753.25,0
3753.5,1
3755.0,0
3755.25,1
3756.5,0
3756.75,1
3757.5,0
3757.75,1
3760.0,0
3760.75,1
3761.0,0
3761.25,1
3761.5,0
3761.75,1
3762.0,0
3764.75,1
3765.0,0
3776.5,1
3776.75,0
3777.0,1
3779.5,0
3780.0,1
3780.75,0
3781.0,1
3782.5,0
3782.75,1
3784.0,0
3784.25,1
3785.0,0
3798.25,1
3798.5,0
3800.25,1
3800.5,0
3801.0,1
3802.75,0
3803.0,1
3803.25,0
3803.5,1
3803.75,0
3804.0,1
3805.5,0
3805.75,1
3806.0,0
3806.25,1
3806.75,0
3807.0,1
3808.25,0
3808.5,1
3808.75,0
3809.0,1
3809.25,0
3822.5,1
3822.75,0
3825.75,1
3827.25,0
3827.75,1
3829.5,0
3830.0,1
3832.25,0
3832.5,1
3832.75,0
3833.0,1
3833.25,0
3895.0,1
3895.25,0
3896.0,1
3896.25,0
3897.0,1
3897.25,0
3897.5,1
3898.0,0
3898.25,1
3900.25,0
3900.75,1
3901.0,0
3901.25,1
3901.75,0
3902.0,1
3902.5,0
3902.75,1
3905.75,0
3907.75,1
3908.0,0
3921.0,1
3921.5,0
3922.0,1
3923.0,0
3923.25,1
3924.25,0
3924.5,1
3926.25,0
3926.75,1
3928.5,0
3928.75,1
3929.0,0
3944.75,1
3945.0,0
3945.25,1
3945.75,0
3946.25,1
3950.25,0
3950.5,1
3952.0,0
3952.25,1
3953.0,0
3966.0,1
3966.25,0
3968.75,1
3970.5,0
3970.75,1
3974.75,0
3976.0,1
3976.75,0
3993.5,1
3995.5,0
3995.75,1
3996.5,0
3996.75,1
3997.0,0
3997.25,1
3997.75,0
3998.25,1
3998.5,0
3998.75,1
4000.25,0
4000.5,1
4000.75,0
4001.0,1
4001.25,0
4063.75,1
4064.0,0
4064.25,1
4064.75,0
4065.25,1
4067.75,0
4068.0,1
4072.25,0
4072.5,1
4073.25,0
4076.25,1
4076.5,0
4077.0,1
4077.25,0
4089.0,1
4090.0,0
4090.5,1
4091.25,0
4092.25,1
4095.5,0
4095.75,1
4096.5,0
4097.25,1
4097.5,0
4101.0,1
4101.25,0
4111.75,1
4112.0,0
4113.5,1
4113.75,0
4114.0,1
4115.0,0
4115.25,1
4115.5,0
4115.75,1
4117.0,0
4117.75,1
4119.75,0
4120.0,1
4120.75,0
4121.0,1
4121.5,0
4125.0,1
4125.25,0
4134.75,1
4135.0,0
4135.75,1
4136.0,0
4136.25,1
4136.5,0
4137.5,1
4140.0,0
4140.75,1
4141.75,0
4142.0,1
4143.5,0
4143.75,1
4144.0,0
4144.5,1
4144.75,0
4145.25,1
4145.5,0
4149.5,1
4149.75,0
4161.0,1
4162.75,0
4163.25,1
4163.75,0
4164.0,1
4165.5,0
4165.75,1
4168.0,0
4168.75,1
4169.25,0
4169.5,1
4169.75,0
4173.75,1
4174.0,0
4230.5,1
4230.75,0
4233.75,1
4235.25,0
4235.75,1
4236.5,0
4236.75,1
4237.75,0
4238.0,1
4239.25,0
4239.75,1
4241.0,0
4241.5,1
4241.75,0
4245.75,1
4246.25,0
4257.0,1
4257.75,0
4258.0,1
4259.5,0
4259.75,1
4261.5,0
4261.75,1
4262.0,0
4262.5,1
4263.25,0
4263.5,1
4264.0,0
4264.25,1
4264.75,0
4265.25,1
4265.75,0
4279.25,1
4279.75,0
4280.0,1
4280.25,0
4280.5,1
4280.75,0
4281.0,1
4282.25,0
4282.5,1
4286.0,0
4286.25,1
4287.75,0
4288.0,1
4289.0,0
4302.5,1
4302.75,0
4303.5,1
4304.0,0
4304.75,1
4305.0,0
4305.5,1
4305.75,0
4306.0,1
4306.5,0
4306.75,1
4307.0,0
4307.25,1
4309.25,0
4309.5,1
4312.0,0
4312.25,1
4312.5,0
4313.25,1
4313.5,0
4326.75,1
4327.0,0
4329.25,1
4329.75,0
4330.25,1
4333.0,0
4333.25,1
4334.0,0
4334.25,1
4334.5,0
4335.0,1
4335.25,0
4335.75,1
4337.5,0
4342.25,1
4342.5,0
4397.75,1
4398.0,0
4400.75,1
4401.0,0
4401.5,1
4402.25,0
4402.5,1
4403.5,0
4403.75,1
4406.5,0
4406.75,1
4409.5,0
4412.75,1
4413.0,0
4449.5,1
4450.0,0
4450.25,1
4451.0,0
4451.25,1
4451.75,0
4452.0,1
4453.0,0
4453.25,1
4454.0,0
4454.25,1
4457.0,0
4460.0,1
4460.25,0
4460.75,1
4461.0,0
4461.5,1
4461.75,0
4470.5,1
4471.0,0
4472.75,1
4473.0,0
4473.75,1
4474.75,0
4475.0,1
4475.75,0
4476.0,1
4476.25,0
4477.0,1
4477.25,0
4477.75,1
4478.5,0
4478.75,1
4479.0,0
4479.25,1
4479.75,0
4480.0,1
4480.5,0
4480.75,1
4481.0,0
4481.5,1
4481.75,0
4495.75,1
4496.25,0
4497.25,1
4498.25,0
4498.5,1
4500.0,0
4500.25,1
4501.0,0
4501.25,1
4501.5,0
4502.0,1
4503.75,0
4504.0,1
4505.0,0
4509.25,1
4509.5,0
4569.0,1
4572.5,0
4572.75,1
4573.0,0
4573.5,1
4573.75,0
4574.0,1
4574.5,0
4574.75,1
4576.5,0
4577.0,1
4577.25,0
4591.25,1
4591.5,0
4592.5,1
4593.75,0
4594.0,1
4595.25,0
4595.5,1
4595.75,0
4596.25,1
4596.5,0
4597.0,1
4599.25,0
4599.5,1
4599.75,0
4600.5,1
4601.0,0
4601.25,1
4601.5,0
4617.25,1
4617.5,0
4618.0,1
4618.25,0
4618.5,1
4618.75,0
4619.0,1
4619.5,0
4619.75,1
4620.75,0
4621.25,1
4621.5,0
4621.75,1
4624.75,0
4625.0,1
4625.25,0
4628.75,1
4629.0,0
4641.0,1
4641.5,0
4641.75,1
4642.25,0
4642.75,1
4647.5,0
4647.75,1
4648.5,0
4648.75,1
4649.0,0
4649.25,1
4649.5,0
4650.5,1
4650.75,0
4665.25,1
4665.75,0
4666.0,1
4666.75,0
4667.0,1
4669.5,0
4669.75,1
4671.25,0
4671.5,1
4673.25,0
4677.75,1
4678.0,0
4737.0,1
4740.75,0
4741.0,1
4742.0,0
4742.25,1
4742.75,0
4743.0,1
4743.25,0
4743.75,1
4744.25,0
4744.5,1
4744.75,0
4745.75,1
4746.0,0
4757.5,1
4757.75,0
4760.5,1
4760.75,0
4762.0,1
4764.0,0
4764.5,1
4765.0,0
4765.25,1
4766.0,0
4766.25,1
4769.5,0
4785.0,1
4785.25,0
4785.5,1
4786.5,0
4786.75,1
4787.0,0
4787.25,1
4788.75,0
4789.0,1
4791.0,0
4791.25,1
4793.5,0
4809.0,1
4812.75,0
4813.0,1
4813.5,0
4813.75,1
4814.0,0
4814.5,1
4815.0,0
4815.25,1
4817.0,0
4817.5,1
4817.75,0
4831.5,1
4831.75,0
4832.5,1
4832.75,0
4833.25,1
4834.75,0
4835.0,1
4836.5,0
4837.5,1
4837.75,0
4838.25,1
4838.5,0
4838.75,1
4840.25,0
4840.75,1
4841.0,0
4845.0,1
4845.25,0
4903.25,1
4903.5,0
4905.25,1
4907.5,0
4907.75,1
4908.25,0
4908.5,1
4908.75,0
4909.0,1
4909.75,0
4910.25,1
4910.75,0
4911.25,1
4911.75,0
4912.0,1
4912.75,0
4913.0,1
4913.5,0
4916.75,1
4917.0,0
4927.5,1
4927.75,0
4929.5,1
4931.25,0
4931.5,1
4933.5,0
4933.75,1
4934.25,0
4934.5,1
4936.0,0
4936.5,1
4937.0,0
4950.5,1
4950.75,0
4951.0,1
4951.25,0
4951.75,1
4952.0,0
4952.5,1
4952.75,0
4954.0,1
4954.25,0
4954.5,1
4955.25,0
4955.5,1
4955.75,0
4956.0,1
4956.25,0
4956.75,1
4957.5,0
4957.75,1
4958.25,0
4958.75,1
4961.5,0
4974.25,1
4974.5,0
4976.5,1
4976.75,0
4977.25,1
4978.0,0
4978.25,1
4981.25,0
4981.75,1
4982.75,0
4983.0,1
4984.0,0
4984.5,1
4985.25,0
5000.75,1
5001.25,0
5001.5,1
5003.5,0
5004.0,1
5004.25,0
5004.5,1
5005.25,0
5005.5,1
5008.0,0
5008.25,1
5009.0,0
5009.25,1
5009.75,0
5070.25,1
5070.5,0
5070.75,1
5071.0,0
5071.25,1
5071.5,0
5072.5,1
5072.75,0
5073.25,1
5074.0,0
5074.25,1
5075.25,0
5076.0,1
5076.75,0
5077.25,1
5077.75,0
5078.5,1
5079.0,0
5079.25,1
5080.0,0
5080.25,1
5080.5,0
5080.75,1
5081.25,0
5095.0,1
5095.5,0
5096.0,1
5096.25,0
5096.75,1
5097.25,0
5097.5,1
5098.0,0
5098.25,1
5099.75,0
5100.0,1
5101.75,0
5102.0,1
5103.25,0
5103.5,1
5103.75,0
5104.0,1
5105.0,0
5105.25,1
5105.5,0
5118.0,1
5118.25,0
5119.0,1
5119.25,0
5121.25,1
5121.5,0
5121.75,1
5122.5,0
5122.75,1
5124.25,0
5124.5,1
5125.0,0
5125.25,1
5125.75,0
5126.0,1
5126.25,0
5126.75,1
5128.5,0
5129.0,1
5129.25,0
5133.75,1
5134.0,0
5143.25,1
5143.5,0
5144.5,1
5144.75,0
5145.0,1
5145.75,0
5146.0,1
5146.25,0
5146.5,1
5147.75,0
5148.0,1
5148.75,0
5149.0,1
5149.5,0
5149.75,1
5150.5,0
5150.75,1
5152.5,0
5152.75,1
5153.0,0
5158.0,1
5158.25,0
5165.75,1
5166.0,0
5167.25,1
5167.5,0
5168.0,1
5168.25,0
5169.25,1
5170.25,0
5170.5,1
5171.0,0
5171.25,1
5171.5,0
5171.75,1
5172.25,0
5172.5,1
5173.0,0
5173.5,1
5173.75,0
5174.0,1
5174.75,0
5175.0,1
5175.75,0
5176.0,1
5177.0,0
5177.75,1
5178.0,0
5181.0,1
5181.5,0
5238.25,1
5238.5,0
5240.75,1
5241.0,0
5241.25,1
5243.25,0
5243.5,1
5243.75,0
5244.0,1
5244.75,0
5245.5,1
5246.25,0
5246.5,1
5247.75,0
5248.0,1
5248.75,0
5249.0,1
5249.25,0
5252.0,1
5252.25,0
5264.75,1
5265.0,0
5265.25,1
5267.75,0
5268.0,1
5269.0,0
5269.25,1
5270.75,0
5271.0,1
5271.25,0
5271.75,1
5272.75,0
5273.0,1
5273.25,0
5275.5,1
5275.75,0
5288.75,1
5290.0,0
5290.25,1
5290.5,0
5290.75,1
5291.5,0
5291.75,1
5292.25,0
5292.5,1
5292.75,0
5293.0,1
5293.25,0
5293.5,1
5296.5,0
5296.75,1
5297.25,0
5297.5,1
5297.75,0
5301.25,1
5301.5,0
5311.0,1
5311.25,0
5311.5,1
5311.75,0
5312.0,1
5312.25,0
5312.5,1
5313.5,0
5313.75,1
5314.0,0
5314.25,1
5314.5,0
5314.75,1
5316.25,0
5316.5,1
5317.75,0
5318.0,1
5318.25,0
5318.5,1
5318.75,0
5319.0,1
5319.5,0
5319.75,1
5320.25,0
5320.5,1
5321.5,0
5334.0,1
5334.25,0
5335.75,1
5336.25,0
5337.25,1
5338.5,0
5338.75,1
5339.0,0
5339.25,1
5341.5,0
5342.25,1
5344.0,0
5344.25,1
5345.25,0
5408.75,1
5409.0,0
5409.25,1
5409.5,0
5409.75,1
5410.5,0
5410.75,1
5411.25,0
5411.5,1
5414.25,0
5414.5,1
5416.75,0
5417.0,1
5417.25,0
5430.5,1
5430.75,0
5431.0,1
5431.25,0
5433.0,1
5434.75,0
5435.0,1
5437.5,0
5437.75,1
5438.0,0
5438.25,1
5439.5,0
5439.75,1
5440.25,0
5440.5,1
5440.75,0
5455.0,1
5455.25,0
5456.75,1
5457.25,0
5457.5,1
5458.0,0
5458.25,1
5459.0,0
5459.25,1
5460.5,0
5460.75,1
5461.0,0
5461.25,1
5462.0,0
5462.25,1
5462.5,0
5463.5,1
5463.75,0
5464.25,1
5464.75,0
5479.0,1
5479.25,0
5480.0,1
5480.25,0
5481.0,1
5482.0,0
5482.5,1
5483.5,0
5483.75,1
5484.75,0
5485.0,1
5486.5,0
5486.75,1
5488.75,0
5489.0,1
5489.25,0
5502.25,1
5502.75,0
5505.0,1
5509.25,0
5509.5,1
5509.75,0
5510.0,1
5512.5,0
5512.75,1
5513.25,0
5575.5,1
5575.75,0
5576.75,1
5577.0,0
5577.25,1
5578.25,0
5578.5,1
5579.25,0
5579.75,1
5580.75,0
5581.0,1
5581.25,0
5581.75,1
5584.75,0
5585.0,1
5585.5,0
5589.0,1
5589.25,0
5599.25,1
5599.5,0
5600.75,1
5601.0,0
5601.25,1
5601.5,0
5601.75,1
5605.5,0
5606.0,1
5606.75,0
5607.0,1
5609.0,0
5609.25,1
5609.5,0
5624.75,1
5625.0,0
5625.25,1
5626.75,0
5627.0,1
5627.5,0
5627.75,1
5629.25,0
5629.5,1
5631.75,0
5632.0,1
5633.0,0
5647.5,1
5647.75,0
5648.5,1
5648.75,0
5649.0,1
5649.25,0
5649.5,1
5651.5,0
5651.75,1
5655.25,0
5655.5,1
5655.75,0
5656.25,1
5656.75,0
5657.0,1
5657.25,0
5657.5,1
5657.75,0
5673.25,1
5674.75,0
5675.0,1
5677.25,0
5677.5,1
5677.75,0
5678.0,1
5679.5,0
5679.75,1
5680.75,0
5681.25,1
5681.5,0
5684.5,1
5684.75,0
5744.5,1
5744.75,0
5745.25,1
5745.75,0
5746.25,1
5747.5,0
5747.75,1
5748.0,0
5748.25,1
5749.5,0
5750.0,1
5751.0,0
5751.5,1
5753.5,0
5756.75,1
5757.0,0
5768.5,1
5770.5,0
5770.75,1
5771.75,0
5772.0,1
5773.25,0
5773.5,1
5774.0,0
5774.25,1
5775.5,0
5775.75,1
5776.0,0
5776.25,1
5777.0,0
5791.0,1
5791.5,0
5792.75,1
5794.5,0
5795.5,1
5797.0,0
5797.75,1
5798.25,0
5798.5,1
5799.75,0
5800.0,1
5800.75,0
5804.75,1
5805.0,0
5817.0,1
5818.75,0
5819.0,1
5819.5,0
5819.75,1
5820.25,0
5820.5,1
5822.0,0
5822.25,1
5824.75,0
5825.0,1
5825.25,0
5828.75,1
5829.0,0
5838.5,1
5838.75,0
5840.0,1
5840.25,0
5841.0,1
5841.25,0
5842.0,1
5844.75,0
5845.25,1
5846.75,0
5847.0,1
5849.25,0
5910.0,1
5910.25,0
5911.0,1
5911.25,0
5912.5,1
5912.75,0
5913.25,1
5913.5,0
5913.75,1
5915.75,0
5916.0,1
5916.25,0
5916.75,1
5917.0,0
5917.25,1
5918.0,0
5918.25,1
5920.0,0
5920.25,1
5920.75,0
5922.25,1
5922.5,0
5922.75,1
5923.0,0
5959.25,1
5959.5,0
5960.5,1
5964.0,0
5964.25,1
5965.0,0
5965.25,1
5967.0,0
5967.25,1
5967.5,0
5967.75,1
5968.5,0
5968.75,1
5969.25,0
5974.0,1
5974.25,0
5983.5,1
5983.75,0
5985.0,1
5985.5,0
5985.75,1
5986.5,0
5986.75,1
5987.25,0
5987.5,1
5988.0,0
5988.75,1
5989.5,0
5989.75,1
5990.75,0
5991.25,1
5991.5,0
5992.0,1
5992.25,0
5992.5,1
5993.0,0
6007.5,1
6007.75,0
6009.25,1
6009.5,0
6009.75,1
6010.75,0
6011.0,1
6013.0,0
6013.25,1
6014.75,0
6015.0,1
6015.5,0
6015.75,1
6016.75,0
6017.0,1
6017.25,0
6017.5,1
6017.75,0
6077.5,1
6077.75,0
6080.75,1
6081.0,0
6081.25,1
6081.75,0
6082.0,1
6084.0,0
6084.5,1
6084.75,0
6085.0,1
6085.25,0
6085.5,1
6085.75,0
6086.0,1
6086.25,0
6086.5,1
6086.75,0
6087.0,1
6087.25,0
6087.5,1
6087.75,0
6088.0,1
6088.5,0
6102.0,1
6102.25,0
6104.75,1
6107.0,0
6107.25,1
6110.0,0
6110.25,1
6110.5,0
6110.75,1
6111.75,0
6112.0,1
6112.75,0
6113.0,1
6113.25,0
6127.0,1
6127.25,0
6128.75,1
6129.75,0
6130.0,1
6132.75,0
6133.0,1
6133.25,0
6133.5,1
6134.0,0
6134.5,1
6135.0,0
6135.25,1
6136.75,0
6137.75,1
6138.0,0
6141.75,1
6142.0,0
6150.5,1
6150.75,0
6151.25,1
6151.75,0
6153.0,1
6155.0,0
6155.25,1
6155.5,0
6155.75,1
6156.0,0
6156.25,1
6156.5,0
6156.75,1
6157.75,0
6158.0,1
6159.0,0
6159.25,1
6160.75,0
6161.5,1
6161.75,0
6165.75,1
6166.0,0
6177.25,1
6178.25,0
6178.5,1
6178.75,0
6179.0,1
6179.75,0
6180.0,1
6180.25,0
6180.75,1
6181.75,0
6182.0,1
6182.25,0
6182.5,1
6184.75,0
6246.5,1
6246.75,0
6248.25,1
6249.0,0
6249.5,1
6250.25,0
6250.5,1
6251.5,0
6251.75,1
6253.5,0
6253.75,1
6254.25,0
6254.5,1
6256.75,0
6257.0,1
6257.25,0
6272.25,1
6272.5,0
6273.5,1
6275.5,0
6275.75,1
6276.75,0
6277.0,1
6277.5,0
6278.0,1
6278.5,0
6278.75,1
6280.75,0
6281.0,1
6281.25,0
6297.25,1
6297.5,0
6298.0,1
6299.25,0
6299.75,1
6300.5,0
6300.75,1
6302.5,0
6302.75,1
6304.75,0
6305.25,1
6305.5,0
6319.0,1
6319.25,0
6321.25,1
6322.25,0
6322.5,1
6323.5,0
6323.75,1
6324.5,0
6324.75,1
6326.25,0
6326.5,1
6328.25,0
6328.75,1
6329.0,0
6334.0,1
6334.25,0
6342.5,1
6343.0,0
6343.75,1
6344.0,0
6345.0,1
6345.25,0
6346.0,1
6346.75,0
6347.0,1
6348.25,0
6348.5,1
6349.0,0
6349.25,1
6350.75,0
6351.0,1
6353.0,0
6357.0,1
6357.25,0
6413.75,1
6414.0,0
6415.25,1
6415.5,0
6417.5,1
6419.25,0
6420.0,1
6421.0,0
6421.5,1
6422.25,0
6422.5,1
6423.25,0
6423.5,1
6423.75,0
6424.0,1
6425.0,0
6439.5,1
6440.0,0
6441.0,1
6442.75,0
6443.0,1
6443.25,0
6443.5,1
6445.5,0
6445.75,1
6446.0,0
6446.25,1
6446.75,0
6447.0,1
6447.75,0
6448.0,1
6448.5,0
6448.75,1
6449.0,0
6449.25,1
6449.5,0
6452.25,1
6452.5,0
6464.0,1
6464.25,0
6464.75,1
6465.25,0
6465.5,1
6467.75,0
6468.0,1
6468.75,0
6469.0,1
6469.5,0
6469.75,1
6471.0,0
6471.5,1
6472.75,0
6473.0,1
6473.25,0
6477.75,1
6478.0,0
6486.5,1
6486.75,0
6487.0,1
6487.25,0
6487.75,1
6488.0,0
6488.5,1
6488.75,0
6489.0,1
6489.5,0
6490.0,1
6490.25,0
6490.75,1
6494.0,0
6494.25,1
6494.5,0
6495.0,1
6495.5,0
6495.75,1
6496.25,0
6496.75,1
6497.0,0
6513.5,1
6515.75,0
6516.25,1
6517.5,0
6517.75,1
6518.0,0
6518.25,1
6518.75,0
6519.0,1
6520.0,0
6520.25,1
6520.75,0
6521.0,1
6521.25,0
6521.5,1
6521.75,0
6582.75,1
6583.0,0
6583.75,1
6584.0,0
6584.25,1
6584.5,0
6585.0,1
6585.5,0
6585.75,1
6586.75,0
6587.0,1
6587.5,0
6588.0,1
6590.25,0
6590.5,1
6592.25,0
6592.5,1
6593.0,0
6597.0,1
6597.25,0
6608.75,1
6609.0,0
6609.25,1
6612.5,0
6612.75,1
6613.5,0
6613.75,1
6614.25,0
6614.5,1
6616.25,0
6616.5,1
6616.75,0
6632.25,1
6632.5,0
6633.0,1
6633.75,0
6634.0,1
6635.0,0
6635.25,1
6635.75,0
6636.0,1
6637.0,0
6637.25,1
6637.5,0
6637.75,1
6638.0,0
6638.25,1
6640.25,0
6640.5,1
6640.75,0
6641.0,1
6641.25,0
6641.5,1
6641.75,0
6644.5,1
6644.75,0
6657.75,1
6658.25,0
6658.5,1
6658.75,0
6659.5,1
6659.75,0
6660.0,1
6660.5,0
6660.75,1
6662.75,0
6663.0,1
6663.5,0
6663.75,1
6664.5,0
6664.75,1
6665.0,0
6678.25,1
6678.5,0
6679.75,1
6680.0,0
6681.0,1
6682.5,0
6682.75,1
6684.5,0
6684.75,1
6685.0,0
6685.25,1
6686.5,0
6686.75,1
6687.0,0
6687.25,1
6688.0,0
6688.25,1
6688.5,0
6689.0,1
6689.25,0
6689.5,1
6689.75,0
6694.0,1
6694.25,0
6750.75,1
6751.25,0
6752.5,1
6752.75,0
6753.25,1
6753.75,0
6754.0,1
6754.25,0
6754.5,1
6755.75,0
6756.0,1
6756.25,0
6757.25,1
6758.0,0
6758.25,1
6759.25,0
6759.5,1
6761.25,0
6765.5,1
6765.75,0
6766.25,1
6766.5,0
6801.0,1
6801.5,0
6801.75,1
6803.25,0
6803.5,1
6804.25,0
6804.75,1
6807.0,0
6807.5,1
6808.25,0
6808.5,1
6808.75,0
6809.0,1
6809.25,0
6809.5,1
6809.75,0
6823.0,1
6823.5,0
6824.75,1
6825.0,0
6825.25,1
6826.0,0
6826.25,1
6826.75,0
6827.0,1
6827.25,0
6827.5,1
6829.0,0
6829.25,1
6830.0,0
6830.25,1
6830.5,0
6830.75,1
6831.25,0
6831.5,1
6832.0,0
6832.5,1
6833.0,0
6846.0,1
6846.75,0
6847.25,1
6847.5,0
6848.5,1
6849.25,0
6849.5,1
6850.0,0
6850.25,1
6850.5,0
6850.75,1
6853.25,0
6854.5,1
6855.75,0
6856.0,1
6856.25,0
6856.5,1
6856.75,0
6857.0,1
6857.25,0
6857.5,1
6857.75,0
6921.5,1
6921.75,0
6922.25,1
6923.5,0
6923.75,1
6924.0,0
6924.25,1
6924.5,0
6924.75,1
6925.75,0
6926.25,1
6927.25,0
6927.5,1
6928.5,0
6928.75,1
6929.0,0
6929.25,1
6929.5,0
6942.25,1
6942.5,0
6942.75,1
6943.0,0
6945.5,1
6945.75,0
6946.0,1
6947.25,0
6947.5,1
6948.0,0
6948.25,1
6949.0,0
6949.75,1
6950.25,0
6950.75,1
6951.25,0
6951.5,1
6952.25,0
6952.5,1
6953.0,0
6953.25,1
6953.75,0
6966.75,1
6967.25,0
6968.5,1
6968.75,0
6969.0,1
6969.5,0
6970.0,1
6971.75,0
6972.0,1
6972.25,0
6972.5,1
6973.25,0
6973.5,1
6974.0,0
6974.25,1
6975.5,0
6975.75,1
6977.25,0
6992.5,1
6992.75,0
6993.25,1
6995.75,0
6996.0,1
6998.0,0
6998.25,1
6998.75,0
6999.0,1
6999.5,0
7000.0,1
7000.75,0
7003.75,1
7004.0,0
7006.5,1
7006.75,0
7016.75,1
7017.5,0
7017.75,1
7022.75,0
7023.0,1
7025.0,0
7088.75,1
7089.0,0
7089.25,1
7091.0,0
7091.25,1
7092.0,0
7092.25,1
7092.5,0
7092.75,1
7093.5,0
7093.75,1
7094.25,0
7094.5,1
7094.75,0
7095.0,1
7095.5,0
7095.75,1
7096.75,0
7097.25,1
7097.5,0
7101.0,1
7101.25,0
7111.75,1
7112.0,0
7113.0,1
7115.25,0
7115.5,1
7116.5,0
7116.75,1
7117.25,0
7117.5,1
7117.75,0
7118.0,1
7118.75,0
7119.0,1
7121.0,0
7121.25,1
7121.5,0
7125.5,1
7125.75,0
7135.25,1
7135.5,0
7135.75,1
7136.0,0
7137.0,1
7137.5,0
7137.75,1
7140.25,0
7140.5,1
7141.0,0
7141.25,1
7142.5,0
7143.25,1
7145.0,0
7160.75,1
7161.25,0
7161.5,1
7161.75,0
7162.0,1
7163.75,0
7164.0,1
7165.5,0
7165.75,1
7166.0,0
7166.5,1
7169.0,0
7173.0,1
7173.25,0
7183.75,1
7184.0,0
7184.5,1
7184.75,0
7185.0,1
7185.25,0
7185.5,1
7185.75,0
7186.5,1
7187.25,0
7187.5,1
7188.25,0
7188.5,1
7192.75,0
7193.0,1
7193.5,0
7256.25,1
7256.5,0
7257.0,1
7257.75,0
7258.0,1
7260.25,0
7260.5,1
7262.0,0
7262.25,1
7264.5,0
7264.75,1
7265.25,0
7277.5,1
7277.75,0
7280.25,1
7280.75,0
7281.5,1
7281.75,0
7282.25,1
7282.5,0
7282.75,1
7283.75,0
7284.75,1
7285.25,0
7285.5,1
7286.5,0
7286.75,1
7288.75,0
7293.75,1
7294.0,0
7302.5,1
7302.75,0
7303.5,1
7304.0,0
7304.25,1
7304.5,0
7305.5,1
7306.75,0
7307.0,1
7307.75,0
7308.0,1
7309.5,0
7309.75,1
7311.0,0
7311.25,1
7312.0,0
7312.25,1
7313.0,0
7313.5,1
7313.75,0
7327.0,1
7327.25,0
7328.25,1
7329.0,0
7329.25,1
7330.25,0
7330.5,1
7330.75,0
7331.0,1
7331.5,0
7332.25,1
7333.0,0
7333.25,1
7333.5,0
7333.75,1
7336.0,0
7336.25,1
7336.5,0
7337.0,1
7337.25,0
7351.0,1
7351.25,0
7352.75,1
7354.0,0
7354.5,1
7355.5,0
7355.75,1
7357.0,0
7357.25,1
7359.25,0
7359.5,1
7360.0,0
7360.25,1
7360.75,0
7361.25,1
7361.5,0
7364.5,1
7364.75,0
7423.0,1
7423.25,0
7424.75,1
7426.0,0
7426.25,1
7427.0,0
7427.25,1
7428.25,0
7428.5,1
7429.0,0
7429.5,1
7430.0,0
7430.25,1
7432.75,0
7433.0,1
7433.25,0
7447.75,1
7448.0,0
7449.5,1
7449.75,0
7450.0,1
7451.25,0
7451.5,1
7452.25,0
7452.5,1
7453.25,0
7453.5,1
7454.25,0
7454.5,1
7456.0,0
7456.25,1
7456.5,0
7457.0,1
7457.25,0
7459.75,1
7460.0,0
7461.0,1
7461.25,0
7471.0,1
7471.25,0
7471.75,1
7472.0,0
7472.25,1
7472.5,0
7473.0,1
7473.25,0
7473.5,1
7473.75,0
7474.25,1
7476.25,0
7477.0,1
7477.25,0
7477.5,1
7478.25,0
7478.5,1
7478.75,0
7479.0,1
7479.25,0
7479.75,1
7480.25,0
7480.5,1
7481.0,0
7482.0,1
7482.25,0
7497.5,1
7497.75,0
7498.0,1
7500.25,0
7500.5,1
7502.0,0
7502.5,1
7504.5,0
7504.75,1
7505.0,0
7509.0,1
7509.25,0
7517.75,1
7518.0,0
7520.25,1
7520.5,0
7520.75,1
7521.0,0
7521.25,1
7522.5,0
7522.75,1
7523.25,0
7523.5,1
7524.75,0
7525.25,1
7525.5,0
7526.0,1
7526.25,0
7526.75,1
7528.0,0
7528.25,1
7528.5,0
7529.25,1
7529.75,0
7591.5,1
7591.75,0
7592.5,1
7593.0,0
7593.25,1
7593.5,0
7593.75,1
7595.75,0
7596.0,1
7596.25,0
7596.75,1
7597.5,0
7597.75,1
7598.0,0
7598.25,1
7601.25,0
7606.25,1
7606.5,0
7615.0,1
7615.25,0
7615.75,1
7616.25,0
7616.75,1
7618.25,0
7618.5,1
7620.0,0
7620.25,1
7621.25,0
7621.75,1
7622.25,0
7622.5,1
7624.25,0
7624.5,1
7624.75,0
7628.25,1
7628.5,0
7641.0,1
7641.25,0
7641.5,1
7641.75,0
7642.0,1
7644.0,0
7644.25,1
7644.5,0
7644.75,1
7646.5,0
7646.75,1
7648.75,0
7649.25,1
7649.5,0
7664.75,1
7665.0,0
7665.25,1
7665.75,0
7666.0,1
7666.75,0
7667.0,1
7667.75,0
7668.0,1
7668.25,0
7668.5,1
7669.75,0
7670.0,1
7670.5,0
7671.0,1
7671.5,0
7671.75,1
7673.0,0
7678.0,1
7678.25,0
7688.25,1
7689.25,0
7689.5,1
7689.75,0
7690.0,1
7691.25,0
7691.5,1
7692.25,0
7692.5,1
7694.0,0
7695.0,1
7695.75,0
7696.0,1
7697.0,0
7697.25,1
7697.5,0
7701.0,1
7701.25,0
7759.75,1
7760.0,0
7760.25,1
7760.5,0
7761.0,1
7761.75,0
7762.0,1
7763.75,0
7764.0,1
7765.25,0
7765.5,1
7766.5,0
7767.25,1
7768.25,0
7768.75,1
7769.5,0
7774.5,1
7774.75,0
7784.25,1
7784.75,0
7785.0,1
7785.25,0
7785.5,1
7785.75,0
7786.25,1
7788.25,0
7788.5,1
7790.25,0
7790.5,1
7790.75,0
7791.0,1
7791.25,0
7791.5,1
7791.75,0
7792.0,1
7792.75,0
7797.0,1
7797.25,0
7807.75,1
7808.0,0
7809.25,1
7810.25,0
7810.5,1
7812.0,0
7812.5,1
7813.5,0
7813.75,1
7814.25,0
7814.5,1
7816.5,0
7816.75,1
7817.25,0
7817.5,1
7817.75,0
7820.75,1
7821.0,0
7830.75,1
7831.0,0
7832.75,1
7833.0,0
7833.5,1
7834.5,0
7834.75,1
7836.75,0
7837.0,1
7838.0,0
7838.25,1
7838.5,0
7838.75,1
7839.25,0
7839.5,1
7840.25,0
7840.5,1
7840.75,0
7925.75,1
7926.0,0
7927.75,1
7928.0,0
7929.0,1
7929.5,0
7929.75,1
7930.0,0
7930.25,1
7932.0,0
7932.25,1
7932.75,0
7933.25,1
7934.5,0
7934.75,1
7935.25,0
7935.5,1
7936.5,0
7936.75,1
7937.25,0
7937.5,1
7937.75,0
7940.0,1
7940.25,0
7950.0,1
7950.25,0
7951.5,1
7952.0,0
7952.25,1
7952.75,0
7953.0,1
7954.25,0
7954.5,1
7955.25,0
7955.5,1
7956.0,0
7956.25,1
7957.25,0
7957.75,1
7958.0,0
7958.25,1
7960.5,0
7960.75,1
7961.25,0
7961.5,1
7961.75,0
7966.0,1
7966.25,0
7966.5,1
7966.75,0
7974.0,1
7974.5,0
7976.5,1
7976.75,0
7977.0,1
7977.25,0
7977.75,1
7980.75,0
7981.0,1
7981.25,0
7981.75,1
7985.0,0
8000.75,1
8001.0,0
8001.75,1
8005.75,0
8006.5,1
8007.25,0
8007.5,1
8008.0,0
8008.25,1
8009.0,0
8024.25,1
8024.5,0
8025.25,1
8026.5,0
8026.75,1
8027.75,0
8028.75,1
8029.5,0
8029.75,1
8030.0,0
8030.25,1
8031.5,0
8031.75,1
8032.5,0
8032.75,1
8033.0,0
8097.0,1
8097.5,0
8097.75,1
8103.0,0
8103.25,1
8104.25,0
8105.0,1
8105.25,0
8120.25,1
8120.5,0
8121.0,1
8121.75,0
8122.0,1
8123.0,0
8123.25,1
8125.25,0
8125.5,1
8127.0,0
8127.25,1
8127.5,0
8127.75,1
8129.0,0
8129.25,1
8129.5,0
8144.25,1
8144.75,0
8145.25,1
8145.5,0
8145.75,1
8149.5,0
8149.75,1
8152.5,0
8153.0,1
8153.25,0
8156.75,1
8157.0,0
8168.25,1
8168.5,0
8168.75,1
8170.0,0
8170.25,1
8171.5,0
8171.75,1
8172.25,0
8172.5,1
8173.5,0
8174.25,1
8176.0,0
8176.25,1
8177.0,0
8189.25,1
8189.5,0
8190.0,1
8190.25,0
8193.0,1
8195.25,0
8195.75,1
8196.25,0
8196.5,1
8197.0,0
8197.5,1
8198.5,0
8198.75,1
8200.25,0
8200.75,1
8201.25,0
8206.5,1
8206.75,0
8263.25,1
8263.5,0
8265.0,1
8267.0,0
8267.25,1
8268.0,0
8268.25,1
8269.0,0
8269.25,1
8269.5,0
8269.75,1
8270.0,0
8270.25,1
8271.0,0
8271.5,1
8272.75,0
8277.25,1
8277.5,0
8287.0,1
8287.25,0
8287.75,1
8288.0,0
8288.75,1
8290.25,0
8290.5,1
8292.0,0
8292.25,1
8292.75,0
8293.0,1
8294.25,0
8294.5,1
8295.25,0
8295.5,1
8296.0,0
8296.25,1
8296.75,0
8297.0,1
8297.25,0
8309.75,1
8310.0,0
8310.75,1
8311.0,0
8311.5,1
8311.75,0
8313.25,1
8316.25,0
8316.5,1
8316.75,0
8317.25,1
8317.5,0
8317.75,1
8318.25,0
8318.5,1
8321.0,0
8334.0,1
8334.25,0
8334.75,1
8335.0,0
8336.0,1
8336.25,0
8337.25,1
8337.75,0
8338.0,1
8339.0,0
8339.25,1
8341.0,0
8341.25,1
8341.5,0
8341.75,1
8342.75,0
8343.0,1
8343.75,0
8344.25,1
8345.0,0
8361.5,1
8362.25,0
8362.75,1
8363.25,0
8363.5,1
8363.75,0
8364.0,1
8364.5,0
8365.25,1
8365.75,0
8366.0,1
8367.25,0
8367.5,1
8368.25,0
8368.5,1
8369.0,0
8369.25,1
8369.5,0
8373.0,1
8373.25,0
8432.75,1
8433.25,0
8433.5,1
8435.5,0
8435.75,1
8438.0,0
8438.25,1
8440.5,0
8440.75,1
8441.0,0
8441.25,1
8441.5,0
8454.5,1
8454.75,0
8457.0,1
8458.0,0
8458.25,1
8460.0,0
8460.25,1
8461.0,0
8461.5,1
8462.0,0
8462.25,1
8464.25,0
8464.5,1
8465.5,0
8478.0,1
8478.25,0
8480.75,1
8481.5,0
8481.75,1
8483.0,0
8483.25,1
8483.5,0
8484.0,1
8486.5,0
8486.75,1
8488.75,0
8489.25,1
8489.5,0
8504.5,1
8506.25,0
8506.5,1
8508.0,0
8508.25,1
8509.5,0
8509.75,1
8510.0,0
8510.25,1
8512.5,0
8512.75,1
8513.5,0
8529.0,1
8530.0,0
8530.5,1
8532.5,0
8533.0,1
8533.25,0
8533.75,1
8534.0,0
8534.25,1
8535.5,0
8536.25,1
8536.5,0
8536.75,1
8537.0,0
8538.25,1
8538.5,0
8540.5,1
8540.75,0
8621.5,1
8621.75,0
8625.75,1
8627.0,0
8627.25,1
8628.5,0
8628.75,1
8632.0,0
8632.5,1
8633.25,0
8647.75,1
8648.25,0
8648.75,1
8650.5,0
8650.75,1
8651.75,0
8652.25,1
8652.75,0
8653.0,1
8653.5,0
8653.75,1
8654.0,0
8654.25,1
8656.0,0
8656.25,1
8657.0,0
8657.75,1
8658.0,0
8672.75,1
8673.0,0
8674.0,1
8674.75,0
8675.0,1
8675.5,0
8675.75,1
8678.0,0
8678.25,1
8679.25,0
8679.75,1
8680.5,0
8681.0,1
8681.25,0
8693.25,1
8693.5,0
8695.25,1
8695.5,0
8697.25,1
8698.5,0
8698.75,1
8699.0,0
8699.25,1
8699.5,0
8699.75,1
8700.75,0
8701.0,1
8701.5,0
8701.75,1
8702.25,0
8702.5,1
8702.75,0
8703.0,1
8705.25,0
