#1


float Room-123 (4425,2)
0.0,0
30.75,1
31.0,0
32.25,1
32.5,0
33.5,1
33.75,0
34.0,1
35.0,0
35.25,1
36.0,0
36.5,1
37.25,0
37.5,1
37.75,0
38.0,1
39.75,0
40.0,1
40.75,0
54.75,1
55.0,0
55.75,1
56.0,0
56.25,1
56.5,0
57.0,1
58.5,0
58.75,1
59.5,0
59.75,1
60.0,0
60.75,1
63.5,0
63.75,1
64.75,0
65.0,1
65.5,0
77.5,1
77.75,0
78.25,1
78.5,0
81.0,1
81.25,0
81.5,1
82.5,0
82.75,1
83.5,0
83.75,1
84.5,0
84.75,1
85.0,0
85.5,1
86.5,0
86.75,1
87.25,0
87.5,1
89.25,0
102.75,1
103.0,0
105.25,1
105.75,0
106.0,1
107.75,0
108.0,1
108.75,0
109.0,1
109.5,0
109.75,1
110.75,0
111.0,1
112.5,0
112.75,1
113.25,0
113.75,1
114.0,0
128.5,1
128.75,0
129.0,1
130.75,0
131.25,1
132.0,0
132.25,1
133.25,0
133.5,1
134.0,0
134.25,1
134.75,0
135.0,1
136.5,0
136.75,1
137.25,0
198.75,1
199.0,0
200.75,1
201.0,0
201.25,1
201.5,0
202.0,1
204.25,0
204.5,1
205.0,0
205.5,1
207.0,0
207.25,1
207.5,0
207.75,1
208.5,0
208.75,1
209.0,0
209.25,1
209.5,0
211.25,1
211.5,0
212.75,1
213.0,0
213.25,1
213.5,0
214.0,1
214.25,0
224.5,1
224.75,0
225.0,1
225.25,0
225.75,1
226.75,0
227.0,1
227.25,0
228.0,1
228.75,0
229.0,1
229.25,0
229.75,1
230.25,0
231.0,1
232.5,0
233.0,1
233.25,0
248.5,1
249.0,0
249.25,1
250.25,0
250.75,1
252.0,0
252.25,1
254.0,0
254.25,1
255.5,0
255.75,1
256.5,0
256.75,1
257.25,0
271.25,1
271.75,0
272.25,1
274.25,0
274.5,1
275.75,0
276.0,1
276.5,0
276.75,1
277.0,0
277.5,1
277.75,0
278.75,1
279.75,0
280.0,1
280.75,0
294.5,1
294.75,0
295.25,1
295.5,0
296.25,1
296.5,0
296.75,1
297.5,0
297.75,1
300.0,0
300.25,1
304.0,0
304.25,1
305.75,0
368.75,1
369.25,0
369.5,1
369.75,0
370.0,1
373.75,0
374.75,1
377.0,0
377.25,1
377.5,0
393.25,1
393.75,0
394.0,1
396.75,0
397.25,1
397.5,0
397.75,1
401.25,0
401.75,1
402.0,0
405.75,1
406.0,0
439.5,1
439.75,0
440.0,1
440.75,0
441.0,1
441.25,0
441.5,1
442.0,0
442.5,1
443.5,0
444.0,1
444.25,0
444.75,1
445.0,0
445.25,1
446.0,0
446.75,1
448.25,0
448.5,1
449.5,0
465.25,1
465.75,0
466.0,1
466.75,0
467.25,1
467.75,0
468.0,1
468.75,0
469.0,1
473.0,0
536.25,1
536.5,0
537.0,1
537.5,0
538.0,1
540.5,0
541.0,1
542.0,0
542.25,1
542.5,0
542.75,1
543.0,0
543.5,1
545.0,0
550.0,1
550.25,0
558.75,1
559.0,0
561.75,1
563.0,0
563.75,1
568.75,0
569.0,1
569.5,0
584.75,1
585.0,0
585.25,1
585.75,0
586.0,1
586.25,0
586.5,1
586.75,0
587.0,1
589.5,0
590.0,1
590.75,0
591.0,1
591.75,0
592.75,1
593.0,0
593.25,1
593.5,0
598.0,1
598.25,0
606.75,1
607.0,0
607.25,1
607.5,0
609.75,1
612.25,0
612.5,1
613.0,0
613.25,1
613.5,0
613.75,1
614.25,0
614.5,1
615.5,0
615.75,1
617.0,0
617.25,1
617.5,0
630.0,1
630.25,0
632.75,1
634.75,0
635.0,1
635.75,0
636.25,1
638.25,0
638.5,1
640.0,0
640.25,1
641.25,0
701.75,1
702.0,0
702.5,1
702.75,0
705.25,1
705.5,0
705.75,1
708.25,0
708.5,1
710.0,0
710.25,1
711.0,0
711.25,1
711.5,0
711.75,1
714.0,0
726.25,1
726.5,0
728.25,1
728.5,0
728.75,1
729.0,0
729.25,1
729.5,0
730.0,1
731.0,0
731.25,1
734.25,0
734.5,1
735.75,0
736.0,1
736.5,0
736.75,1
737.0,0
753.5,1
754.5,0
754.75,1
755.75,0
756.0,1
756.25,0
756.5,1
757.0,0
757.25,1
758.5,0
758.75,1
759.25,0
759.5,1
760.75,0
761.25,1
761.5,0
774.75,1
775.0,0
776.25,1
776.5,0
776.75,1
778.0,0
778.25,1
779.75,0
780.25,1
781.75,0
782.0,1
784.75,0
785.0,1
785.25,0
786.0,1
786.25,0
789.0,1
789.25,0
799.0,1
799.25,0
800.75,1
801.0,0
801.25,1
802.0,0
802.25,1
805.0,0
805.5,1
806.5,0
806.75,1
807.25,0
807.5,1
808.25,0
808.5,1
809.5,0
814.0,1
814.25,0
872.75,1
873.0,0
873.25,1
873.5,0
873.75,1
874.25,0
874.5,1
875.0,0
875.25,1
875.5,0
875.75,1
876.0,0
876.25,1
878.25,0
878.5,1
879.5,0
879.75,1
880.5,0
880.75,1
881.0,0
881.5,1
881.75,0
884.5,1
884.75,0
895.5,1
895.75,0
896.75,1
897.0,0
897.25,1
897.5,0
897.75,1
899.0,0
900.75,1
901.25,0
901.5,1
901.75,0
902.5,1
903.0,0
903.25,1
905.5,0
917.5,1
917.75,0
918.0,1
918.25,0
919.5,1
920.0,0
920.75,1
921.0,0
921.25,1
922.0,0
922.25,1
922.5,0
922.75,1
924.75,0
925.0,1
926.0,0
926.25,1
926.5,0
926.75,1
928.25,0
928.75,1
929.0,0
933.5,1
933.75,0
942.75,1
943.0,0
943.25,1
943.5,0
945.0,1
945.25,0
945.75,1
946.0,0
946.25,1
947.5,0
947.75,1
950.75,0
951.0,1
953.25,0
956.25,1
956.5,0
966.5,1
967.0,0
969.5,1
970.25,0
970.75,1
972.5,0
972.75,1
974.0,0
974.25,1
976.5,0
977.0,1
977.25,0
1039.0,1
1039.5,0
1040.0,1
1040.25,0
1041.25,1
1044.25,0
1044.5,1
1046.0,0
1046.25,1
1046.5,0
1047.0,1
1048.5,0
1048.75,1
1049.0,0
1049.5,1
1049.75,0
1052.25,1
1052.5,0
1063.0,1
1063.25,0
1065.0,1
1065.75,0
1066.0,1
1068.5,0
1069.0,1
1069.25,0
1070.5,1
1072.0,0
1072.25,1
1073.0,0
1073.75,1
1074.0,0
1077.0,1
1077.25,0
1110.75,1
1111.0,0
1113.0,1
1116.0,0
1116.25,1
1116.75,0
1117.25,1
1118.0,0
1118.25,1
1118.75,0
1119.25,1
1120.5,0
1120.75,1
1121.25,0
1137.0,1
1137.75,0
1138.0,1
1141.75,0
1142.0,1
1142.25,0
1142.5,1
1145.75,0
1147.75,1
1148.0,0
1207.25,1
1207.5,0
1208.75,1
1209.25,0
1209.75,1
1210.75,0
1211.0,1
1211.75,0
1212.0,1
1212.5,0
1212.75,1
1213.75,0
1214.0,1
1214.5,0
1214.75,1
1215.75,0
1216.0,1
1216.5,0
1217.25,1
1217.5,0
1231.75,1
1232.0,0
1232.75,1
1233.0,0
1233.25,1
1233.5,0
1234.0,1
1235.0,0
1235.25,1
1235.5,0
1235.75,1
1236.0,0
1236.25,1
1236.75,0
1237.0,1
1238.0,0
1238.25,1
1239.25,0
1239.5,1
1240.5,0
1240.75,1
1241.25,0
1241.5,1
1241.75,0
1246.0,1
1246.25,0
1255.75,1
1256.0,0
1256.5,1
1258.0,0
1258.25,1
1259.5,0
1259.75,1
1260.0,0
1260.25,1
1261.25,0
1261.75,1
1262.25,0
1262.5,1
1265.0,0
1269.0,1
1269.25,0
1269.5,1
1269.75,0
1277.5,1
1277.75,0
1279.75,1
1280.0,0
1280.25,1
1280.5,0
1281.25,1
1283.0,0
1283.5,1
1284.0,0
1284.25,1
1284.75,0
1285.0,1
1288.0,0
1288.25,1
1288.5,0
1288.75,1
1289.0,0
1290.75,1
1291.0,0
1304.25,1
1304.5,0
1304.75,1
1306.0,0
1306.25,1
1306.75,0
1307.0,1
1307.75,0
1308.0,1
1309.5,0
1309.75,1
1310.25,0
1310.5,1
1311.0,0
1311.25,1
1311.5,0
1311.75,1
1312.5,0
1312.75,1
1313.0,0
1313.5,1
1313.75,0
1374.5,1
1374.75,0
1377.0,1
1378.25,0
1378.5,1
1378.75,0
1379.0,1
1381.0,0
1381.25,1
1381.5,0
1381.75,1
1382.25,0
1382.75,1
1383.25,0
1383.5,1
1384.0,0
1384.25,1
1385.0,0
1385.25,1
1385.5,0
1389.25,1
1389.5,0
1399.0,1
1399.25,0
1400.75,1
1401.0,0
1401.25,1
1401.75,0
1402.0,1
1403.0,0
1403.25,1
1403.5,0
1403.75,1
1405.0,0
1405.25,1
1405.75,0
1406.0,1
1406.25,0
1406.75,1
1407.0,0
1407.25,1
1408.75,0
1423.25,1
1423.5,0
1424.5,1
1424.75,0
1425.75,1
1426.5,0
1426.75,1
1427.5,0
1427.75,1
1428.5,0
1428.75,1
1429.0,0
1429.25,1
1430.75,0
1431.0,1
1431.25,0
1431.5,1
1433.25,0
1433.5,1
1433.75,0
1436.5,1
1436.75,0
1446.5,1
1446.75,0
1449.25,1
1449.5,0
1450.0,1
1452.5,0
1453.0,1
1453.25,0
1453.5,1
1455.0,0
1455.25,1
1455.75,0
1456.25,1
1456.5,0
1456.75,1
1457.25,0
1472.0,1
1472.25,0
1472.5,1
1473.75,0
1474.0,1
1474.5,0
1475.0,1
1476.25,0
1476.5,1
1476.75,0
1477.0,1
1477.75,0
1478.5,1
1479.75,0
1480.0,1
1480.75,0
1481.0,1
1481.25,0
1484.5,1
1484.75,0
1543.5,1
1543.75,0
1544.5,1
1544.75,0
1545.0,1
1545.5,0
1545.75,1
1546.0,0
1546.25,1
1546.5,0
1546.75,1
1547.75,0
1548.0,1
1548.25,0
1548.5,1
1548.75,0
1549.25,1
1553.0,0
1559.0,1
1559.25,0
1566.75,1
1567.0,0
1567.5,1
1567.75,0
1569.0,1
1569.75,0
1570.0,1
1571.75,0
1572.25,1
1573.0,0
1573.5,1
1575.75,0
1576.0,1
1577.0,0
1581.25,1
1581.5,0
1581.75,1
1582.25,0
1592.75,1
1593.0,0
1593.5,1
1594.5,0
1594.75,1
1596.25,0
1596.5,1
1597.75,0
1599.0,1
1599.5,0
1599.75,1
1600.0,0
1600.25,1
1600.75,0
1601.0,1
1601.25,0
1603.75,1
1604.0,0
1615.75,1
1616.0,0
1616.75,1
1617.0,0
1617.25,1
1617.75,0
1618.0,1
1618.25,0
1618.5,1
1618.75,0
1619.0,1
1619.75,0
1620.25,1
1620.75,0
1621.25,1
1623.0,0
1623.25,1
1625.0,0
1625.25,1
1625.5,0
1629.5,1
1629.75,0
1638.25,1
1639.0,0
1639.25,1
1639.5,0
1640.75,1
1641.5,0
1641.75,1
1643.25,0
1643.5,1
1644.25,0
1644.5,1
1645.0,0
1645.25,1
1646.5,0
1646.75,1
1648.0,0
1648.25,1
1648.5,0
1649.0,1
1649.5,0
1649.75,1
1650.0,0
1652.5,1
1652.75,0
1712.75,1
1714.0,0
1714.25,1
1716.25,0
1716.5,1
1717.25,0
1717.5,1
1718.25,0
1718.75,1
1719.0,0
1719.25,1
1720.25,0
1720.5,1
1720.75,0
1721.0,1
1721.25,0
1725.5,1
1725.75,0
1736.5,1
1737.5,0
1737.75,1
1738.5,0
1738.75,1
1739.5,0
1740.0,1
1741.0,0
1741.5,1
1742.75,0
1743.5,1
1743.75,0
1744.0,1
1745.0,0
1749.75,1
1750.0,0
1760.75,1
1761.0,0
1761.25,1
1762.75,0
1763.0,1
1763.75,0
1764.0,1
1764.75,0
1765.0,1
1765.75,0
1766.25,1
1766.5,0
1766.75,1
1767.75,0
1768.0,1
1768.25,0
1768.5,1
1769.25,0
1774.0,1
1774.25,0
1782.5,1
1782.75,0
1783.0,1
1783.25,0
1784.0,1
1784.25,0
1785.0,1
1785.25,0
1785.75,1
1786.75,0
1787.0,1
1787.75,0
1788.0,1
1789.75,0
1790.0,1
1791.75,0
1792.0,1
1792.75,0
1793.25,1
1793.5,0
1797.0,1
1797.25,0
1809.25,1
1811.0,0
1811.5,1
1811.75,0
1812.0,1
1813.0,0
1813.25,1
1814.5,0
1814.75,1
1816.75,0
1817.0,1
1817.25,0
1821.25,1
1821.5,0
1879.25,1
1879.5,0
1880.5,1
1881.5,0
1881.75,1
1883.75,0
1884.0,1
1884.5,0
1884.75,1
1885.0,0
1885.25,1
1885.5,0
1885.75,1
1887.5,0
1887.75,1
1889.0,0
1889.25,1
1889.5,0
1904.25,1
1904.5,0
1904.75,1
1905.75,0
1906.0,1
1906.25,0
1906.5,1
1906.75,0
1907.0,1
1907.75,0
1908.25,1
1909.0,0
1909.25,1
1910.75,0
1911.0,1
1912.25,0
1912.75,1
1913.5,0
1918.25,1
1918.5,0
1927.0,1
1927.25,0
1927.75,1
1928.0,0
1928.5,1
1929.0,0
1929.5,1
1930.5,0
1930.75,1
1931.0,0
1931.25,1
1931.75,0
1932.0,1
1932.25,0
1932.75,1
1934.0,0
1934.25,1
1935.0,0
1935.5,1
1935.75,0
1936.25,1
1936.5,0
1936.75,1
1937.0,0
1950.25,1
1950.5,0
1950.75,1
1951.0,0
1952.5,1
1953.0,0
1953.25,1
1956.5,0
1956.75,1
1958.25,0
1958.75,1
1960.25,0
1960.5,1
1961.0,0
1961.5,1
1961.75,0
1964.5,1
1964.75,0
1974.5,1
1974.75,0
1975.0,1
1975.25,0
1978.0,1
1980.25,0
1980.5,1
1980.75,0
1981.0,1
1982.0,0
1982.25,1
1984.0,0
1984.25,1
1985.5,0
1989.25,1
1989.5,0
2046.5,1
2047.0,0
2048.25,1
2048.75,0
2049.5,1
2049.75,0
2050.25,1
2051.0,0
2051.25,1
2052.0,0
2052.25,1
2053.5,0
2053.75,1
2054.0,0
2054.25,1
2054.75,0
2055.25,1
2055.75,0
2056.0,1
2057.0,0
2057.5,1
2057.75,0
2061.0,1
2061.25,0
2071.0,1
2071.25,0
2072.25,1
2072.5,0
2072.75,1
2073.0,0
2073.75,1
2074.5,0
2074.75,1
2075.5,0
2075.75,1
2076.0,0
2076.25,1
2077.0,0
2077.25,1
2077.75,0
2078.25,1
2079.25,0
2079.5,1
2080.25,0
2081.0,1
2081.25,0
2095.0,1
2095.25,0
2096.25,1
2096.75,0
2097.0,1
2097.25,0
2097.5,1
2099.0,0
2099.75,1
2100.25,0
2100.5,1
2102.25,0
2102.75,1
2103.25,0
2103.5,1
2104.25,0
2104.75,1
2105.0,0
2121.25,1
2121.75,0
2122.0,1
2123.5,0
2123.75,1
2125.25,0
2125.5,1
2129.0,0
2129.75,1
2130.0,0
2134.0,1
2134.25,0
2143.75,1
2144.5,0
2144.75,1
2145.25,0
2146.0,1
2149.0,0
2149.25,1
2149.75,0
2150.5,1
2152.5,0
2152.75,1
2153.0,0
2155.0,1
2155.25,0
2157.25,1
2157.5,0
2217.0,1
2218.0,0
2218.25,1
2220.25,0
2220.5,1
2223.0,0
2223.25,1
2224.25,0
2224.5,1
2225.0,0
2225.25,1
2225.5,0
2225.75,1
2226.0,0
2228.75,1
2229.0,0
2238.25,1
2238.5,0
2239.5,1
2239.75,0
2240.5,1
2240.75,0
2241.0,1
2241.5,0
2241.75,1
2243.0,0
2243.25,1
2243.75,0
2244.0,1
2244.5,0
2244.75,1
2245.75,0
2246.0,1
2249.0,0
2249.25,1
2249.5,0
2265.75,1
2266.25,0
2266.5,1
2267.75,0
2268.0,1
2268.75,0
2269.0,1
2271.5,0
2271.75,1
2272.0,0
2272.25,1
2272.5,0
2273.25,1
2273.5,0
2276.25,1
2276.5,0
2286.25,1
2286.5,0
2288.75,1
2289.5,0
2289.75,1
2291.5,0
2291.75,1
2292.5,0
2292.75,1
2294.5,0
2295.25,1
2297.0,0
2300.75,1
2301.0,0
2302.0,1
2302.25,0
2312.75,1
2314.5,0
2315.0,1
2315.25,0
2315.5,1
2315.75,0
2316.0,1
2319.25,0
2319.5,1
2321.25,0
2326.0,1
2326.25,0
2384.25,1
2384.75,0
2385.0,1
2387.0,0
2387.25,1
2388.0,0
2389.25,1
2389.5,0
2390.25,1
2390.75,0
2391.0,1
2392.5,0
2392.75,1
2393.0,0
2393.25,1
2393.5,0
2396.5,1
2396.75,0
2405.75,1
2406.0,0
2407.0,1
2407.25,0
2409.25,1
2409.5,0
2410.5,1
2413.0,0
2413.25,1
2414.5,0
2414.75,1
2415.0,0
2415.75,1
2416.5,0
2416.75,1
2417.0,0
2417.5,1
2417.75,0
2421.5,1
2421.75,0
2422.0,1
2422.25,0
2431.0,1
2431.25,0
2433.25,1
2434.0,0
2434.25,1
2434.5,0
2434.75,1
2435.25,0
2435.5,1
2435.75,0
2436.75,1
2438.0,0
2438.25,1
2439.5,0
2439.75,1
2440.25,0
2440.5,1
2441.5,0
2456.25,1
2456.5,0
2456.75,1
2457.5,0
2457.75,1
2458.25,0
2458.5,1
2459.0,0
2459.25,1
2460.25,0
2460.5,1
2461.0,0
2461.25,1
2463.5,0
2464.0,1
2465.0,0
2468.5,1
2468.75,0
2469.0,1
2469.25,0
2481.0,1
2481.5,0
2481.75,1
2482.25,0
2482.5,1
2483.5,0
2483.75,1
2485.25,0
2485.5,1
2486.0,0
2486.25,1
2488.25,0
2488.5,1
2488.75,0
2550.75,1
2551.0,0
2551.75,1
2552.0,0
2552.75,1
2553.0,0
2553.25,1
2553.5,0
2553.75,1
2555.75,0
2556.0,1
2557.0,0
2557.5,1
2559.0,0
2559.25,1
2559.75,0
2560.0,1
2560.75,0
2565.5,1
2565.75,0
2574.0,1
2574.25,0
2576.0,1
2577.25,0
2577.5,1
2577.75,0
2578.25,1
2578.5,0
2578.75,1
2579.0,0
2579.25,1
2580.0,0
2580.25,1
2581.0,0
2581.25,1
2581.5,0
2581.75,1
2582.75,0
2583.0,1
2583.5,0
2583.75,1
2584.75,0
2585.0,1
2585.25,0
2598.75,1
2599.0,0
2600.25,1
2600.5,0
2601.0,1
2602.75,0
2603.0,1
2604.75,0
2605.0,1
2605.75,0
2606.0,1
2608.25,0
2608.75,1
2609.25,0
2622.75,1
2623.0,0
2623.5,1
2624.0,0
2625.25,1
2626.0,0
2626.25,1
2627.5,0
2627.75,1
2628.75,0
2629.25,1
2630.25,0
2630.75,1
2632.25,0
2633.0,1
2634.0,0
2637.75,1
2638.0,0
2649.0,1
2649.5,0
2649.75,1
2650.5,0
2650.75,1
2651.0,0
2651.75,1
2652.0,0
2652.25,1
2652.5,0
2652.75,1
2653.25,0
2653.75,1
2655.75,0
2656.0,1
2656.5,0
2656.75,1
2657.5,0
2721.0,1
2721.5,0
2721.75,1
2722.25,0
2722.5,1
2723.0,0
2723.25,1
2723.75,0
2724.0,1
2724.25,0
2724.75,1
2725.75,0
2726.0,1
2726.75,0
2727.0,1
2728.75,0
2729.0,1
2729.5,0
2742.5,1
2742.75,0
2745.0,1
2745.5,0
2746.25,1
2746.5,0
2746.75,1
2747.25,0
2747.5,1
2749.25,0
2749.5,1
2749.75,0
2750.0,1
2750.5,0
2750.75,1
2752.5,0
2756.25,1
2756.5,0
2768.75,1
2769.0,0
2769.25,1
2771.75,0
2772.25,1
2772.75,0
2773.25,1
2773.5,0
2774.0,1
2775.25,0
2775.5,1
2775.75,0
2776.0,1
2776.25,0
2776.5,1
2777.25,0
2792.5,1
2793.25,0
2793.5,1
2794.0,0
2794.25,1
2795.75,0
2796.25,1
2796.75,0
2797.75,1
2798.25,0
2798.5,1
2799.0,0
2799.25,1
2800.5,0
2801.0,1
2801.5,0
2802.25,1
2802.5,0
2804.0,1
2804.25,0
2816.25,1
2816.75,0
2817.25,1
2818.5,0
2818.75,1
2819.25,0
2819.5,1
2821.25,0
2821.5,1
2822.75,0
2823.0,1
2825.0,0
2888.75,1
2890.0,0
2890.75,1
2892.25,0
2892.75,1
2893.5,0
2893.75,1
2894.75,0
2895.0,1
2896.0,0
2896.25,1
2897.25,0
2911.25,1
2911.5,0
2913.25,1
2916.75,0
2917.0,1
2917.75,0
2918.0,1
2918.25,0
2918.5,1
2919.0,0
2919.25,1
2919.5,0
2919.75,1
2921.0,0
2925.0,1
2925.25,0
2936.75,1
2937.75,0
2938.0,1
2938.25,0
2938.5,1
2940.75,0
2941.0,1
2942.0,0
2942.25,1
2943.0,0
2943.5,1
2944.75,0
2948.0,1
2948.25,0
2957.75,1
2958.0,0
2960.75,1
2961.0,0
2961.25,1
2961.75,0
2962.0,1
2964.0,0
2964.5,1
2965.5,0
2965.75,1
2966.75,0
2967.0,1
2967.25,0
2967.5,1
2969.25,0
2982.75,1
2983.0,0
2984.75,1
2985.0,0
2985.25,1
2985.5,0
2985.75,1
2987.0,0
2987.5,1
2991.75,0
2992.0,1
2993.25,0
2997.0,1
2997.25,0
3054.25,1
3054.5,0
3055.0,1
3055.25,0
3056.5,1
3056.75,0
3057.0,1
3057.25,0
3057.75,1
3058.75,0
3059.0,1
3059.75,0
3060.0,1
3061.5,0
3061.75,1
3062.25,0
3063.0,1
3064.5,0
3064.75,1
3065.25,0
3065.5,1
3065.75,0
3080.0,1
3080.25,0
3081.25,1
3083.5,0
3083.75,1
3084.0,0
3084.25,1
3084.75,0
3085.0,1
3086.25,0
3086.5,1
3087.5,0
3087.75,1
3089.0,0
3103.0,1
3103.5,0
3104.0,1
3108.25,0
3109.0,1
3110.75,0
3111.0,1
3111.25,0
3111.5,1
3112.5,0
3112.75,1
3113.25,0
3127.25,1
3127.5,0
3128.25,1
3130.25,0
3130.75,1
3131.5,0
3131.75,1
3132.75,0
3133.0,1
3133.25,0
3133.5,1
3133.75,0
3134.0,1
3134.5,0
3134.75,1
3136.5,0
3136.75,1
3137.25,0
3149.75,1
3150.25,0
3150.75,1
3151.0,0
3153.5,1
3155.25,0
3155.5,1
3157.25,0
3157.75,1
3158.75,0
3159.25,1
3161.0,0
3161.75,1
3162.0,0
3224.75,1
3225.0,0
3225.25,1
3226.0,0
3226.5,1
3227.75,0
3228.25,1
3228.5,0
3229.5,1
3230.25,0
3231.0,1
3231.25,0
3231.5,1
3232.75,0
3233.0,1
3233.25,0
3236.5,1
3236.75,0
3237.0,1
3237.25,0
3246.0,1
3246.25,0
3247.5,1
3248.0,0
3249.0,1
3249.25,0
3249.75,1
3250.0,0
3250.25,1
3250.75,0
3251.0,1
3252.0,0
3252.25,1
3252.75,0
3253.0,1
3253.5,0
3253.75,1
3254.5,0
3254.75,1
3256.5,0
3256.75,1
3257.0,0
3257.25,1
3257.5,0
3257.75,1
3258.0,0
3260.75,1
3261.0,0
3270.75,1
3271.0,0
3273.0,1
3273.5,0
3273.75,1
3276.25,0
3276.5,1
3278.0,0
3278.25,1
3278.75,0
3279.0,1
3281.5,0
3293.75,1
3294.0,0
3296.25,1
3296.5,0
3297.0,1
3298.0,0
3298.5,1
3299.5,0
3299.75,1
3301.0,0
3301.25,1
3301.75,0
3302.25,1
3303.0,0
3303.25,1
3304.75,0
3305.0,1
3305.25,0
3317.5,1
3317.75,0
3319.75,1
3320.0,0
3320.75,1
3321.25,0
3321.75,1
3327.75,0
3328.25,1
3329.0,0
3329.25,1
3329.5,0
3329.75,1
3330.0,0
3333.25,1
3333.5,0
3392.75,1
3393.75,0
3394.0,1
3394.75,0
3395.0,1
3397.0,0
3397.5,1
3398.75,0
3399.25,1
3401.0,0
3415.0,1
3415.25,0
3415.75,1
3416.0,0
3417.0,1
3417.25,0
3417.5,1
3420.5,0
3420.75,1
3421.0,0
3421.5,1
3421.75,0
3422.0,1
3422.5,0
3422.75,1
3423.0,0
3423.25,1
3423.75,0
3424.0,1
3424.75,0
3425.0,1
3425.25,0
3438.0,1
3438.25,0
3440.75,1
3442.75,0
3443.0,1
3443.75,0
3444.0,1
3444.5,0
3444.75,1
3445.25,0
3445.5,1
3446.5,0
3446.75,1
3447.75,0
3448.0,1
3448.5,0
3449.0,1
3449.25,0
3453.5,1
3453.75,0
3463.5,1
3464.0,0
3465.25,1
3466.0,0
3466.25,1
3467.75,0
3468.0,1
3469.25,0
3469.5,1
3473.0,0
3473.25,1
3473.5,0
3487.25,1
3487.5,0
3487.75,1
3488.25,0
3488.5,1
3488.75,0
3489.25,1
3489.5,0
3489.75,1
3490.0,0
3490.25,1
3491.0,0
3491.5,1
3492.25,0
3492.5,1
3493.0,0
3493.75,1
3495.75,0
3496.0,1
3496.75,0
3500.0,1
3500.25,0
3557.75,1
3558.0,0
3560.0,1
3560.25,0
3561.25,1
3561.5,0
3561.75,1
3563.5,0
3563.75,1
3564.75,0
3565.25,1
3569.25,0
3569.5,1
3569.75,0
3574.25,1
3574.5,0
3609.5,1
3612.0,0
3612.25,1
3613.25,0
3613.5,1
3613.75,0
3614.0,1
3615.75,0
3616.0,1
3616.5,0
3632.75,1
3633.0,0
3633.75,1
3634.0,0
3634.25,1
3635.75,0
3636.0,1
3636.25,0
3636.75,1
3637.25,0
3637.5,1
3638.0,0
3638.25,1
3638.5,0
3638.75,1
3639.25,0
3639.5,1
3640.5,0
3640.75,1
3641.0,0
3655.25,1
3655.5,0
3657.0,1
3657.25,0
3657.5,1
3660.5,0
3660.75,1
3662.0,0
3662.5,1
3663.0,0
3663.5,1
3664.25,0
3664.5,1
3665.0,0
3665.25,1
3665.5,0
3727.25,1
3727.5,0
3728.0,1
3728.75,0
3729.0,1
3730.25,0
3730.5,1
3733.25,0
3733.75,1
3735.0,0
3735.25,1
3735.5,0
3735.75,1
3736.5,0
3736.75,1
3737.0,0
3739.5,1
3739.75,0
3741.25,1
3741.5,0
3749.75,1
3750.0,0
3752.75,1
3753.0,0
3753.5,1
3753.75,0
3754.25,1
3756.25,0
3756.5,1
3757.0,0
3757.25,1
3757.5,0
3757.75,1
3758.25,0
3759.0,1
3759.5,0
3759.75,1
3761.0,0
3773.5,1
3773.75,0
3777.75,1
3778.5,0
3779.0,1
3779.75,0
3780.25,1
3780.75,0
3781.5,1
3782.25,0
3782.5,1
3783.75,0
3784.0,1
3784.75,0
3785.0,1
3785.25,0
3785.5,1
3785.75,0
3788.25,1
3788.5,0
3799.25,1
3799.75,0
3800.5,1
3800.75,0
3801.0,1
3801.5,0
3801.75,1
3802.5,0
3802.75,1
3805.25,0
3805.5,1
3805.75,0
3806.0,1
3807.25,0
3807.5,1
3808.0,0
3808.25,1
3809.0,0
3822.5,1
3822.75,0
3824.75,1
3825.25,0
3825.5,1
3825.75,0
3826.25,1
3826.75,0
3827.25,1
3828.25,0
3828.5,1
3828.75,0
3829.0,1
3829.25,0
3829.5,1
3830.0,0
3830.25,1
3831.25,0
3831.5,1
3833.0,0
3833.25,1
3833.5,0
3836.0,1
3836.25,0
3838.0,1
3838.25,0
3896.5,1
3896.75,0
3897.0,1
3897.5,0
3897.75,1
3899.5,0
3899.75,1
3900.25,0
3900.5,1
3901.25,0
3901.5,1
3902.0,0
3902.25,1
3902.5,0
3902.75,1
3903.0,0
3903.5,1
3904.25,0
3904.75,1
3905.0,0
3905.25,1
3905.5,0
3918.0,1
3918.25,0
3920.75,1
3921.5,0
3921.75,1
3922.0,0
3922.25,1
3923.75,0
3924.25,1
3924.75,0
3925.0,1
3925.5,0
3925.75,1
3928.0,0
3928.25,1
3928.75,0
3929.25,1
3929.5,0
3931.75,1
3932.0,0
3943.0,1
3943.25,0
3944.25,1
3944.5,0
3945.0,1
3948.0,0
3948.25,1
3950.25,0
3950.75,1
3953.0,0
3968.75,1
3969.0,0
3969.25,1
3970.0,0
3970.25,1
3972.5,0
3972.75,1
3974.0,0
3974.25,1
3976.25,0
3976.5,1
3977.0,0
3990.0,1
3990.25,0
3991.0,1
3991.25,0
3993.0,1
3993.5,0
3993.75,1
3994.75,0
3995.0,1
3998.75,0
3999.0,1
3999.5,0
3999.75,1
4000.25,0
4000.5,1
4001.25,0
4001.5,1
4001.75,0
4005.0,1
4005.25,0
4063.0,1
4063.25,0
4065.0,1
4069.25,0
4069.5,1
4071.0,0
4071.5,1
4072.0,0
4072.25,1
4072.5,0
4072.75,1
4073.0,0
4073.5,1
4073.75,0
4077.25,1
4077.5,0
4087.75,1
4088.0,0
4088.75,1
4090.75,0
4091.0,1
4092.75,0
4093.0,1
4093.5,0
4093.75,1
4094.25,0
4094.5,1
4094.75,0
4095.25,1
4096.5,0
4097.0,1
4097.25,0
4097.5,1
4097.75,0
4101.0,1
4101.25,0
4111.25,1
4111.75,0
4112.75,1
4113.5,0
4114.0,1
4118.0,0
4118.5,1
4119.0,0
4119.25,1
4121.0,0
4126.25,1
4126.5,0
4136.75,1
4140.0,0
4140.5,1
4141.25,0
4141.75,1
4143.0,0
4143.5,1
4143.75,0
4144.25,1
4144.5,0
4145.0,1
4145.25,0
4147.0,1
4147.25,0
4148.0,1
4148.25,0
4161.5,1
4161.75,0
4162.0,1
4162.5,0
4162.75,1
4165.0,0
4165.25,1
4166.0,0
4166.25,1
4167.25,0
4167.5,1
4168.0,0
4168.25,1
4168.5,0
4169.5,1
4169.75,0
4232.0,1
4232.25,0
4233.25,1
4233.75,0
4234.5,1
4235.5,0
4235.75,1
4237.0,0
4237.5,1
4239.0,0
4239.25,1
4240.0,0
4240.25,1
4240.5,0
4240.75,1
4241.0,0
4257.0,1
4257.25,0
4257.75,1
4258.75,0
4259.0,1
4259.25,0
4259.75,1
4261.25,0
4261.75,1
4262.75,0
4263.0,1
4263.25,0
4263.5,1
4263.75,0
4264.0,1
4265.25,0
4269.25,1
4269.5,0
4279.5,1
4279.75,0
4280.25,1
4280.75,0
4281.0,1
4283.0,0
4283.25,1
4284.0,0
4284.5,1
4284.75,0
4285.0,1
4285.75,0
4286.25,1
4286.75,0
4287.0,1
4287.5,0
4287.75,1
4288.75,0
4289.0,1
4289.75,0
4293.0,1
4293.25,0
4302.0,1
4302.25,0
4304.75,1
4307.25,0
4307.5,1
4308.75,0
4309.0,1
4310.0,0
4310.75,1
4313.5,0
4325.75,1
4326.0,0
4329.5,1
4330.75,0
4331.0,1
4331.25,0
4331.75,1
4333.25,0
4333.75,1
4335.5,0
4335.75,1
4336.75,0
4337.25,1
4337.5,0
4342.25,1
4342.5,0
4399.5,1
4400.0,0
4400.75,1
4401.0,0
4401.5,1
4403.75,0
4404.0,1
4404.5,0
4405.0,1
4405.25,0
4405.5,1
4406.5,0
4406.75,1
4407.5,0
4407.75,1
4409.25,0
4446.75,1
4447.0,0
4448.5,1
4448.75,0
4449.0,1
4449.25,0
4449.5,1
4450.0,0
4450.25,1
4451.25,0
4451.75,1
4453.0,0
4453.25,1
4454.5,0
4455.25,1
4455.75,0
4456.0,1
4456.25,0
4456.5,1
4457.0,0
4470.75,1
4471.0,0
4473.25,1
4473.75,0
4474.0,1
4474.75,0
4475.0,1
4475.5,0
4476.0,1
4477.0,0
4477.25,1
4477.75,0
4478.0,1
4479.5,0
4480.0,1
4481.0,0
4483.5,1
4483.75,0
4495.0,1
4495.5,0
4496.75,1
4500.0,0
4500.5,1
4502.5,0
4502.75,1
4504.75,0
4505.5,1
4505.75,0
4508.75,1
4509.0,0
4567.5,1
4567.75,0
4568.5,1
4568.75,0
4569.0,1
4569.5,0
4569.75,1
4572.25,0
4572.75,1
4575.0,0
4575.25,1
4575.5,0
4575.75,1
4576.25,0
4576.5,1
4576.75,0
4577.25,1
4577.5,0
4580.5,1
4580.75,0
4591.5,1
4592.0,0
4592.5,1
4592.75,0
4593.0,1
4595.75,0
4596.0,1
4596.5,0
4596.75,1
4597.25,0
4597.5,1
4598.25,0
4598.5,1
4599.0,0
4599.5,1
4600.25,0
4600.75,1
4601.5,0
4614.0,1
4614.75,0
4615.25,1
4615.5,0
4615.75,1
4616.0,0
4616.75,1
4618.0,0
4618.25,1
4619.0,0
4619.5,1
4620.0,0
4620.5,1
4625.25,0
4628.5,1
4628.75,0
4631.0,1
4631.25,0
4640.5,1
4640.75,0
4641.0,1
4641.25,0
4641.5,1
4643.0,0
4643.25,1
4646.0,0
4646.25,1
4646.75,0
4647.0,1
4647.25,0
4647.5,1
4648.0,0
4648.5,1
4649.0,0
4649.25,1
4649.5,0
4650.0,1
4650.25,0
4653.0,1
4653.25,0
4663.5,1
4663.75,0
4664.0,1
4664.25,0
4664.75,1
4665.5,0
4665.75,1
4667.75,0
4668.0,1
4669.0,0
4669.5,1
4669.75,0
4670.0,1
4672.75,0
4678.75,1
4679.0,0
4737.25,1
4737.75,0
4738.0,1
4738.75,0
4739.0,1
4741.75,0
4742.0,1
4742.25,0
4742.75,1
4744.0,0
4744.25,1
4744.5,0
4744.75,1
4745.0,0
4745.5,1
4745.75,0
4758.5,1
4758.75,0
4761.25,1
4763.5,0
4763.75,1
4765.5,0
4765.75,1
4767.25,0
4767.5,1
4768.25,0
4771.75,1
4772.0,0
4785.0,1
4785.5,0
4785.75,1
4788.5,0
4788.75,1
4789.0,0
4789.25,1
4790.75,0
4791.0,1
4791.5,0
4792.0,1
4793.0,0
4806.25,1
4806.5,0
4807.25,1
4807.75,0
4808.25,1
4808.5,0
4809.0,1
4809.5,0
4810.25,1
4810.75,0
4811.0,1
4812.75,0
4813.25,1
4813.5,0
4813.75,1
4814.0,0
4814.25,1
4815.75,0
4816.25,1
4817.5,0
4820.75,1
4821.0,0
4829.5,1
4829.75,0
4830.0,1
4830.25,0
4832.75,1
4833.0,0
4833.5,1
4834.5,0
4834.75,1
4835.25,0
4835.5,1
4836.0,0
4836.5,1
4837.0,0
4837.25,1
4837.5,0
4838.0,1
4841.25,0
4844.25,1
4844.5,0
4845.0,1
4845.25,0
4905.0,1
4908.0,0
4908.25,1
4908.5,0
4908.75,1
4909.75,0
4910.0,1
4913.25,0
4928.5,1
4929.0,0
4929.25,1
4932.5,0
4932.75,1
4933.5,0
4934.75,1
4935.25,0
4935.5,1
4936.5,0
4936.75,1
4937.0,0
4942.5,1
4942.75,0
4952.25,1
4952.75,0
4953.25,1
4953.5,0
4953.75,1
4954.0,0
4954.25,1
4954.5,0
4954.75,1
4955.75,0
4956.0,1
4957.75,0
4958.0,1
4959.75,0
4960.0,1
4960.25,0
4960.5,1
4961.0,0
4961.25,1
4961.5,0
4961.75,1
4962.0,0
4964.5,1
4964.75,0
4977.5,1
4977.75,0
4978.25,1
4978.75,0
4979.25,1
4979.5,0
4980.25,1
4980.75,0
4981.25,1
4981.5,0
4981.75,1
4985.25,0
4985.5,1
4985.75,0
4999.0,1
4999.25,0
4999.5,1
4999.75,0
5000.25,1
5000.5,0
5001.0,1
5002.25,0
5002.75,1
5005.25,0
5005.5,1
5005.75,0
5006.25,1
5007.75,0
5008.0,1
5008.5,0
5009.0,1
5009.25,0
5012.25,1
5012.5,0
5070.75,1
5071.0,0
5072.75,1
5073.25,0
5073.5,1
5073.75,0
5074.0,1
5074.25,0
5074.5,1
5075.5,0
5075.75,1
5076.25,0
5076.5,1
5076.75,0
5077.25,1
5078.75,0
5079.0,1
5080.75,0
5081.25,1
5081.5,0
5094.25,1
5094.5,0
5095.0,1
5095.5,0
5097.75,1
5098.25,0
5098.75,1
5099.0,0
5099.5,1
5100.25,0
5100.5,1
5100.75,0
5101.0,1
5102.75,0
5103.25,1
5104.25,0
5104.75,1
5105.0,0
5108.0,1
5108.25,0
5120.75,1
5123.75,0
5124.25,1
5125.0,0
5125.25,1
5126.0,0
5126.25,1
5127.0,0
5127.25,1
5127.75,0
5128.0,1
5128.75,0
5129.25,1
5129.5,0
5144.25,1
5144.5,0
5144.75,1
5145.0,0
5145.25,1
5146.75,0
5147.0,1
5147.75,0
5148.0,1
5150.25,0
5150.75,1
5152.25,0
5152.5,1
5153.75,0
5168.0,1
5168.25,0
5168.5,1
5168.75,0
5169.0,1
5169.75,0
5170.0,1
5173.25,0
5173.5,1
5174.0,0
5174.25,1
5174.5,0
5174.75,1
5176.0,0
5176.25,1
5177.25,0
5182.0,1
5182.25,0
5240.25,1
5240.5,0
5241.0,1
5242.75,0
5243.25,1
5244.75,0
5245.0,1
5247.0,0
5247.5,1
5248.25,0
5249.0,1
5249.25,0
5262.75,1
5263.0,0
5263.75,1
5264.0,0
5264.5,1
5264.75,0
5265.25,1
5267.75,0
5268.0,1
5269.25,0
5269.5,1
5270.5,0
5270.75,1
5271.0,0
5271.5,1
5272.25,0
5272.5,1
5272.75,0
5273.75,1
5274.0,0
5289.25,1
5289.75,0
5290.25,1
5291.75,0
5292.0,1
5293.25,0
5293.5,1
5294.25,0
5295.0,1
5295.25,0
5295.5,1
5296.75,0
5297.0,1
5297.25,0
5311.25,1
5311.75,0
5312.0,1
5312.5,0
5312.75,1
5313.5,0
5313.75,1
5314.25,0
5314.5,1
5314.75,0
5315.5,1
5316.25,0
5316.5,1
5316.75,0
5317.0,1
5319.0,0
5319.25,1
5320.75,0
5321.0,1
5321.25,0
5325.25,1
5325.5,0
5334.0,1
5334.25,0
5335.25,1
5335.5,0
5336.25,1
5336.75,0
5337.0,1
5337.25,0
5337.5,1
5338.75,0
5339.0,1
5339.5,0
5339.75,1
5340.0,0
5340.25,1
5340.5,0
5340.75,1
5342.0,0
5342.25,1
5342.75,0
5343.0,1
5343.25,0
5343.5,1
5345.25,0
5348.5,1
5348.75,0
5408.75,1
5409.5,0
5409.75,1
5410.75,0
5411.0,1
5411.25,0
5411.5,1
5413.25,0
5413.5,1
5414.5,0
5415.0,1
5415.25,0
5415.75,1
5416.25,0
5417.0,1
5417.25,0
5430.5,1
5431.0,0
5432.25,1
5433.0,0
5433.25,1
5435.0,0
5435.25,1
5437.5,0
5438.75,1
5440.25,0
5440.75,1
5441.0,0
5457.0,1
5457.5,0
5457.75,1
5459.0,0
5459.25,1
5460.5,0
5460.75,1
5461.0,0
5461.5,1
5462.5,0
5462.75,1
5463.5,0
5464.0,1
5464.25,0
5464.75,1
5465.0,0
5477.5,1
5478.0,0
5480.0,1
5480.25,0
5482.0,1
5483.25,0
5484.0,1
5484.5,0
5485.25,1
5486.25,0
5486.5,1
5487.5,0
5487.75,1
5488.5,0
5491.75,1
5492.0,0
5502.75,1
5503.0,0
5503.75,1
5504.0,0
5505.5,1
5507.75,0
5508.0,1
5508.5,0
5508.75,1
5509.5,0
5510.0,1
5510.25,0
5510.5,1
5511.0,0
5511.25,1
5512.5,0
5512.75,1
5513.25,0
5574.75,1
5575.0,0
5576.75,1
5577.0,0
5577.25,1
5580.0,0
5580.5,1
5581.0,0
5581.75,1
5582.0,0
5582.25,1
5585.25,0
5598.75,1
5599.0,0
5601.25,1
5602.0,0
5602.25,1
5602.5,0
5602.75,1
5603.75,0
5604.0,1
5604.75,0
5605.0,1
5605.5,0
5605.75,1
5606.25,0
5606.5,1
5609.0,0
5609.75,1
5610.0,0
5613.0,1
5613.25,0
5615.0,1
5615.25,0
5622.5,1
5622.75,0
5625.25,1
5625.5,0
5625.75,1
5628.5,0
5628.75,1
5629.0,0
5629.25,1
5629.75,0
5630.0,1
5630.25,0
5630.5,1
5631.0,0
5631.25,1
5632.5,0
5632.75,1
5633.0,0
5646.5,1
5646.75,0
5649.0,1
5649.5,0
5650.0,1
5650.5,0
5650.75,1
5653.0,0
5653.25,1
5653.75,0
5654.0,1
5655.75,0
5656.0,1
5656.75,0
5657.0,1
5657.25,0
5671.5,1
5671.75,0
5673.25,1
5674.25,0
5674.5,1
5675.0,0
5675.5,1
5676.25,0
5676.5,1
5676.75,0
5677.25,1
5678.25,0
5678.5,1
5680.25,0
5680.5,1
5681.0,0
5681.75,1
5682.0,0
5742.0,1
5742.25,0
5744.0,1
5744.5,0
5744.75,1
5747.5,0
5747.75,1
5748.25,0
5748.5,1
5750.0,0
5750.5,1
5752.75,0
5753.25,1
5753.5,0
5768.5,1
5769.75,0
5770.75,1
5772.25,0
5772.5,1
5773.0,0
5773.25,1
5775.75,0
5776.0,1
5776.25,0
5776.5,1
5777.25,0
5777.5,1
5777.75,0
5789.75,1
5790.0,0
5791.0,1
5791.25,0
5792.25,1
5792.5,0
5793.25,1
5795.75,0
5796.25,1
5796.5,0
5796.75,1
5798.25,0
5798.5,1
5798.75,0
5799.0,1
5800.75,0
5816.0,1
5816.25,0
5817.0,1
5820.0,0
5820.25,1
5821.0,0
5821.25,1
5821.75,0
5822.0,1
5822.75,0
5823.0,1
5824.5,0
5824.75,1
5825.25,0
5833.0,1
5833.25,0
5835.25,1
5835.75,0
5836.75,1
5837.0,0
5838.25,1
5838.5,0
5841.0,1
5841.25,0
5841.5,1
5842.75,0
5843.0,1
5844.0,0
5844.25,1
5845.0,0
5845.25,1
5847.0,0
5847.25,1
5848.75,0
5909.5,1
5909.75,0
5910.75,1
5911.75,0
5912.5,1
5912.75,0
5913.0,1
5914.5,0
5914.75,1
5915.25,0
5915.5,1
5915.75,0
5916.0,1
5916.75,0
5917.0,1
5917.25,0
5917.5,1
5919.25,0
5919.5,1
5920.75,0
5922.75,1
5923.0,0
5959.5,1
5959.75,0
5960.5,1
5962.75,0
5963.0,1
5963.5,0
5964.0,1
5966.25,0
5966.5,1
5968.0,0
5968.25,1
5968.75,0
5969.0,1
5969.5,0
5983.5,1
5983.75,0
5985.25,1
5985.5,0
5985.75,1
5986.5,0
5987.0,1
5987.25,0
5987.5,1
5988.75,0
5989.0,1
5989.75,0
5990.0,1
5991.25,0
5991.5,1
5993.0,0
5995.75,1
5996.0,0
6006.25,1
6006.5,0
6007.0,1
6007.25,0
6008.25,1
6008.75,0
6009.0,1
6010.25,0
6010.5,1
6012.75,0
6014.0,1
6014.25,0
6014.5,1
6015.0,0
6015.25,1
6017.5,0
6020.0,1
6020.5,0
6079.5,1
6079.75,0
6081.5,1
6082.0,0
6082.25,1
6082.75,0
6083.0,1
6083.25,0
6083.5,1
6084.5,0
6084.75,1
6085.0,0
6085.25,1
6086.75,0
6087.0,1
6087.5,0
6087.75,1
6089.0,0
6089.5,1
6089.75,0
6092.5,1
6092.75,0
6102.5,1
6103.0,0
6104.0,1
6104.25,0
6105.0,1
6105.5,0
6105.75,1
6106.25,0
6106.75,1
6107.75,0
6108.0,1
6108.25,0
6108.5,1
6109.5,0
6109.75,1
6110.0,0
6110.25,1
6111.0,0
6111.25,1
6112.75,0
6113.0,1
6113.25,0
6113.5,1
6113.75,0
6129.0,1
6129.5,0
6129.75,1
6132.25,0
6132.5,1
6134.25,0
6135.0,1
6135.75,0
6136.0,1
6136.25,0
6136.5,1
6137.0,0
6137.25,1
6137.5,0
6141.25,1
6141.5,0
6150.0,1
6150.25,0
6151.5,1
6151.75,0
6152.0,1
6152.25,0
6152.5,1
6155.5,0
6155.75,1
6156.5,0
6156.75,1
6157.75,0
6158.0,1
6158.75,0
6159.0,1
6160.0,0
6160.25,1
6161.25,0
6165.5,1
6165.75,0
6173.5,1
6173.75,0
6175.25,1
6175.5,0
6175.75,1
6176.25,0
6176.75,1
6177.0,0
6177.25,1
6177.5,0
6178.0,1
6180.5,0
6180.75,1
6181.0,0
6181.25,1
6183.75,0
6184.25,1
6184.75,0
6185.0,1
6185.25,0
6248.75,1
6249.0,0
6249.5,1
6250.75,0
6251.0,1
6251.75,0
6252.0,1
6252.25,0
6252.5,1
6254.0,0
6254.75,1
6257.25,0
6257.5,1
6257.75,0
6272.75,1
6273.0,0
6273.25,1
6273.75,0
6274.0,1
6275.0,0
6275.25,1
6276.25,0
6276.5,1
6276.75,0
6277.0,1
6277.5,0
6277.75,1
6279.75,0
6280.0,1
6280.75,0
6284.25,1
6284.5,0
6295.75,1
6296.0,0
6297.0,1
6297.5,0
6297.75,1
6298.5,0
6298.75,1
6300.0,0
6300.25,1
6300.75,0
6301.0,1
6301.25,0
6301.5,1
6302.0,0
6302.25,1
6304.0,0
6304.25,1
6304.5,0
6304.75,1
6305.25,0
6318.75,1
6319.0,0
6319.25,1
6319.5,0
6320.75,1
6324.75,0
6325.0,1
6325.75,0
6326.0,1
6328.0,0
6328.25,1
6329.0,0
6329.25,1
6329.5,0
6342.5,1
6342.75,0
6344.25,1
6344.75,0
6345.5,1
6346.0,0
6346.25,1
6346.5,0
6346.75,1
6347.0,0
6347.25,1
6347.5,0
6347.75,1
6348.5,0
6348.75,1
6349.75,0
6350.5,1
6352.0,0
6352.25,1
6352.75,0
6353.0,1
6353.25,0
6416.25,1
6418.0,0
6418.25,1
6419.75,0
6420.0,1
6420.5,0
6420.75,1
6421.5,0
6421.75,1
6425.25,0
6439.75,1
6440.0,0
6440.5,1
6443.0,0
6443.25,1
6443.75,0
6444.0,1
6444.25,0
6444.5,1
6445.0,0
6445.25,1
6445.5,0
6446.0,1
6446.75,0
6447.25,1
6448.0,0
6448.25,1
6449.25,0
6452.5,1
6452.75,0
6461.75,1
6462.0,0
6464.0,1
6464.25,0
6465.0,1
6465.25,0
6465.5,1
6466.75,0
6467.0,1
6468.25,0
6468.5,1
6469.25,0
6469.75,1
6470.5,0
6470.75,1
6471.75,0
6472.0,1
6472.75,0
6477.0,1
6477.25,0
6478.25,1
6478.5,0
6485.5,1
6485.75,0
6487.75,1
6488.25,0
6488.75,1
6489.0,0
6489.25,1
6489.75,0
6490.5,1
6491.5,0
6491.75,1
6492.5,0
6492.75,1
6493.0,0
6493.5,1
6494.0,0
6494.25,1
6497.0,0
6497.5,1
6497.75,0
6512.75,1
6513.25,0
6513.5,1
6514.0,0
6514.25,1
6514.5,0
6514.75,1
6515.0,0
6515.25,1
6515.5,0
6516.0,1
6518.0,0
6518.25,1
6518.75,0
6519.75,1
6520.5,0
6521.0,1
6521.25,0
6525.25,1
6525.75,0
6584.5,1
6584.75,0
6585.25,1
6585.75,0
6586.0,1
6586.25,0
6586.5,1
6586.75,0
6587.0,1
6589.25,0
6589.5,1
6589.75,0
6590.0,1
6590.75,0
6591.25,1
6592.0,0
6592.25,1
6593.0,0
6606.0,1
6606.25,0
6608.75,1
6609.0,0
6609.25,1
6609.5,0
6609.75,1
6610.25,0
6610.5,1
6610.75,0
6611.0,1
6611.25,0
6611.5,1
6612.5,0
6612.75,1
6613.25,0
6613.5,1
6615.0,0
6615.25,1
6615.5,0
6615.75,1
6616.5,0
6617.0,1
6617.25,0
6619.25,1
6619.5,0
6631.25,1
6631.5,0
6633.25,1
6634.5,0
6634.75,1
6635.75,0
6636.0,1
6638.5,0
6638.75,1
6639.0,0
6639.25,1
6639.5,0
6639.75,1
6640.5,0
6640.75,1
6641.5,0
6645.5,1
6645.75,0
6655.75,1
6656.0,0
6657.25,1
6657.5,0
6657.75,1
6658.0,0
6658.5,1
6659.75,0
6660.0,1
6662.0,0
6662.25,1
6662.5,0
6662.75,1
6663.0,0
6663.25,1
6664.25,0
6664.5,1
6664.75,0
6665.25,1
6665.5,0
6667.25,1
6667.5,0
6668.25,1
6668.5,0
6670.0,1
6670.25,0
6679.5,1
6679.75,0
6680.75,1
6681.0,0
6681.25,1
6682.0,0
6682.25,1
6684.0,0
6684.25,1
6684.75,0
6685.0,1
6685.75,0
6686.0,1
6687.0,0
6687.25,1
6687.75,0
6688.0,1
6688.25,0
6688.5,1
6688.75,0
6689.0,1
6689.25,0
6689.75,1
6690.0,0
6753.0,1
6754.0,0
6754.25,1
6757.0,0
6757.25,1
6759.75,0
6760.0,1
6760.75,0
6761.25,1
6761.5,0
6798.25,1
6798.75,0
6801.75,1
6802.5,0
6802.75,1
6805.0,0
6805.25,1
6806.75,0
6807.0,1
6808.0,0
6808.25,1
6808.5,0
6808.75,1
6809.0,0
6809.25,1
6809.75,0
6813.0,1
6813.25,0
6822.75,1
6823.0,0
6825.0,1
6826.75,0
6827.0,1
6827.5,0
6827.75,1
6828.0,0
6828.25,1
6828.5,0
6828.75,1
6829.75,0
6830.0,1
6830.5,0
6830.75,1
6832.5,0
6832.75,1
6833.0,0
6833.25,1
6833.5,0
6845.75,1
6846.0,0
6849.0,1
6850.25,0
6850.75,1
6852.5,0
6852.75,1
6853.0,0
6853.25,1
6857.75,0
6921.0,1
6921.75,0
6922.0,1
6923.25,0
6923.75,1
6924.0,0
6924.5,1
6926.5,0
6926.75,1
6927.5,0
6927.75,1
6928.5,0
6928.75,1
6929.25,0
6929.5,1
6929.75,0
6942.75,1
6943.25,0
6944.5,1
6945.25,0
6945.5,1
6946.5,0
6947.0,1
6948.5,0
6948.75,1
6951.0,0
6951.25,1
6952.5,0
6952.75,1
6953.25,0
6965.75,1
6966.0,0
6966.75,1
6967.0,0
6967.75,1
6968.0,0
6968.25,1
6968.5,0
6969.5,1
6970.0,0
6970.25,1
6970.75,0
6971.0,1
6973.0,0
6973.25,1
6974.25,0
6974.75,1
6975.25,0
6975.5,1
6976.0,0
6976.25,1
6976.5,0
6976.75,1
6977.0,0
6991.5,1
6991.75,0
6992.5,1
6992.75,0
6993.25,1
6993.75,0
6994.0,1
6998.0,0
6998.25,1
7000.5,0
7000.75,1
7001.0,0
7014.75,1
7015.25,0
7015.5,1
7015.75,0
7016.25,1
7016.5,0
7017.0,1
7017.25,0
7017.5,1
7018.25,0
7018.5,1
7018.75,0
7019.25,1
7020.0,0
7020.25,1
7021.0,0
7021.25,1
7022.0,0
7022.25,1
7024.0,0
7024.25,1
7024.5,0
7024.75,1
7025.0,0
7088.75,1
7089.0,0
7089.5,1
7091.0,0
7091.25,1
7093.0,0
7093.25,1
7093.5,0
7093.75,1
7095.75,0
7096.0,1
7096.75,0
7097.0,1
7097.5,0
7111.5,1
7111.75,0
7113.0,1
7113.5,0
7113.75,1
7114.75,0
7115.25,1
7116.0,0
7116.5,1
7116.75,0
7117.5,1
7119.25,0
7119.5,1
7119.75,0
7120.0,1
7120.5,0
7120.75,1
7121.0,0
7123.75,1
7124.0,0
7124.75,1
7125.0,0
7136.0,1
7136.25,0
7136.5,1
7137.0,0
7138.0,1
7138.5,0
7138.75,1
7140.25,0
7140.75,1
7144.25,0
7144.5,1
7145.0,0
7147.5,1
7147.75,0
7148.75,1
7149.0,0
7160.75,1
7161.0,0
7161.5,1
7161.75,0
7162.0,1
7162.5,0
7162.75,1
7163.5,0
7163.75,1
7164.5,0
7165.0,1
7165.5,0
7165.75,1
7166.0,0
7166.5,1
7167.75,0
7168.0,1
7168.5,0
7168.75,1
7169.25,0
7183.0,1
7183.25,0
7184.75,1
7185.0,0
7185.5,1
7185.75,0
7186.0,1
7186.25,0
7186.5,1
7187.75,0
7188.0,1
7189.0,0
7189.25,1
7189.75,0
7190.0,1
7190.25,0
7190.5,1
7191.25,0
7191.75,1
7192.25,0
7196.25,1
7196.5,0
7197.75,1
7198.0,0
7255.75,1
7256.0,0
7256.5,1
7256.75,0
7257.25,1
7258.25,0
7258.5,1
7260.25,0
7260.5,1
7261.0,0
7261.5,1
7261.75,0
7262.0,1
7262.25,0
7262.5,1
7265.25,0
7268.0,1
7268.5,0
7278.0,1
7278.25,0
7279.0,1
7279.25,0
7281.0,1
7282.0,0
7282.25,1
7284.0,0
7284.25,1
7284.75,0
7285.0,1
7286.0,0
7286.25,1
7288.0,0
7288.5,1
7289.0,0
7302.5,1
7302.75,0
7303.5,1
7303.75,0
7305.0,1
7305.5,0
7306.0,1
7306.75,0
7307.0,1
7308.5,0
7308.75,1
7309.75,0
7310.0,1
7311.0,0
7311.25,1
7312.0,0
7312.25,1
7312.5,0
7312.75,1
7313.25,0
7313.5,1
7313.75,0
7327.5,1
7327.75,0
7329.0,1
7329.25,0
7329.5,1
7331.75,0
7332.25,1
7333.5,0
7333.75,1
7334.25,0
7334.5,1
7334.75,0
7335.0,1
7337.25,0
7351.25,1
7351.5,0
7353.25,1
7354.0,0
7354.25,1
7355.25,0
7355.5,1
7356.25,0
7356.5,1
7357.75,0
7358.25,1
7359.25,0
7359.75,1
7360.5,0
7360.75,1
7361.25,0
7422.5,1
7422.75,0
7424.5,1
7424.75,0
7425.25,1
7427.25,0
7427.5,1
7428.75,0
7429.25,1
7430.25,0
7431.0,1
7433.0,0
7433.25,1
7433.5,0
7437.0,1
7437.25,0
7445.75,1
7446.0,0
7449.0,1
7449.75,0
7450.0,1
7450.25,0
7450.5,1
7450.75,0
7451.0,1
7452.75,0
7453.5,1
7455.25,0
7455.5,1
7456.75,0
7460.25,1
7460.5,0
7462.25,1
7462.5,0
7470.75,1
7471.0,0
7472.75,1
7473.0,0
7473.25,1
7474.25,0
7474.5,1
7475.5,0
7476.0,1
7478.25,0
7478.5,1
7480.0,0
7480.25,1
7480.75,0
7481.0,1
7481.5,0
7494.0,1
7494.25,0
7494.75,1
7495.0,0
7497.0,1
7497.25,0
7497.5,1
7497.75,0
7498.0,1
7498.75,0
7499.0,1
7499.5,0
7499.75,1
7501.5,0
7502.5,1
7503.25,0
7503.5,1
7504.0,0
7504.25,1
7505.5,0
7517.5,1
7517.75,0
7518.5,1
7518.75,0
7519.75,1
7520.0,0
7520.75,1
7521.0,0
7521.75,1
7524.75,0
7525.0,1
7526.5,0
7526.75,1
7527.0,0
7527.5,1
7528.25,0
7528.5,1
7528.75,0
7529.0,1
7529.25,0
7531.25,1
7531.5,0
7532.5,1
7532.75,0
7533.5,1
7533.75,0
7592.0,1
7592.25,0
7593.0,1
7597.0,0
7597.75,1
7598.0,0
7598.25,1
7599.0,0
7599.5,1
7600.25,0
7600.5,1
7600.75,0
7601.25,1
7601.75,0
7616.0,1
7616.25,0
7616.5,1
7617.0,0
7617.5,1
7618.75,0
7619.25,1
7619.75,0
7620.0,1
7623.0,0
7623.25,1
7624.75,0
7625.0,1
7625.25,0
7628.75,1
7629.0,0
7629.5,1
7629.75,0
7630.5,1
7630.75,0
7641.75,1
7642.75,0
7643.0,1
7643.5,0
7643.75,1
7644.25,0
7644.75,1
7645.75,0
7646.0,1
7647.0,0
7647.5,1
7649.5,0
7652.25,1
7652.5,0
7665.25,1
7665.75,0
7666.0,1
7668.0,0
7668.25,1
7668.5,0
7669.25,1
7669.75,0
7670.0,1
7673.0,0
7688.75,1
7689.0,0
7689.25,1
7689.75,0
7690.25,1
7691.75,0
7692.0,1
7694.25,0
7694.5,1
7697.0,0
7697.25,1
7697.5,0
7701.0,1
7701.25,0
7701.5,1
7701.75,0
7758.25,1
7758.75,0
7760.0,1
7760.25,0
7760.5,1
7761.0,0
7762.0,1
7763.75,0
7764.0,1
7764.5,0
7765.75,1
7766.25,0
7766.5,1
7766.75,0
7767.0,1
7767.25,0
7767.5,1
7769.0,0
7769.25,1
7769.5,0
7773.25,1
7773.5,0
7782.5,1
7783.0,0
7783.75,1
7784.25,0
7785.0,1
7785.75,0
7786.5,1
7786.75,0
7787.25,1
7789.0,0
7789.25,1
7790.25,0
7790.5,1
7791.75,0
7792.0,1
7792.75,0
7794.0,1
7794.25,0
7796.0,1
7796.25,0
7807.5,1
7807.75,0
7808.75,1
7809.5,0
7810.0,1
7816.75,0
7818.25,1
7818.5,0
7832.25,1
7832.5,0
7833.5,1
7834.75,0
7835.0,1
7835.75,0
7836.0,1
7836.25,0
7836.5,1
7839.25,0
7839.5,1
7840.25,0
7840.75,1
7841.0,0
7845.75,1
7846.0,0
7926.5,1
7926.75,0
7927.5,1
7928.0,0
7929.25,1
7931.5,0
7931.75,1
7933.0,0
7933.25,1
7934.5,0
7934.75,1
7937.0,0
7949.75,1
7950.0,0
7951.5,1
7951.75,0
7952.5,1
7955.0,0
7955.25,1
7957.25,0
7957.5,1
7958.0,0
7958.25,1
7959.25,0
7959.75,1
7960.0,0
7960.25,1
7961.0,0
7965.0,1
7965.25,0
7965.75,1
7966.0,0
7973.75,1
7974.0,0
7974.5,1
7974.75,0
7976.75,1
7977.0,0
7977.25,1
7980.0,0
7980.25,1
7982.0,0
7982.5,1
7984.25,0
7984.5,1
7985.0,0
7985.25,1
7985.5,0
7989.5,1
7989.75,0
7998.5,1
7998.75,0
8000.25,1
8000.5,0
8001.25,1
8001.5,0
8001.75,1
8004.25,0
8004.5,1
8006.0,0
8006.5,1
8007.5,0
8007.75,1
8008.75,0
8009.0,1
8009.25,0
8009.5,1
8009.75,0
8022.75,1
8023.0,0
8023.5,1
8023.75,0
8024.75,1
8025.25,0
8025.5,1
8026.0,0
8026.25,1
8026.75,0
8027.0,1
8027.5,0
8027.75,1
8028.0,0
8028.25,1
8028.5,0
8028.75,1
8030.0,0
8030.75,1
8033.25,0
8094.75,1
8095.0,0
8096.75,1
8097.0,0
8097.25,1
8097.75,0
8098.25,1
8098.75,0
8099.0,1
8099.5,0
8099.75,1
8101.25,0
8101.75,1
8102.25,0
8103.0,1
8103.5,0
8103.75,1
8105.0,0
8105.25,1
8105.5,0
8108.75,1
8109.0,0
8118.25,1
8118.5,0
8121.0,1
8126.25,0
8127.5,1
8128.0,0
8128.25,1
8128.5,0
8128.75,1
8129.0,0
8144.25,1
8144.5,0
8145.0,1
8145.25,0
8145.75,1
8147.25,0
8147.75,1
8150.0,0
8150.25,1
8150.5,0
8150.75,1
8151.5,0
8151.75,1
8152.0,0
8152.25,1
8152.75,0
8158.25,1
8158.5,0
8166.5,1
8166.75,0
8168.5,1
8169.0,0
8169.25,1
8172.0,0
8172.25,1
8173.25,0
8173.5,1
8174.5,0
8174.75,1
8176.5,0
8177.5,1
8177.75,0
8192.75,1
8193.25,0
8193.5,1
8195.0,0
8195.25,1
8196.5,0
8196.75,1
8197.5,0
8198.0,1
8198.25,0
8199.0,1
8200.0,0
8200.5,1
8200.75,0
8201.0,1
8201.25,0
8205.0,1
8205.25,0
8207.75,1
8208.0,0
8262.25,1
8262.5,0
8263.5,1
8263.75,0
8264.25,1
8264.5,0
8264.75,1
8265.25,0
8265.5,1
8265.75,0
8266.0,1
8266.5,0
8266.75,1
8267.25,0
8267.75,1
8268.25,0
8268.75,1
8269.75,0
8270.25,1
8271.25,0
8271.5,1
8273.25,0
8276.5,1
8277.0,0
8277.25,1
8277.5,0
8288.0,1
8288.25,0
8288.5,1
8289.5,0
8289.75,1
8290.0,0
8290.25,1
8290.75,0
8291.25,1
8292.0,0
8292.25,1
8296.25,0
8297.25,1
8297.75,0
8300.5,1
8300.75,0
8301.75,1
8302.0,0
8310.5,1
8310.75,0
8312.5,1
8312.75,0
8313.25,1
8315.75,0
8316.0,1
8316.25,0
8316.5,1
8317.5,0
8317.75,1
8318.0,0
8318.25,1
8318.75,0
8319.0,1
8320.75,0
8321.0,1
8321.5,0
8334.0,1
8334.25,0
8336.5,1
8336.75,0
8337.25,1
8340.0,0
8340.25,1
8340.75,0
8341.0,1
8344.25,0
8344.75,1
8345.0,0
8345.25,1
8345.5,0
8348.25,1
8348.5,0
8359.25,1
8359.75,0
8360.5,1
8361.25,0
8361.5,1
8361.75,0
8362.0,1
8365.25,0
8365.5,1
8367.0,0
8367.5,1
8367.75,0
8368.0,1
8368.75,0
8371.75,1
8372.0,0
8430.25,1
8430.75,0
8433.0,1
8434.25,0
8434.5,1
8434.75,0
8435.0,1
8435.5,0
8435.75,1
8436.75,0
8437.0,1
8438.0,0
8438.25,1
8438.5,0
8439.0,1
8439.25,0
8439.5,1
8440.5,0
8440.75,1
8441.25,0
8441.5,1
8441.75,0
8456.75,1
8457.75,0
8458.0,1
8459.75,0
8460.0,1
8461.5,0
8461.75,1
8462.0,0
8462.25,1
8463.0,0
8463.25,1
8464.25,0
8464.5,1
8465.0,0
8465.25,1
8465.5,0
8478.0,1
8478.25,0
8481.25,1
8482.75,0
8483.25,1
8483.5,0
8483.75,1
8485.25,0
8485.5,1
8486.5,0
8486.75,1
8487.5,0
8487.75,1
8488.75,0
8489.0,1
8489.5,0
8502.25,1
8502.5,0
8504.0,1
8504.25,0
8504.75,1
8505.0,0
8505.25,1
8505.5,0
8505.75,1
8506.25,0
8506.5,1
8506.75,0
8507.25,1
8507.5,0
8507.75,1
8508.75,0
8509.25,1
8510.75,0
8511.0,1
8512.5,0
8513.5,1
8513.75,0
8516.75,1
8517.0,0
8525.25,1
8525.5,0
8526.75,1
8527.0,0
8528.0,1
8528.25,0
8528.75,1
8529.5,0
8530.0,1
8530.75,0
8531.25,1
8532.0,0
8532.25,1
8533.75,0
8534.25,1
8534.75,0
8535.0,1
8536.25,0
8536.75,1
8537.0,0
8625.5,1
8627.75,0
8628.0,1
8628.75,0
8629.25,1
8630.25,0
8630.75,1
8631.0,0
8631.5,1
8633.25,0
8637.5,1
8637.75,0
8647.25,1
8647.75,0
8648.0,1
8648.25,0
8649.75,1
8651.0,0
8651.25,1
8652.25,0
8652.5,1
8653.25,0
8653.5,1
8654.25,0
8654.5,1
8655.25,0
8655.5,1
8656.75,0
8657.25,1
8657.5,0
8660.75,1
8661.0,0
8670.0,1
8670.25,0
8672.75,1
8673.25,0
8673.5,1
8674.0,0
8674.25,1
8675.75,0
8676.0,1
8678.0,0
8678.25,1
8679.0,0
8679.25,1
8679.5,0
8679.75,1
8680.75,0
8684.25,1
8684.5,0
8695.5,1
8696.0,0
8697.0,1
8699.0,0
8699.25,1
8700.0,0
8700.25,1
8701.75,0
8702.5,1
8704.5,0
8704.75,1
8705.0,0
