#1


float Room-334 (4247,2)
0.0,0
30.75,1
31.25,0
31.5,1
31.75,0
32.0,1
32.25,0
32.5,1
33.5,0
33.75,1
34.25,0
34.5,1
35.0,0
35.25,1
37.75,0
38.0,1
38.75,0
39.0,1
40.25,0
40.5,1
40.75,0
41.0,1
41.25,0
45.75,1
46.0,0
53.75,1
54.0,0
54.5,1
54.75,0
57.5,1
58.0,0
58.25,1
59.25,0
59.5,1
59.75,0
60.0,1
60.25,0
60.5,1
62.0,0
62.25,1
63.5,0
63.75,1
64.75,0
69.5,1
69.75,0
79.5,1
79.75,0
80.0,1
80.25,0
80.75,1
81.5,0
81.75,1
82.5,0
82.75,1
83.75,0
84.0,1
84.5,0
84.75,1
85.0,0
85.25,1
85.75,0
86.25,1
87.75,0
88.0,1
88.5,0
88.75,1
89.25,0
102.75,1
103.0,0
104.0,1
104.25,0
105.0,1
106.25,0
106.5,1
107.75,0
108.25,1
109.25,0
109.5,1
109.75,0
110.25,1
111.25,0
111.5,1
112.75,0
113.0,1
113.25,0
117.0,1
117.25,0
125.75,1
126.0,0
129.0,1
129.5,0
129.75,1
133.0,0
133.25,1
133.5,0
133.75,1
136.25,0
136.5,1
137.0,0
141.75,1
142.0,0
198.25,1
198.5,0
199.0,1
199.25,0
200.5,1
200.75,0
201.0,1
201.5,0
201.75,1
203.5,0
203.75,1
204.75,0
205.0,1
206.5,0
206.75,1
208.75,0
209.0,1
209.5,0
212.25,1
212.5,0
212.75,1
213.0,0
224.5,1
224.75,0
225.0,1
225.25,0
225.5,1
226.75,0
227.0,1
227.5,0
227.75,1
228.0,0
228.25,1
229.0,0
229.25,1
229.5,0
229.75,1
232.75,0
233.25,1
233.5,0
246.25,1
246.5,0
247.0,1
247.25,0
247.75,1
248.0,0
249.5,1
251.5,0
251.75,1
252.25,0
252.75,1
254.25,0
254.5,1
256.0,0
256.25,1
256.75,0
257.0,1
257.25,0
273.0,1
273.75,0
274.0,1
275.5,0
276.0,1
277.5,0
277.75,1
278.0,0
278.5,1
279.0,0
279.25,1
279.5,0
279.75,1
281.25,0
286.25,1
286.5,0
296.75,1
297.0,0
297.25,1
298.5,0
298.75,1
300.75,0
301.0,1
301.75,0
302.0,1
303.5,0
303.75,1
304.0,0
305.0,1
305.25,0
367.75,1
368.0,0
369.25,1
370.0,0
370.25,1
373.75,0
374.0,1
374.75,0
375.25,1
375.5,0
375.75,1
377.0,0
378.0,1
378.25,0
380.25,1
380.5,0
390.25,1
390.5,0
393.25,1
393.5,0
393.75,1
394.0,0
394.25,1
396.75,0
397.0,1
397.25,0
397.5,1
397.75,0
398.0,1
399.25,0
399.5,1
401.25,0
403.75,1
404.0,0
405.5,1
405.75,0
440.0,1
440.25,0
441.0,1
441.25,0
441.5,1
441.75,0
442.25,1
444.25,0
444.5,1
444.75,0
445.0,1
446.25,0
446.5,1
446.75,0
447.0,1
448.25,0
448.5,1
449.5,0
452.5,1
452.75,0
462.75,1
463.0,0
464.75,1
465.25,0
465.5,1
468.0,0
468.25,1
468.5,0
468.75,1
469.75,0
470.0,1
471.0,0
471.25,1
472.75,0
473.0,1
473.25,0
477.5,1
477.75,0
537.0,1
537.75,0
538.0,1
538.5,0
538.75,1
539.25,0
539.75,1
540.75,0
541.0,1
541.25,0
541.5,1
541.75,0
542.25,1
542.75,0
543.0,1
545.0,0
561.25,1
561.5,0
561.75,1
563.5,0
563.75,1
566.5,0
566.75,1
569.0,0
569.25,1
569.5,0
585.25,1
585.5,0
585.75,1
586.75,0
587.0,1
588.75,0
589.0,1
592.5,0
592.75,1
593.0,0
593.25,1
593.5,0
608.75,1
610.75,0
611.0,1
611.75,0
612.0,1
613.75,0
614.25,1
614.75,0
615.0,1
615.25,0
615.5,1
616.5,0
616.75,1
617.25,0
621.25,1
621.5,0
632.25,1
632.5,0
633.75,1
634.75,0
635.0,1
636.0,0
636.25,1
637.5,0
638.0,1
638.75,0
639.0,1
640.75,0
644.75,1
645.0,0
705.0,1
705.75,0
706.25,1
707.75,0
708.0,1
708.5,0
708.75,1
713.0,0
713.25,1
713.5,0
713.75,1
714.0,0
716.75,1
717.0,0
726.0,1
726.5,0
727.75,1
728.0,0
729.0,1
732.75,0
733.0,1
734.0,0
734.25,1
735.5,0
735.75,1
737.25,0
753.0,1
753.25,0
753.5,1
754.75,0
755.25,1
757.75,0
758.5,1
758.75,0
759.0,1
759.75,0
760.0,1
760.75,0
761.5,1
761.75,0
774.5,1
774.75,0
775.25,1
775.5,0
776.25,1
777.0,0
777.25,1
777.5,0
777.75,1
779.0,0
779.25,1
780.25,0
780.5,1
782.0,0
782.75,1
783.75,0
784.0,1
784.25,0
784.5,1
784.75,0
785.25,1
785.5,0
789.5,1
789.75,0
800.75,1
801.25,0
801.5,1
802.75,0
803.0,1
804.25,0
804.75,1
805.5,0
805.75,1
806.0,0
806.25,1
807.25,0
808.25,1
809.0,0
812.5,1
812.75,0
871.0,1
871.25,0
873.0,1
873.25,0
874.0,1
875.5,0
876.0,1
877.0,0
877.25,1
877.75,0
878.0,1
879.25,0
879.5,1
879.75,0
880.0,1
880.25,0
880.5,1
881.0,0
883.25,1
883.5,0
896.25,1
896.75,0
897.75,1
899.5,0
899.75,1
900.5,0
900.75,1
901.5,0
902.0,1
905.0,0
905.25,1
905.5,0
918.0,1
918.25,0
920.75,1
923.25,0
923.75,1
924.75,0
925.0,1
927.25,0
927.5,1
928.75,0
929.0,1
929.25,0
929.5,1
929.75,0
945.25,1
946.0,0
946.25,1
947.5,0
947.75,1
949.0,0
949.25,1
949.5,0
949.75,1
950.0,0
950.25,1
951.25,0
951.5,1
951.75,0
952.0,1
952.5,0
952.75,1
953.0,0
966.0,1
966.25,0
968.75,1
971.0,0
971.25,1
971.5,0
971.75,1
972.5,0
972.75,1
975.75,0
976.0,1
977.0,0
1038.25,1
1038.5,0
1038.75,1
1039.0,0
1040.0,1
1040.5,0
1041.0,1
1043.25,0
1043.5,1
1044.75,0
1045.0,1
1045.5,0
1046.0,1
1049.5,0
1055.0,1
1055.25,0
1062.0,1
1062.5,0
1065.25,1
1066.5,0
1066.75,1
1068.25,0
1068.5,1
1069.0,0
1069.5,1
1070.0,0
1070.5,1
1070.75,0
1071.0,1
1071.75,0
1072.0,1
1072.5,0
1072.75,1
1073.0,0
1110.75,1
1111.0,0
1113.0,1
1113.75,0
1114.25,1
1115.25,0
1115.75,1
1117.0,0
1117.25,1
1118.25,0
1118.5,1
1121.0,0
1125.5,1
1125.75,0
1135.5,1
1135.75,0
1137.0,1
1137.75,0
1138.25,1
1138.5,0
1138.75,1
1139.75,0
1140.0,1
1141.0,0
1141.5,1
1142.25,0
1142.75,1
1143.25,0
1143.5,1
1144.25,0
1144.5,1
1144.75,0
1145.25,1
1145.5,0
1145.75,1
1146.0,0
1208.5,1
1208.75,0
1209.0,1
1209.5,0
1210.25,1
1210.5,0
1210.75,1
1211.0,0
1211.25,1
1212.25,0
1212.5,1
1213.25,0
1213.75,1
1214.75,0
1215.25,1
1215.75,0
1216.0,1
1217.25,0
1220.0,1
1220.25,0
1232.0,1
1232.25,0
1232.75,1
1233.0,0
1233.5,1
1235.0,0
1235.25,1
1238.0,0
1238.25,1
1238.75,0
1239.0,1
1240.25,0
1240.5,1
1241.25,0
1241.5,1
1241.75,0
1255.75,1
1256.5,0
1257.25,1
1260.0,0
1260.25,1
1264.25,0
1264.5,1
1264.75,0
1265.25,1
1265.75,0
1274.25,1
1274.75,0
1278.75,1
1279.0,0
1280.75,1
1281.25,0
1281.5,1
1282.25,0
1282.75,1
1283.5,0
1283.75,1
1284.75,0
1285.0,1
1286.5,0
1286.75,1
1287.0,0
1287.25,1
1287.75,0
1288.0,1
1289.0,0
1289.25,1
1289.5,0
1292.75,1
1293.0,0
1302.25,1
1302.5,0
1304.75,1
1305.25,0
1305.75,1
1307.0,0
1307.25,1
1308.25,0
1308.5,1
1309.25,0
1309.75,1
1310.0,0
1310.25,1
1310.5,0
1310.75,1
1312.25,0
1312.75,1
1313.25,0
1313.5,1
1313.75,0
1377.25,1
1377.5,0
1377.75,1
1378.0,0
1378.25,1
1379.75,0
1380.25,1
1381.0,0
1381.5,1
1381.75,0
1382.0,1
1382.5,0
1382.75,1
1384.25,0
1384.5,1
1384.75,0
1385.25,1
1385.5,0
1398.75,1
1399.0,0
1399.75,1
1400.0,0
1400.75,1
1403.0,0
1403.25,1
1405.5,0
1406.0,1
1406.25,0
1406.5,1
1406.75,0
1407.0,1
1409.5,0
1423.0,1
1423.25,0
1425.0,1
1425.25,0
1425.5,1
1428.5,0
1429.0,1
1430.5,0
1430.75,1
1431.25,0
1431.5,1
1433.0,0
1438.0,1
1438.25,0
1446.25,1
1446.5,0
1448.5,1
1449.0,0
1449.5,1
1449.75,0
1450.25,1
1451.75,0
1452.0,1
1452.75,0
1453.0,1
1453.75,0
1454.0,1
1454.25,0
1454.5,1
1456.25,0
1456.5,1
1457.0,0
1469.5,1
1469.75,0
1470.25,1
1470.5,0
1473.25,1
1475.0,0
1475.5,1
1475.75,0
1476.0,1
1476.25,0
1476.75,1
1477.5,0
1478.25,1
1478.5,0
1478.75,1
1480.75,0
1481.0,1
1481.25,0
1542.0,1
1542.25,0
1543.75,1
1544.0,0
1544.5,1
1545.25,0
1545.5,1
1546.5,0
1546.75,1
1550.0,0
1550.25,1
1552.5,0
1553.0,1
1553.75,0
1567.25,1
1567.75,0
1569.0,1
1569.25,0
1569.5,1
1570.25,0
1570.75,1
1571.25,0
1571.75,1
1572.0,0
1572.25,1
1573.25,0
1573.5,1
1573.75,0
1574.0,1
1576.0,0
1576.25,1
1577.0,0
1577.25,1
1577.5,0
1589.75,1
1590.0,0
1593.75,1
1595.75,0
1596.0,1
1596.25,0
1596.5,1
1597.75,0
1598.0,1
1599.25,0
1599.5,1
1600.0,0
1600.75,1
1601.25,0
1605.25,1
1605.5,0
1606.25,1
1606.5,0
1615.25,1
1615.5,0
1616.75,1
1618.25,0
1618.5,1
1618.75,0
1619.0,1
1620.0,0
1620.75,1
1621.0,0
1621.25,1
1621.5,0
1622.0,1
1623.5,0
1623.75,1
1624.5,0
1624.75,1
1625.25,0
1625.5,1
1625.75,0
1628.0,1
1628.5,0
1638.25,1
1638.75,0
1641.25,1
1643.5,0
1644.0,1
1644.25,0
1644.5,1
1646.25,0
1646.5,1
1647.0,0
1647.25,1
1648.5,0
1648.75,1
1649.5,0
1652.25,1
1652.5,0
1713.0,1
1715.25,0
1715.5,1
1716.0,0
1716.5,1
1717.75,0
1718.0,1
1719.25,0
1719.5,1
1719.75,0
1720.0,1
1720.75,0
1724.25,1
1724.75,0
1725.5,1
1725.75,0
1737.25,1
1737.75,0
1738.0,1
1739.25,0
1739.5,1
1739.75,0
1740.0,1
1742.0,0
1742.25,1
1745.25,0
1760.5,1
1761.0,0
1761.5,1
1762.25,0
1762.5,1
1762.75,0
1763.0,1
1763.25,0
1763.75,1
1764.0,0
1764.25,1
1767.0,0
1767.25,1
1769.25,0
1769.5,1
1769.75,0
1781.75,1
1782.0,0
1782.5,1
1782.75,0
1783.75,1
1784.25,0
1784.75,1
1787.0,0
1787.25,1
1788.0,0
1789.0,1
1790.25,0
1790.75,1
1791.5,0
1791.75,1
1793.0,0
1805.75,1
1806.0,0
1809.0,1
1809.25,0
1810.25,1
1813.75,0
1814.0,1
1814.25,0
1814.5,1
1816.75,0
1822.25,1
1822.5,0
1880.25,1
1880.75,0
1881.0,1
1881.25,0
1881.5,1
1882.0,0
1882.25,1
1882.75,0
1883.0,1
1884.25,0
1884.75,1
1887.75,0
1888.0,1
1889.0,0
1889.5,1
1889.75,0
1893.25,1
1893.5,0
1895.25,1
1895.5,0
1905.5,1
1906.75,0
1907.0,1
1907.75,0
1908.0,1
1910.0,0
1910.25,1
1910.75,0
1911.5,1
1911.75,0
1912.0,1
1912.5,0
1912.75,1
1913.0,0
1926.75,1
1927.0,0
1928.75,1
1929.25,0
1929.5,1
1929.75,0
1930.0,1
1930.5,0
1930.75,1
1932.0,0
1932.5,1
1933.0,0
1933.25,1
1933.5,0
1933.75,1
1935.75,0
1936.0,1
1936.75,0
1937.25,1
1937.5,0
1950.25,1
1950.5,0
1950.75,1
1951.0,0
1952.0,1
1952.25,0
1953.0,1
1954.75,0
1955.0,1
1956.25,0
1956.5,1
1959.75,0
1960.0,1
1961.75,0
1964.0,1
1964.25,0
1976.0,1
1976.25,0
1977.25,1
1978.5,0
1979.25,1
1981.0,0
1981.25,1
1983.0,0
1983.25,1
1984.5,0
1984.75,1
1985.0,0
2048.75,1
2049.0,0
2049.25,1
2049.75,0
2050.0,1
2054.25,0
2054.5,1
2055.75,0
2056.25,1
2056.5,0
2057.0,1
2057.25,0
2070.75,1
2071.0,0
2071.25,1
2071.75,0
2072.0,1
2073.0,0
2073.75,1
2075.25,0
2075.5,1
2075.75,0
2076.0,1
2076.25,0
2076.5,1
2077.75,0
2078.0,1
2080.5,0
2080.75,1
2081.25,0
2095.25,1
2095.75,0
2097.25,1
2098.25,0
2098.75,1
2100.0,0
2100.25,1
2101.25,0
2101.5,1
2101.75,0
2102.0,1
2103.25,0
2103.5,1
2104.5,0
2105.0,1
2105.25,0
2119.0,1
2119.25,0
2119.75,1
2120.0,0
2120.25,1
2120.75,0
2121.0,1
2123.0,0
2123.5,1
2124.25,0
2124.5,1
2125.25,0
2125.5,1
2126.25,0
2126.5,1
2128.25,0
2128.5,1
2129.25,0
2143.5,1
2143.75,0
2144.25,1
2144.5,0
2145.5,1
2146.25,0
2146.5,1
2148.0,0
2148.25,1
2150.0,0
2150.25,1
2151.25,0
2151.5,1
2153.0,0
2214.0,1
2214.25,0
2216.5,1
2216.75,0
2217.25,1
2217.5,0
2217.75,1
2218.5,0
2219.0,1
2220.5,0
2220.75,1
2222.0,0
2222.5,1
2223.0,0
2223.25,1
2224.75,0
2225.0,1
2225.25,0
2227.0,1
2227.25,0
2240.5,1
2240.75,0
2241.75,1
2243.5,0
2243.75,1
2244.25,0
2244.5,1
2245.25,0
2245.5,1
2249.0,0
2262.75,1
2263.0,0
2265.25,1
2265.75,0
2266.0,1
2267.75,0
2268.0,1
2269.75,0
2270.0,1
2270.5,0
2270.75,1
2271.0,0
2271.25,1
2271.5,0
2271.75,1
2273.0,0
2273.5,1
2273.75,0
2286.25,1
2286.5,0
2289.0,1
2289.25,0
2289.5,1
2290.5,0
2290.75,1
2291.25,0
2291.75,1
2292.75,0
2293.0,1
2294.25,0
2294.5,1
2295.25,0
2295.5,1
2296.0,0
2296.75,1
2297.0,0
2297.25,1
2297.5,0
2311.75,1
2312.0,0
2313.0,1
2314.0,0
2314.25,1
2315.75,0
2316.25,1
2317.0,0
2317.25,1
2317.5,0
2317.75,1
2318.0,0
2318.25,1
2320.75,0
2325.75,1
2326.0,0
2382.5,1
2382.75,0
2384.5,1
2384.75,0
2385.0,1
2385.5,0
2385.75,1
2387.0,0
2387.25,1
2388.0,0
2388.75,1
2389.0,0
2389.25,1
2391.0,0
2391.75,1
2392.5,0
2392.75,1
2393.25,0
2405.5,1
2405.75,0
2406.0,1
2406.25,0
2408.5,1
2408.75,0
2409.0,1
2410.0,0
2410.25,1
2411.75,0
2412.25,1
2414.75,0
2415.25,1
2416.0,0
2416.25,1
2416.75,0
2417.5,1
2417.75,0
2420.0,1
2420.25,0
2429.75,1
2430.0,0
2431.0,1
2431.25,0
2432.0,1
2432.75,0
2433.25,1
2435.0,0
2435.25,1
2436.0,0
2436.25,1
2437.0,0
2437.25,1
2437.5,0
2438.0,1
2438.75,0
2439.0,1
2441.0,0
2441.25,1
2441.5,0
2445.25,1
2445.5,0
2454.75,1
2455.0,0
2455.25,1
2455.5,0
2456.75,1
2457.0,0
2457.5,1
2458.0,0
2458.25,1
2459.5,0
2459.75,1
2460.25,0
2460.5,1
2461.25,0
2462.0,1
2462.25,0
2462.5,1
2463.0,0
2463.25,1
2464.0,0
2464.25,1
2465.25,0
2479.0,1
2479.25,0
2479.75,1
2480.0,0
2481.0,1
2482.0,0
2482.25,1
2483.5,0
2483.75,1
2484.0,0
2484.25,1
2484.75,0
2485.0,1
2488.5,0
2489.0,1
2489.25,0
2549.75,1
2550.0,0
2553.5,1
2554.0,0
2554.5,1
2558.25,0
2558.5,1
2559.0,0
2559.25,1
2560.25,0
2560.75,1
2561.5,0
2564.5,1
2564.75,0
2576.5,1
2576.75,0
2577.25,1
2577.5,0
2577.75,1
2578.25,0
2578.5,1
2579.25,0
2579.5,1
2580.0,0
2580.25,1
2580.75,0
2581.0,1
2581.5,0
2582.0,1
2582.25,0
2582.5,1
2582.75,0
2583.0,1
2585.0,0
2600.75,1
2601.0,0
2601.25,1
2601.5,0
2601.75,1
2602.0,0
2602.25,1
2602.5,0
2602.75,1
2603.25,0
2603.5,1
2604.25,0
2604.75,1
2605.0,0
2606.0,1
2606.25,0
2606.5,1
2606.75,0
2607.0,1
2609.0,0
2624.0,1
2624.25,0
2625.0,1
2626.0,0
2626.25,1
2627.5,0
2628.0,1
2628.5,0
2629.25,1
2629.5,0
2629.75,1
2630.75,0
2631.0,1
2631.5,0
2631.75,1
2632.0,0
2632.25,1
2633.0,0
2637.5,1
2637.75,0
2646.5,1
2646.75,0
2647.0,1
2647.25,0
2648.75,1
2649.0,0
2649.5,1
2653.75,0
2654.0,1
2654.25,0
2654.5,1
2656.5,0
2657.0,1
2657.5,0
2657.75,1
2658.0,0
2661.0,1
2661.25,0
2718.75,1
2719.0,0
2721.0,1
2725.0,0
2725.5,1
2726.25,0
2726.5,1
2727.5,0
2727.75,1
2728.5,0
2728.75,1
2729.0,0
2729.25,1
2729.5,0
2732.5,1
2732.75,0
2745.5,1
2747.0,0
2747.25,1
2747.5,0
2748.0,1
2748.5,0
2748.75,1
2751.25,0
2751.5,1
2753.0,0
2767.25,1
2767.5,0
2768.75,1
2769.0,0
2769.5,1
2770.0,0
2770.25,1
2770.75,0
2771.0,1
2771.5,0
2771.75,1
2773.25,0
2773.5,1
2773.75,0
2774.0,1
2774.5,0
2775.0,1
2777.25,0
2777.75,1
2778.0,0
2792.5,1
2793.75,0
2794.0,1
2794.25,0
2794.5,1
2798.5,0
2798.75,1
2799.25,0
2799.5,1
2800.0,0
2800.5,1
2801.0,0
2813.75,1
2814.25,0
2815.25,1
2815.5,0
2816.0,1
2816.25,0
2817.0,1
2817.25,0
2817.5,1
2817.75,0
2818.25,1
2818.5,0
2818.75,1
2819.75,0
2820.25,1
2820.5,0
2820.75,1
2821.25,0
2821.5,1
2821.75,0
2822.0,1
2822.5,0
2822.75,1
2823.75,0
2824.0,1
2825.0,0
2829.0,1
2829.25,0
2889.0,1
2891.25,0
2891.5,1
2891.75,0
2892.0,1
2892.5,0
2892.75,1
2893.25,0
2893.5,1
2894.25,0
2894.5,1
2894.75,0
2895.0,1
2895.75,0
2896.0,1
2896.25,0
2896.5,1
2897.0,0
2900.25,1
2900.5,0
2911.25,1
2911.5,0
2912.75,1
2913.0,0
2913.25,1
2913.75,0
2914.25,1
2914.5,0
2915.0,1
2915.75,0
2916.0,1
2917.25,0
2917.5,1
2918.0,0
2918.75,1
2920.25,0
2920.5,1
2921.0,0
2936.0,1
2936.5,0
2936.75,1
2937.75,0
2938.0,1
2939.25,0
2939.5,1
2941.0,0
2941.25,1
2941.5,0
2941.75,1
2943.0,0
2943.25,1
2945.0,0
2945.25,1
2945.5,0
2948.75,1
2949.0,0
2958.5,1
2958.75,0
2960.75,1
2962.75,0
2963.0,1
2963.5,0
2963.75,1
2964.5,0
2964.75,1
2965.0,0
2965.25,1
2967.25,0
2967.5,1
2968.0,0
2968.25,1
2968.75,0
2969.0,1
2969.25,0
2972.75,1
2973.0,0
2984.75,1
2985.0,0
2985.5,1
2987.25,0
2987.5,1
2989.5,0
2989.75,1
2990.25,0
2990.5,1
2992.25,0
2992.5,1
2992.75,0
3057.5,1
3058.75,0
3059.0,1
3060.75,0
3061.0,1
3062.75,0
3063.0,1
3065.0,0
3070.25,1
3070.5,0
3078.0,1
3078.25,0
3080.5,1
3080.75,0
3081.0,1
3083.5,0
3083.75,1
3084.75,0
3085.5,1
3088.75,0
3089.75,1
3090.0,0
3104.0,1
3104.25,0
3104.5,1
3105.75,0
3106.0,1
3107.0,0
3107.5,1
3108.25,0
3108.5,1
3109.75,0
3110.0,1
3110.5,0
3110.75,1
3111.75,0
3112.0,1
3113.25,0
3128.5,1
3129.75,0
3130.0,1
3137.25,0
3151.0,1
3151.25,0
3152.0,1
3152.25,0
3153.0,1
3153.25,0
3153.5,1
3153.75,0
3154.0,1
3155.5,0
3155.75,1
3156.75,0
3157.25,1
3157.5,0
3157.75,1
3158.25,0
3158.5,1
3159.25,0
3159.5,1
3159.75,0
3160.0,1
3160.25,0
3160.5,1
3161.5,0
3165.75,1
3166.0,0
3223.75,1
3224.0,0
3225.0,1
3225.5,0
3226.0,1
3228.0,0
3228.25,1
3228.75,0
3229.0,1
3229.25,0
3229.75,1
3231.0,0
3231.25,1
3231.5,0
3231.75,1
3232.25,0
3232.5,1
3232.75,0
3237.0,1
3237.25,0
3247.0,1
3247.25,0
3247.5,1
3247.75,0
3249.25,1
3249.75,0
3250.0,1
3250.5,0
3250.75,1
3251.0,0
3251.25,1
3251.75,0
3252.0,1
3253.25,0
3253.75,1
3254.0,0
3254.25,1
3256.25,0
3256.5,1
3256.75,0
3257.0,1
3257.5,0
3273.5,1
3275.25,0
3275.5,1
3276.0,0
3276.25,1
3276.5,0
3276.75,1
3278.0,0
3278.25,1
3280.75,0
3281.0,1
3281.25,0
3294.75,1
3295.25,0
3297.0,1
3297.25,0
3297.5,1
3300.75,0
3301.0,1
3301.25,0
3301.5,1
3303.0,0
3303.25,1
3303.75,0
3304.0,1
3305.25,0
3305.5,1
3305.75,0
3317.75,1
3318.0,0
3318.75,1
3319.5,0
3319.75,1
3320.25,0
3320.5,1
3321.0,0
3321.5,1
3322.0,0
3322.25,1
3325.0,0
3325.25,1
3325.5,0
3325.75,1
3326.75,0
3327.0,1
3327.25,0
3327.5,1
3328.25,0
3328.5,1
3328.75,0
3329.0,1
3329.25,0
3332.5,1
3332.75,0
3391.75,1
3392.0,0
3392.25,1
3392.5,0
3393.0,1
3393.25,0
3393.5,1
3394.0,0
3394.25,1
3395.75,0
3396.25,1
3398.0,0
3398.75,1
3401.0,0
3401.5,1
3401.75,0
3405.5,1
3405.75,0
3416.5,1
3417.0,0
3417.25,1
3417.5,0
3417.75,1
3419.5,0
3419.75,1
3420.0,0
3420.5,1
3421.0,0
3421.5,1
3422.25,0
3422.5,1
3423.25,0
3423.5,1
3424.75,0
3425.5,1
3425.75,0
3429.0,1
3429.5,0
3440.75,1
3442.5,0
3442.75,1
3443.25,0
3443.5,1
3444.5,0
3444.75,1
3449.75,0
3462.5,1
3462.75,0
3463.0,1
3464.0,0
3465.25,1
3466.0,0
3466.25,1
3467.75,0
3468.0,1
3468.25,0
3468.5,1
3468.75,0
3469.0,1
3469.5,0
3470.0,1
3471.0,0
3471.25,1
3473.5,0
3476.75,1
3477.0,0
3489.25,1
3489.5,0
3489.75,1
3492.25,0
3492.5,1
3492.75,0
3493.0,1
3494.25,0
3494.5,1
3494.75,0
3495.0,1
3496.5,0
3496.75,1
3497.25,0
3558.5,1
3558.75,0
3561.25,1
3563.25,0
3563.5,1
3565.0,0
3565.75,1
3566.5,0
3566.75,1
3567.5,0
3567.75,1
3568.75,0
3569.25,1
3569.5,0
3609.0,1
3610.5,0
3610.75,1
3611.25,0
3611.5,1
3612.25,0
3612.5,1
3613.0,0
3613.25,1
3613.75,0
3614.0,1
3615.0,0
3615.25,1
3616.75,0
3617.25,1
3617.5,0
3630.75,1
3631.5,0
3632.0,1
3632.25,0
3633.0,1
3633.25,0
3633.5,1
3634.5,0
3634.75,1
3635.0,0
3635.25,1
3636.25,0
3636.5,1
3637.25,0
3637.5,1
3640.25,0
3640.5,1
3641.0,0
3641.5,1
3641.75,0
3656.75,1
3657.75,0
3658.25,1
3661.25,0
3661.5,1
3662.0,0
3662.25,1
3662.5,0
3662.75,1
3663.5,0
3663.75,1
3664.25,0
3664.5,1
3664.75,0
3669.25,1
3669.5,0
3727.0,1
3727.75,0
3728.25,1
3729.0,0
3729.25,1
3729.5,0
3730.0,1
3732.0,0
3732.25,1
3733.5,0
3733.75,1
3734.0,0
3734.25,1
3734.75,0
3735.0,1
3735.25,0
3735.5,1
3737.0,0
3741.5,1
3741.75,0
3750.5,1
3750.75,0
3752.25,1
3752.5,0
3753.0,1
3753.5,0
3754.0,1
3757.0,0
3757.5,1
3759.25,0
3759.75,1
3761.25,0
3776.25,1
3776.5,0
3777.0,1
3779.25,0
3779.5,1
3780.75,0
3781.0,1
3781.5,0
3782.5,1
3784.0,0
3784.25,1
3785.0,0
3797.75,1
3798.0,0
3799.5,1
3799.75,0
3800.25,1
3800.5,0
3800.75,1
3804.75,0
3805.0,1
3809.0,0
3809.25,1
3809.5,0
3813.75,1
3814.0,0
3822.25,1
3822.5,0
3824.75,1
3825.0,0
3825.25,1
3825.5,0
3825.75,1
3828.25,0
3828.5,1
3833.25,0
3836.25,1
3836.5,0
3837.75,1
3838.0,0
3896.25,1
3896.5,0
3897.0,1
3897.25,0
3897.5,1
3898.25,0
3898.5,1
3899.0,0
3899.25,1
3900.0,0
3900.25,1
3901.25,0
3901.75,1
3903.0,0
3903.25,1
3903.75,0
3904.0,1
3904.5,0
3905.5,1
3905.75,0
3918.5,1
3918.75,0
3920.75,1
3921.25,0
3921.5,1
3922.25,0
3922.5,1
3922.75,0
3923.0,1
3924.25,0
3925.0,1
3925.75,0
3926.0,1
3927.0,0
3927.25,1
3927.5,0
3927.75,1
3928.5,0
3929.0,1
3929.25,0
3932.5,1
3932.75,0
3944.0,1
3944.25,0
3944.5,1
3944.75,0
3945.25,1
3945.75,0
3946.0,1
3947.0,0
3947.25,1
3947.75,0
3948.0,1
3948.5,0
3948.75,1
3949.25,0
3949.5,1
3952.25,0
3952.5,1
3953.25,0
3966.75,1
3967.0,0
3969.0,1
3969.5,0
3970.0,1
3971.25,0
3971.5,1
3972.25,0
3972.75,1
3973.5,0
3973.75,1
3976.0,0
3976.25,1
3977.0,0
3992.5,1
3993.0,0
3993.5,1
3994.25,0
3994.5,1
3995.75,0
3996.0,1
3998.75,0
3999.0,1
3999.5,0
3999.75,1
4000.25,0
4000.75,1
4001.25,0
4065.0,1
4065.5,0
4065.75,1
4066.25,0
4066.5,1
4066.75,0
4067.0,1
4068.25,0
4068.5,1
4068.75,0
4069.25,1
4071.0,0
4071.25,1
4071.75,0
4072.0,1
4072.25,0
4072.5,1
4073.25,0
4087.0,1
4087.25,0
4089.0,1
4090.0,0
4090.25,1
4092.25,0
4092.75,1
4095.75,0
4096.0,1
4096.5,0
4100.0,1
4100.25,0
4101.5,1
4101.75,0
4110.0,1
4110.25,0
4113.0,1
4113.5,0
4113.75,1
4114.25,0
4114.5,1
4115.0,0
4115.25,1
4115.5,0
4115.75,1
4117.0,0
4117.25,1
4117.75,0
4118.0,1
4120.0,0
4120.25,1
4120.75,0
4123.5,1
4123.75,0
4124.25,1
4124.5,0
4135.25,1
4135.5,0
4135.75,1
4136.0,0
4137.25,1
4140.5,0
4140.75,1
4141.25,0
4141.5,1
4142.25,0
4142.75,1
4143.0,0
4143.5,1
4144.25,0
4144.5,1
4145.25,0
4161.25,1
4162.0,0
4162.25,1
4162.5,0
4162.75,1
4163.5,0
4163.75,1
4164.25,0
4165.0,1
4165.5,0
4165.75,1
4168.0,0
4168.25,1
4168.75,0
4169.5,1
4169.75,0
4173.25,1
4173.75,0
4232.5,1
4232.75,0
4233.0,1
4233.5,0
4234.0,1
4235.5,0
4236.0,1
4236.25,0
4236.5,1
4237.5,0
4238.25,1
4238.75,0
4239.0,1
4240.5,0
4241.0,1
4241.25,0
4256.25,1
4256.5,0
4257.25,1
4262.75,0
4263.0,1
4264.0,0
4264.5,1
4265.0,0
4265.5,1
4265.75,0
4277.5,1
4277.75,0
4280.25,1
4280.5,0
4281.0,1
4281.25,0
4281.5,1
4281.75,0
4282.0,1
4283.0,0
4283.25,1
4284.0,0
4284.5,1
4285.0,0
4285.25,1
4286.5,0
4286.75,1
4288.5,0
4288.75,1
4289.25,0
4304.75,1
4305.25,0
4305.5,1
4305.75,0
4306.0,1
4310.75,0
4311.0,1
4312.25,0
4312.75,1
4313.25,0
4318.0,1
4318.25,0
4328.75,1
4330.0,0
4330.5,1
4331.75,0
4332.0,1
4333.5,0
4334.5,1
4336.75,0
4337.25,1
4337.5,0
4401.0,1
4401.25,0
4401.5,1
4402.5,0
4402.75,1
4403.25,0
4403.5,1
4406.0,0
4406.25,1
4407.75,0
4408.0,1
4408.5,0
4408.75,1
4409.25,0
4413.5,1
4413.75,0
4446.75,1
4447.0,0
4449.5,1
4450.5,0
4450.75,1
4451.0,0
4451.25,1
4452.75,0
4453.0,1
4453.5,0
4454.0,1
4454.5,0
4455.5,1
4456.25,0
4456.75,1
4457.0,0
4470.0,1
4470.25,0
4470.75,1
4471.0,0
4472.75,1
4473.0,0
4473.5,1
4476.0,0
4476.5,1
4476.75,0
4477.25,1
4478.5,0
4478.75,1
4479.0,0
4479.25,1
4479.75,0
4480.0,1
4480.25,0
4480.5,1
4481.0,0
4485.0,1
4485.25,0
4494.75,1
4495.25,0
4496.5,1
4496.75,0
4497.0,1
4497.75,0
4498.0,1
4498.5,0
4498.75,1
4500.0,0
4500.25,1
4500.5,0
4500.75,1
4501.0,0
4501.25,1
4503.25,0
4503.5,1
4504.0,0
4504.5,1
4505.0,0
4566.5,1
4566.75,0
4569.25,1
4569.5,0
4569.75,1
4570.5,0
4570.75,1
4571.75,0
4572.0,1
4572.25,0
4572.5,1
4573.0,0
4573.25,1
4574.0,0
4574.25,1
4575.75,0
4576.0,1
4577.0,0
4577.5,1
4577.75,0
4592.25,1
4592.75,0
4593.0,1
4595.0,0
4595.5,1
4596.5,0
4596.75,1
4597.75,0
4598.0,1
4598.25,0
4598.5,1
4599.75,0
4600.0,1
4600.5,0
4600.75,1
4601.25,0
4605.0,1
4605.25,0
4615.0,1
4615.25,0
4616.75,1
4617.0,0
4617.25,1
4619.25,0
4619.5,1
4619.75,0
4620.0,1
4621.0,0
4621.25,1
4622.5,0
4622.75,1
4623.25,0
4623.5,1
4624.25,0
4624.5,1
4625.5,0
4629.0,1
4629.25,0
4639.25,1
4639.5,0
4641.5,1
4642.25,0
4642.5,1
4643.5,0
4644.0,1
4644.75,0
4645.0,1
4645.5,0
4646.0,1
4647.75,0
4648.0,1
4648.25,0
4648.5,1
4648.75,0
4662.75,1
4663.0,0
4663.5,1
4664.5,0
4664.75,1
4666.25,0
4666.5,1
4668.5,0
4668.75,1
4669.25,0
4669.5,1
4669.75,0
4670.0,1
4672.0,0
4672.25,1
4672.75,0
4678.5,1
4678.75,0
4734.25,1
4734.5,0
4736.5,1
4737.0,0
4737.25,1
4738.5,0
4738.75,1
4739.0,0
4739.5,1
4739.75,0
4740.0,1
4741.75,0
4742.0,1
4742.25,0
4742.5,1
4743.0,0
4743.5,1
4744.0,0
4744.25,1
4744.5,0
4744.75,1
4745.0,0
4748.25,1
4748.5,0
4758.75,1
4759.0,0
4759.25,1
4759.75,0
4761.5,1
4761.75,0
4762.0,1
4763.0,0
4763.5,1
4767.5,0
4767.75,1
4768.25,0
4768.5,1
4769.25,0
4769.5,1
4769.75,0
4782.25,1
4782.5,0
4785.25,1
4788.25,0
4788.5,1
4791.5,0
4791.75,1
4792.0,0
4792.25,1
4792.75,0
4793.25,1
4793.5,0
4808.75,1
4809.5,0
4810.0,1
4811.25,0
4812.0,1
4812.25,0
4813.25,1
4816.25,0
4816.75,1
4817.25,0
4821.75,1
4822.0,0
4832.25,1
4832.5,0
4832.75,1
4835.0,0
4835.25,1
4837.0,0
4837.25,1
4840.5,0
4841.0,1
4841.25,0
4845.0,1
4845.25,0
4902.0,1
4902.25,0
4903.5,1
4903.75,0
4905.25,1
4906.0,0
4906.5,1
4907.25,0
4907.5,1
4908.5,0
4908.75,1
4909.25,0
4909.5,1
4910.5,0
4911.0,1
4913.25,0
4916.25,1
4916.5,0
4926.5,1
4926.75,0
4929.25,1
4930.0,0
4930.25,1
4931.5,0
4931.75,1
4934.5,0
4934.75,1
4937.0,0
4949.75,1
4950.0,0
4950.5,1
4950.75,0
4951.5,1
4951.75,0
4953.0,1
4953.5,0
4953.75,1
4955.0,0
4955.25,1
4956.0,0
4956.75,1
4958.5,0
4958.75,1
4959.25,0
4959.5,1
4960.25,0
4960.5,1
4960.75,0
4961.0,1
4961.25,0
4961.5,1
4961.75,0
4962.25,1
4962.5,0
4963.75,1
4964.0,0
4965.25,1
4965.5,0
4976.75,1
4977.0,0
4977.25,1
4979.0,0
4979.25,1
4980.5,0
4980.75,1
4981.75,0
4982.0,1
4983.5,0
4983.75,1
4984.25,0
4984.75,1
4985.0,0
4985.25,1
4985.75,0
4990.0,1
4990.25,0
4999.0,1
4999.25,0
5000.25,1
5000.5,0
5001.25,1
5001.5,0
5001.75,1
5002.25,0
5002.75,1
5004.5,0
5004.75,1
5006.5,0
5006.75,1
5007.5,0
5007.75,1
5008.0,0
5008.25,1
5009.25,0
5009.5,1
5009.75,0
5013.25,1
5013.5,0
5070.25,1
5070.5,0
5072.0,1
5072.25,0
5072.5,1
5073.25,0
5073.5,1
5073.75,0
5074.0,1
5076.25,0
5076.5,1
5077.75,0
5078.25,1
5080.5,0
5080.75,1
5081.25,0
5095.75,1
5096.0,0
5097.0,1
5097.5,0
5097.75,1
5099.0,0
5099.25,1
5099.75,0
5100.0,1
5100.25,0
5100.5,1
5102.0,0
5102.25,1
5103.25,0
5103.5,1
5103.75,0
5104.0,1
5105.25,0
5117.25,1
5117.5,0
5119.0,1
5119.25,0
5120.75,1
5121.75,0
5122.0,1
5122.5,0
5122.75,1
5123.0,0
5123.25,1
5125.25,0
5125.5,1
5127.25,0
5127.5,1
5129.25,0
5144.75,1
5147.0,0
5147.25,1
5149.25,0
5149.75,1
5150.0,0
5150.25,1
5150.5,0
5150.75,1
5152.75,0
5153.0,1
5153.25,0
5166.75,1
5167.0,0
5167.5,1
5167.75,0
5168.5,1
5169.25,0
5169.5,1
5170.5,0
5171.0,1
5172.0,0
5172.25,1
5173.75,0
5174.75,1
5175.0,0
5175.25,1
5176.0,0
5176.25,1
5176.5,0
5176.75,1
5177.25,0
5178.75,1
5179.0,0
5240.25,1
5240.75,0
5241.25,1
5242.5,0
5242.75,1
5243.0,0
5243.25,1
5244.25,0
5244.5,1
5245.5,0
5245.75,1
5246.25,0
5246.5,1
5248.5,0
5248.75,1
5249.0,0
5263.0,1
5263.25,0
5265.25,1
5265.75,0
5266.0,1
5267.75,0
5268.0,1
5268.75,0
5269.25,1
5270.75,0
5271.0,1
5272.0,0
5272.25,1
5272.75,0
5276.75,1
5277.0,0
5277.75,1
5278.0,0
5286.0,1
5286.25,0
5289.0,1
5289.75,0
5290.0,1
5290.25,0
5290.5,1
5294.0,0
5294.25,1
5294.5,0
5295.0,1
5296.0,0
5296.25,1
5297.0,0
5297.5,1
5297.75,0
5298.0,1
5298.25,0
5301.25,1
5301.5,0
5311.25,1
5311.5,0
5312.25,1
5312.5,0
5313.0,1
5313.5,0
5313.75,1
5314.25,0
5314.75,1
5316.25,0
5316.5,1
5317.0,0
5317.25,1
5317.5,0
5317.75,1
5319.75,0
5320.0,1
5320.5,0
5320.75,1
5321.25,0
5321.5,1
5321.75,0
5335.25,1
5335.5,0
5336.25,1
5336.75,0
5337.25,1
5338.5,0
5338.75,1
5340.25,0
5340.5,1
5341.0,0
5341.25,1
5343.0,0
5343.25,1
5344.75,0
5345.0,1
5345.25,0
5406.25,1
5406.5,0
5408.0,1
5408.25,0
5408.5,1
5411.5,0
5411.75,1
5412.5,0
5412.75,1
5413.75,0
5414.0,1
5414.25,0
5414.5,1
5417.0,0
5417.5,1
5417.75,0
5432.5,1
5432.75,0
5433.0,1
5434.0,0
5434.25,1
5435.25,0
5435.75,1
5437.25,0
5437.5,1
5440.75,0
5441.75,1
5442.0,0
5444.5,1
5444.75,0
5453.5,1
5453.75,0
5455.25,1
5455.5,0
5456.75,1
5457.0,0
5457.75,1
5460.5,0
5461.0,1
5461.25,0
5461.5,1
5464.0,0
5464.75,1
5465.0,0
5468.0,1
5468.25,0
5481.75,1
5484.75,0
5485.0,1
5485.25,0
5485.5,1
5486.75,0
5487.0,1
5489.0,0
5493.75,1
5494.0,0
5502.25,1
5502.5,0
5504.5,1
5505.25,0
5505.5,1
5506.0,0
5506.25,1
5507.5,0
5507.75,1
5508.0,0
5508.25,1
5513.0,0
5513.5,1
5513.75,0
5576.25,1
5576.5,0
5576.75,1
5577.75,0
5578.0,1
5578.75,0
5579.0,1
5579.25,0
5579.5,1
5580.25,0
5580.5,1
5580.75,0
5581.25,1
5582.0,0
5582.25,1
5583.25,0
5583.5,1
5584.5,0
5584.75,1
5585.25,0
5589.25,1
5589.5,0
5599.75,1
5600.0,0
5600.5,1
5603.75,0
5604.25,1
5607.0,0
5607.5,1
5608.0,0
5608.25,1
5609.25,0
5622.75,1
5623.0,0
5624.5,1
5624.75,0
5625.0,1
5625.25,0
5625.5,1
5626.25,0
5626.5,1
5627.0,0
5627.5,1
5627.75,0
5628.0,1
5629.25,0
5629.75,1
5630.0,0
5630.25,1
5631.0,0
5631.25,1
5631.75,0
5632.0,1
5632.5,0
5632.75,1
5633.75,0
5638.25,1
5638.5,0
5646.25,1
5646.5,0
5648.75,1
5649.5,0
5649.75,1
5652.0,0
5652.25,1
5657.25,0
5673.0,1
5673.25,0
5673.5,1
5674.75,0
5675.25,1
5677.0,0
5677.25,1
5678.25,0
5678.75,1
5679.25,0
5679.5,1
5680.75,0
5681.0,1
5681.5,0
5743.75,1
5744.0,0
5744.5,1
5745.0,0
5745.25,1
5746.0,0
5746.25,1
5746.5,0
5746.75,1
5747.75,0
5748.25,1
5749.75,0
5750.0,1
5750.25,0
5750.5,1
5750.75,0
5751.0,1
5752.25,0
5752.75,1
5753.5,0
5766.25,1
5766.5,0
5766.75,1
5767.0,0
5769.0,1
5771.25,0
5771.5,1
5772.25,0
5772.5,1
5773.25,0
5773.75,1
5775.25,0
5775.5,1
5777.0,0
5777.5,1
5777.75,0
5792.5,1
5792.75,0
5793.0,1
5794.25,0
5794.5,1
5795.5,0
5795.75,1
5796.0,0
5796.25,1
5797.5,0
5798.25,1
5799.0,0
5799.25,1
5800.0,0
5800.25,1
5800.75,0
5805.25,1
5805.5,0
5817.0,1
5817.5,0
5817.75,1
5818.5,0
5818.75,1
5819.5,0
5819.75,1
5820.0,0
5820.25,1
5821.5,0
5821.75,1
5822.0,0
5822.5,1
5823.5,0
5823.75,1
5825.0,0
5828.25,1
5828.5,0
5829.25,1
5829.5,0
5830.0,1
5830.25,0
5837.25,1
5837.5,0
5838.25,1
5838.5,0
5841.0,1
5842.0,0
5842.25,1
5843.5,0
5844.0,1
5844.75,0
5845.0,1
5848.0,0
5848.25,1
5848.75,0
5849.0,1
5849.25,0
5910.75,1
5911.0,0
5911.25,1
5911.5,0
5912.25,1
5912.5,0
5914.0,1
5914.5,0
5914.75,1
5915.25,0
5915.5,1
5917.25,0
5917.5,1
5917.75,0
5918.25,1
5918.75,0
5919.5,1
5921.25,0
5923.25,1
5923.5,0
5959.25,1
5959.5,0
5960.25,1
5960.5,0
5961.25,1
5962.25,0
5962.5,1
5964.25,0
5964.5,1
5965.0,0
5965.5,1
5966.25,0
5966.5,1
5968.5,0
5968.75,1
5969.5,0
5983.0,1
5983.75,0
5984.5,1
5985.25,0
5985.75,1
5987.5,0
5987.75,1
5988.25,0
5988.5,1
5991.25,0
5991.5,1
5993.0,0
6007.25,1
6007.5,0
6007.75,1
6008.0,0
6008.75,1
6009.0,0
6009.5,1
6010.5,0
6010.75,1
6012.25,0
6012.75,1
6013.75,0
6014.0,1
6015.25,0
6015.5,1
6016.5,0
6017.25,1
6017.5,0
6081.25,1
6081.5,0
6081.75,1
6082.25,0
6082.5,1
6082.75,0
6083.0,1
6084.5,0
6084.75,1
6085.0,0
6085.5,1
6085.75,0
6086.0,1
6089.25,0
6104.25,1
6104.75,0
6105.0,1
6108.5,0
6108.75,1
6109.25,0
6109.75,1
6110.25,0
6110.75,1
6113.25,0
6126.5,1
6127.0,0
6129.25,1
6130.5,0
6130.75,1
6133.0,0
6133.75,1
6134.0,0
6134.25,1
6135.0,0
6135.25,1
6137.0,0
6139.75,1
6140.0,0
6143.25,1
6143.5,0
6152.0,1
6152.5,0
6153.0,1
6153.25,0
6153.5,1
6154.25,0
6154.5,1
6155.5,0
6156.0,1
6156.5,0
6157.0,1
6157.5,0
6157.75,1
6158.75,0
6159.0,1
6160.0,0
6160.25,1
6160.75,0
6161.0,1
6161.25,0
6165.0,1
6165.25,0
6176.5,1
6176.75,0
6177.0,1
6178.0,0
6178.25,1
6181.0,0
6181.25,1
6182.0,0
6182.5,1
6183.75,0
6184.0,1
6185.0,0
6185.5,1
6185.75,0
6190.0,1
6190.25,0
6248.5,1
6249.0,0
6249.25,1
6249.5,0
6249.75,1
6250.0,0
6250.25,1
6250.75,0
6251.0,1
6252.5,0
6252.75,1
6253.0,0
6253.25,1
6253.5,0
6253.75,1
6254.0,0
6254.5,1
6256.75,0
6257.0,1
6257.5,0
6269.75,1
6270.0,0
6270.25,1
6270.5,0
6273.75,1
6275.25,0
6275.5,1
6275.75,0
6276.0,1
6278.25,0
6278.5,1
6280.5,0
6280.75,1
6281.0,0
6284.25,1
6284.5,0
6285.25,1
6285.5,0
6294.75,1
6295.0,0
6296.75,1
6298.5,0
6298.75,1
6299.25,0
6299.5,1
6300.75,0
6301.25,1
6304.75,0
6318.25,1
6319.0,0
6319.5,1
6319.75,0
6321.0,1
6321.25,0
6322.0,1
6322.5,0
6322.75,1
6325.75,0
6326.0,1
6327.5,0
6327.75,1
6328.75,0
6329.0,1
6329.75,0
6342.0,1
6342.25,0
6344.75,1
6345.0,0
6345.25,1
6348.0,0
6348.25,1
6349.5,0
6349.75,1
6350.0,0
6350.25,1
6352.25,0
6352.5,1
6353.0,0
6357.0,1
6357.25,0
6416.0,1
6416.75,0
6417.0,1
6418.5,0
6418.75,1
6419.25,0
6419.5,1
6422.25,0
6422.5,1
6423.25,0
6423.5,1
6424.75,0
6429.75,1
6430.25,0
6440.75,1
6444.75,0
6445.0,1
6445.25,0
6445.75,1
6446.0,0
6446.25,1
6448.75,0
6449.0,1
6449.25,0
6463.75,1
6464.0,0
6464.75,1
6468.25,0
6469.0,1
6470.0,0
6470.25,1
6470.5,0
6471.0,1
6471.75,0
6472.0,1
6472.25,0
6472.5,1
6472.75,0
6473.25,1
6473.5,0
6477.25,1
6477.5,0
6486.5,1
6486.75,0
6487.75,1
6488.0,0
6488.75,1
6489.5,0
6489.75,1
6490.75,0
6491.25,1
6491.75,0
6492.0,1
6492.5,0
6493.0,1
6493.5,0
6493.75,1
6494.0,0
6494.25,1
6494.5,0
6495.5,1
6496.5,0
6512.25,1
6512.75,0
6513.0,1
6516.75,0
6517.0,1
6519.75,0
6520.0,1
6521.25,0
6524.25,1
6524.5,0
6525.0,1
6525.25,0
6581.5,1
6581.75,0
6583.25,1
6583.75,0
6584.75,1
6586.0,0
6586.25,1
6587.25,0
6587.5,1
6587.75,0
6588.25,1
6589.25,0
6589.5,1
6591.5,0
6591.75,1
6592.25,0
6592.5,1
6592.75,0
6597.25,1
6597.5,0
6606.25,1
6606.5,0
6609.25,1
6609.75,0
6610.0,1
6610.5,0
6610.75,1
6611.25,0
6611.5,1
6614.25,0
6614.5,1
6617.0,0
6631.0,1
6631.25,0
6632.5,1
6633.25,0
6633.5,1
6634.0,0
6634.5,1
6639.0,0
6639.5,1
6639.75,0
6640.0,1
6640.75,0
6641.25,1
6641.5,0
6641.75,1
6642.0,0
6656.75,1
6657.0,0
6657.5,1
6658.25,0
6658.5,1
6658.75,0
6659.5,1
6660.0,0
6660.25,1
6660.5,0
6660.75,1
6665.0,0
6679.75,1
6680.0,0
6680.5,1
6680.75,0
6682.0,1
6683.0,0
6683.25,1
6684.5,0
6684.75,1
6685.25,0
6685.75,1
6689.5,0
6689.75,1
6690.0,0
6692.75,1
6693.0,0
6751.25,1
6751.5,0
6752.25,1
6752.75,0
6753.0,1
6753.25,0
6753.75,1
6754.5,0
6755.0,1
6755.25,0
6755.75,1
6756.75,0
6757.5,1
6757.75,0
6758.0,1
6759.5,0
6759.75,1
6760.75,0
6761.25,1
6761.5,0
6765.75,1
6766.0,0
6799.0,1
6799.25,0
6801.25,1
6804.25,0
6804.75,1
6808.75,0
6811.75,1
6812.0,0
6821.75,1
6822.0,0
6822.5,1
6822.75,0
6824.5,1
6824.75,0
6825.25,1
6825.5,0
6825.75,1
6826.5,0
6826.75,1
6827.5,0
6828.0,1
6829.5,0
6829.75,1
6830.25,0
6830.5,1
6831.25,0
6831.5,1
6832.75,0
6837.25,1
6837.5,0
6847.25,1
6847.5,0
6848.5,1
6848.75,0
6849.0,1
6850.0,0
6850.25,1
6851.25,0
6851.5,1
6851.75,0
6852.25,1
6852.75,0
6853.0,1
6853.25,0
6853.5,1
6853.75,0
6854.5,1
6855.25,0
6855.5,1
6856.0,0
6856.25,1
6856.75,0
6857.0,1
6857.25,0
6918.0,1
6918.25,0
6918.75,1
6919.0,0
6920.75,1
6921.0,0
6921.25,1
6923.25,0
6923.75,1
6924.25,0
6924.75,1
6925.75,0
6926.25,1
6926.5,0
6926.75,1
6927.0,0
6927.5,1
6928.25,0
6928.5,1
6928.75,0
6929.0,1
6929.5,0
6930.0,1
6930.25,0
6943.75,1
6944.0,0
6945.25,1
6946.0,0
6946.75,1
6947.25,0
6947.5,1
6948.0,0
6948.25,1
6949.25,0
6949.5,1
6950.0,0
6950.25,1
6951.0,0
6951.25,1
6952.25,0
6952.5,1
6953.25,0
6953.5,1
6953.75,0
6966.5,1
6966.75,0
6968.25,1
6969.25,0
6969.5,1
6974.25,0
6974.5,1
6975.5,0
6975.75,1
6976.0,0
6976.25,1
6976.5,0
6978.0,1
6978.25,0
6990.5,1
6990.75,0
6991.25,1
6991.5,0
6992.75,1
6995.25,0
6995.5,1
6996.75,0
6997.0,1
6998.25,0
6998.5,1
6998.75,0
6999.0,1
6999.25,0
6999.75,1
7000.75,0
7001.0,1
7001.25,0
7001.5,1
7001.75,0
7005.25,1
7005.5,0
7006.0,1
7006.25,0
7014.75,1
7015.0,0
7015.75,1
7016.0,0
7017.0,1
7017.25,0
7017.5,1
7018.0,0
7018.25,1
7019.0,0
7019.75,1
7020.25,0
7020.5,1
7020.75,0
7021.75,1
7022.0,0
7022.25,1
7025.75,0
7030.0,1
7030.25,0
7086.75,1
7087.0,0
7088.5,1
7088.75,0
7089.5,1
7090.25,0
7090.75,1
7092.0,0
7092.25,1
7092.5,0
7092.75,1
7093.0,0
7093.25,1
7094.25,0
7094.75,1
7095.0,0
7095.5,1
7095.75,0
7096.0,1
7096.25,0
7096.5,1
7097.5,0
7101.25,1
7101.5,0
7110.5,1
7111.0,0
7113.0,1
7114.0,0
7114.25,1
7115.25,0
7115.5,1
7115.75,0
7116.0,1
7117.25,0
7117.5,1
7118.25,0
7118.75,1
7120.5,0
7137.5,1
7137.75,0
7138.0,1
7138.25,0
7138.5,1
7139.0,0
7139.25,1
7139.75,0
7140.0,1
7141.25,0
7141.5,1
7142.5,0
7142.75,1
7143.0,0
7144.25,1
7144.5,0
7144.75,1
7145.25,0
7159.0,1
7159.25,0
7160.75,1
7162.25,0
7162.5,1
7164.25,0
7164.5,1
7165.0,0
7165.25,1
7166.0,0
7166.5,1
7167.0,0
7167.25,1
7168.0,0
7168.25,1
7169.5,0
7183.0,1
7183.25,0
7183.5,1
7184.0,0
7184.75,1
7185.0,0
7185.25,1
7185.5,0
7185.75,1
7186.0,0
7186.25,1
7188.25,0
7188.75,1
7189.0,0
7189.25,1
7190.0,0
7190.25,1
7190.75,0
7191.0,1
7191.75,0
7192.25,1
7192.5,0
7192.75,1
7193.0,0
7255.5,1
7256.0,0
7256.25,1
7256.5,0
7256.75,1
7257.0,0
7257.25,1
7258.25,0
7258.5,1
7260.0,0
7260.25,1
7260.5,0
7260.75,1
7261.0,0
7261.5,1
7261.75,0
7262.0,1
7262.75,0
7263.0,1
7263.75,0
7264.25,1
7265.0,0
7265.5,1
7265.75,0
7266.0,1
7266.25,0
7269.5,1
7269.75,0
7277.75,1
7278.0,0
7278.25,1
7278.5,0
7279.25,1
7279.5,0
7281.5,1
7282.5,0
7282.75,1
7284.0,0
7284.25,1
7284.75,0
7285.0,1
7285.5,0
7285.75,1
7286.0,0
7286.25,1
7286.75,0
7287.0,1
7287.5,0
7287.75,1
7288.0,0
7288.75,1
7289.5,0
7303.25,1
7303.5,0
7305.0,1
7305.25,0
7306.0,1
7307.5,0
7307.75,1
7309.25,0
7309.75,1
7311.25,0
7311.5,1
7312.5,0
7326.75,1
7327.0,0
7328.0,1
7328.25,0
7328.5,1
7331.75,0
7332.0,1
7333.75,0
7334.0,1
7334.5,0
7334.75,1
7335.5,0
7335.75,1
7336.25,0
7336.5,1
7336.75,0
7337.5,1
7337.75,0
7353.5,1
7355.75,0
7356.25,1
7356.5,0
7356.75,1
7358.25,0
7358.5,1
7359.25,0
7359.5,1
7360.75,0
7424.75,1
7425.0,0
7425.25,1
7425.5,0
7426.25,1
7428.5,0
7428.75,1
7429.25,0
7429.5,1
7429.75,0
7430.0,1
7431.25,0
7431.5,1
7432.25,0
7432.5,1
7433.25,0
7434.0,1
7434.25,0
7435.75,1
7436.0,0
7446.5,1
7446.75,0
7448.75,1
7449.25,0
7449.5,1
7450.25,0
7450.5,1
7452.0,0
7452.25,1
7453.5,0
7453.75,1
7454.0,0
7454.5,1
7456.5,0
7460.75,1
7461.0,0
7473.0,1
7473.25,0
7474.0,1
7475.0,0
7475.25,1
7476.5,0
7476.75,1
7480.5,0
7481.0,1
7481.25,0
7496.75,1
7497.0,0
7497.5,1
7498.0,0
7498.25,1
7498.5,0
7499.0,1
7499.5,0
7499.75,1
7500.0,0
7500.5,1
7501.0,0
7501.25,1
7502.5,0
7502.75,1
7503.0,0
7503.25,1
7505.25,0
7509.0,1
7509.25,0
7521.0,1
7522.0,0
7522.25,1
7523.0,0
7523.5,1
7523.75,0
7524.0,1
7524.25,0
7524.5,1
7525.0,0
7525.25,1
7527.0,0
7527.25,1
7528.25,0
7528.5,1
7529.0,0
7529.25,1
7529.5,0
7532.5,1
7532.75,0
7591.5,1
7591.75,0
7592.75,1
7593.5,0
7593.75,1
7595.5,0
7595.75,1
7596.5,0
7596.75,1
7601.25,0
7602.25,1
7602.5,0
7607.0,1
7607.25,0
7614.25,1
7614.75,0
7616.5,1
7616.75,0
7617.0,1
7617.25,0
7617.75,1
7621.25,0
7621.5,1
7621.75,0
7622.0,1
7622.75,0
7623.25,1
7624.5,0
7625.0,1
7625.25,0
7640.75,1
7641.25,0
7641.75,1
7644.5,0
7644.75,1
7646.25,0
7646.75,1
7647.5,0
7647.75,1
7648.25,0
7648.5,1
7648.75,0
7649.0,1
7649.25,0
7661.75,1
7662.0,0
7665.5,1
7666.75,0
7667.0,1
7667.75,0
7668.0,1
7672.5,0
7672.75,1
7673.0,0
7673.25,1
7673.5,0
7689.0,1
7689.5,0
7689.75,1
7692.25,0
7692.5,1
7692.75,0
7693.0,1
7694.5,0
7694.75,1
7695.75,0
7696.0,1
7696.75,0
7759.75,1
7760.0,0
7760.5,1
7760.75,0
7761.25,1
7761.75,0
7762.0,1
7762.25,0
7763.0,1
7764.25,0
7764.5,1
7765.25,0
7765.5,1
7767.5,0
7767.75,1
7769.25,0
7773.25,1
7773.5,0
7782.25,1
7782.5,0
7785.5,1
7785.75,0
7786.0,1
7786.25,0
7786.5,1
7787.0,0
7787.25,1
7788.25,0
7788.5,1
7789.25,0
7789.5,1
7790.5,0
7790.75,1
7793.0,0
7795.75,1
7796.0,0
7805.5,1
7805.75,0
7809.0,1
7811.0,0
7811.25,1
7811.75,0
7812.0,1
7813.25,0
7813.5,1
7813.75,0
7814.0,1
7814.5,0
7814.75,1
7815.5,0
7815.75,1
7816.75,0
7830.5,1
7830.75,0
7832.25,1
7832.5,0
7833.0,1
7833.25,0
7834.75,1
7835.0,0
7836.25,1
7837.5,0
7838.0,1
7840.0,0
7840.75,1
7841.5,0
7926.5,1
7926.75,0
7927.0,1
7927.25,0
7928.75,1
7929.25,0
7929.5,1
7930.0,0
7930.75,1
7932.0,0
7932.25,1
7933.25,0
7933.5,1
7934.5,0
7934.75,1
7935.0,0
7935.25,1
7936.75,0
7950.0,1
7950.25,0
7950.5,1
7950.75,0
7951.5,1
7951.75,0
7953.0,1
7956.25,0
7956.5,1
7958.0,0
7958.25,1
7958.75,0
7959.0,1
7959.25,0
7959.5,1
7960.25,0
7960.5,1
7960.75,0
7961.0,1
7961.75,0
7974.5,1
7975.0,0
7976.5,1
7977.0,0
7977.75,1
7978.0,0
7978.25,1
7979.25,0
7979.5,1
7980.25,0
7980.5,1
7980.75,0
7981.0,1
7982.0,0
7982.25,1
7983.25,0
7983.5,1
7984.5,0
7984.75,1
7985.25,0
7989.0,1
7989.25,0
7999.75,1
8000.0,0
8001.0,1
8001.5,0
8001.75,1
8005.0,0
8005.25,1
8005.75,0
8006.0,1
8009.5,0
8012.5,1
8013.0,0
8025.0,1
8025.5,0
8025.75,1
8026.25,0
8026.5,1
8026.75,0
8027.0,1
8027.5,0
8027.75,1
8029.0,0
8029.25,1
8030.75,0
8031.0,1
8031.25,0
8031.5,1
8032.5,0
8032.75,1
8033.25,0
8096.0,1
8096.25,0
8097.25,1
8097.75,0
8098.0,1
8099.25,0
8100.0,1
8100.25,0
8100.75,1
8102.75,0
8103.75,1
8104.25,0
8104.5,1
8105.0,0
8118.75,1
8119.0,0
8119.5,1
8119.75,0
8120.75,1
8121.0,0
8121.25,1
8122.5,0
8122.75,1
8123.75,0
8124.0,1
8124.25,0
8124.5,1
8125.25,0
8125.5,1
8126.25,0
8126.75,1
8127.75,0
8128.0,1
8129.5,0
8144.75,1
8145.0,0
8145.25,1
8145.5,0
8145.75,1
8149.75,0
8150.25,1
8151.0,0
8151.25,1
8152.75,0
8153.5,1
8153.75,0
8157.25,1
8157.5,0
8166.75,1
8167.0,0
8168.75,1
8169.0,0
8169.25,1
8170.5,0
8170.75,1
8172.75,0
8173.0,1
8175.5,0
8175.75,1
8177.25,0
8182.25,1
8182.5,0
8193.0,1
8193.25,0
8194.0,1
8195.75,0
8196.0,1
8196.25,0
8196.5,1
8196.75,0
8197.0,1
8197.5,0
8197.75,1
8199.75,0
8200.0,1
8200.25,0
8200.5,1
8201.0,0
8201.25,1
8201.5,0
8204.5,1
8205.0,0
8262.25,1
8262.5,0
8262.75,1
8263.0,0
8265.0,1
8265.75,0
8266.0,1
8268.5,0
8268.75,1
8269.0,0
8269.25,1
8269.75,0
8270.25,1
8271.25,0
8271.5,1
8272.5,0
8272.75,1
8273.25,0
8273.5,1
8273.75,0
8277.75,1
8278.0,0
8289.0,1
8289.75,0
8290.0,1
8291.0,0
8291.25,1
8291.5,0
8291.75,1
8292.5,0
8292.75,1
8295.0,0
8295.25,1
8296.25,0
8296.5,1
8296.75,0
8297.25,1
8297.5,0
8313.0,1
8314.5,0
8314.75,1
8315.5,0
8316.0,1
8317.25,0
8317.5,1
8320.0,0
8320.5,1
8321.0,0
8336.75,1
8337.25,0
8337.5,1
8338.5,0
8338.75,1
8339.0,0
8339.5,1
8340.25,0
8340.5,1
8342.25,0
8342.5,1
8345.0,0
8360.5,1
8361.5,0
8361.75,1
8362.0,0
8362.5,1
8363.25,0
8363.5,1
8364.75,0
8365.0,1
8365.25,0
8365.5,1
8367.0,0
8367.5,1
8368.0,0
8368.25,1
8368.5,0
8369.0,1
8369.25,0
8373.5,1
8373.75,0
8432.75,1
8434.0,0
8434.25,1
8434.5,0
8434.75,1
8435.25,0
8435.5,1
8436.25,0
8436.5,1
8437.25,0
8437.5,1
8437.75,0
8438.0,1
8438.25,0
8438.5,1
8441.25,0
8441.5,1
8441.75,0
8457.25,1
8461.25,0
8462.0,1
8462.25,0
8462.5,1
8464.0,0
8464.25,1
8464.75,0
8465.0,1
8465.25,0
8469.0,1
8469.25,0
8480.75,1
8482.75,0
8483.0,1
8485.0,0
8485.25,1
8485.5,0
8485.75,1
8486.25,0
8486.5,1
8488.75,0
8489.25,1
8489.5,0
8493.0,1
8493.25,0
8503.75,1
8504.0,0
8505.0,1
8505.5,0
8505.75,1
8506.0,0
8506.25,1
8507.5,0
8507.75,1
8508.5,0
8509.0,1
8513.25,0
8525.75,1
8526.0,0
8526.25,1
8526.75,0
8527.25,1
8527.5,0
8528.5,1
8531.25,0
8531.5,1
8532.0,0
8532.25,1
8532.5,0
8532.75,1
8533.25,0
8533.5,1
8534.25,0
8534.5,1
8537.0,0
8624.25,1
8624.5,0
8624.75,1
8625.25,0
8625.5,1
8626.5,0
8626.75,1
8627.5,0
8627.75,1
8628.5,0
8628.75,1
8629.0,0
8629.25,1
8629.5,0
8629.75,1
8630.25,0
8630.5,1
8632.0,0
8632.5,1
8633.0,0
8637.0,1
8637.25,0
8647.0,1
8647.25,0
8647.5,1
8648.0,0
8648.25,1
8648.5,0
8648.75,1
8650.5,0
8651.0,1
8652.75,0
8653.0,1
8654.0,0
8654.25,1
8654.5,0
8654.75,1
8655.0,0
8655.25,1
8656.75,0
8660.5,1
8660.75,0
8661.0,1
8661.25,0
8670.0,1
8670.25,0
8672.25,1
8673.75,0
8674.25,1
8674.75,0
8675.0,1
8677.0,0
8677.25,1
8679.25,0
8679.5,1
8679.75,0
8680.0,1
8680.25,0
8680.5,1
8681.0,0
8695.25,1
8695.5,0
8697.25,1
8698.5,0
8698.75,1
8700.0,0
8700.75,1
8701.0,0
8701.25,1
8701.75,0
8702.0,1
8702.75,0
8703.25,1
8703.5,0
8703.75,1
8705.0,0
8708.5,1
8708.75,0
8709.25,1
8709.5,0
