#1


float Room-306 (4341,2)
0.0,0
30.75,1
31.25,0
33.0,1
35.75,0
36.0,1
36.25,0
36.75,1
37.75,0
38.0,1
40.25,0
40.5,1
40.75,0
41.25,1
41.5,0
56.75,1
57.0,0
57.5,1
58.0,0
58.5,1
58.75,0
59.0,1
59.25,0
59.5,1
59.75,0
60.0,1
61.25,0
61.5,1
61.75,0
62.0,1
64.75,0
68.25,1
68.5,0
68.75,1
69.0,0
78.5,1
79.25,0
80.5,1
81.5,0
81.75,1
84.5,0
84.75,1
86.5,0
87.0,1
87.5,0
87.75,1
89.0,0
104.5,1
105.0,0
105.5,1
105.75,0
106.0,1
107.75,0
108.0,1
108.5,0
109.5,1
109.75,0
110.25,1
111.5,0
111.75,1
113.0,0
127.0,1
127.25,0
129.0,1
129.25,0
129.5,1
130.0,0
130.25,1
131.25,0
131.5,1
132.0,0
132.5,1
133.25,0
133.75,1
134.5,0
134.75,1
136.5,0
136.75,1
137.5,0
200.5,1
200.75,0
201.0,1
202.5,0
202.75,1
205.75,0
206.0,1
208.25,0
208.5,1
208.75,0
211.5,1
211.75,0
221.0,1
221.25,0
221.5,1
222.0,0
224.0,1
224.25,0
225.0,1
225.25,0
225.75,1
227.25,0
227.5,1
227.75,0
228.0,1
228.25,0
228.5,1
230.25,0
230.5,1
231.0,0
231.25,1
232.25,0
232.5,1
232.75,0
233.0,1
233.25,0
246.75,1
247.0,0
248.0,1
248.25,0
248.5,1
249.0,0
249.75,1
250.5,0
250.75,1
253.0,0
253.5,1
253.75,0
254.75,1
255.5,0
255.75,1
256.5,0
257.0,1
257.25,0
258.0,1
258.25,0
261.25,1
261.5,0
270.5,1
270.75,0
271.25,1
271.5,0
273.0,1
275.75,0
276.0,1
276.75,0
277.0,1
277.5,0
277.75,1
278.75,0
279.0,1
279.75,0
280.0,1
280.75,0
281.25,1
281.5,0
293.5,1
293.75,0
296.5,1
296.75,0
297.0,1
297.25,0
297.5,1
298.5,0
299.0,1
299.25,0
299.75,1
302.0,0
302.25,1
303.0,0
303.75,1
305.5,0
308.0,1
308.25,0
369.5,1
370.0,0
370.25,1
371.0,0
371.5,1
372.0,0
372.25,1
374.5,0
374.75,1
375.0,0
375.75,1
376.0,0
377.25,1
377.5,0
381.25,1
381.5,0
390.25,1
390.5,0
393.5,1
393.75,0
394.25,1
394.75,0
395.0,1
396.75,0
397.0,1
397.25,0
397.5,1
399.0,0
399.25,1
400.25,0
400.5,1
400.75,0
401.0,1
401.75,0
405.5,1
405.75,0
439.25,1
439.5,0
440.5,1
441.0,0
441.25,1
441.5,0
441.75,1
443.75,0
444.0,1
445.75,0
446.0,1
448.25,0
448.5,1
449.0,0
455.0,1
455.25,0
465.0,1
465.75,0
466.0,1
466.25,0
466.5,1
467.5,0
467.75,1
468.25,0
468.75,1
469.25,0
469.75,1
470.0,0
470.25,1
470.75,0
471.25,1
472.5,0
472.75,1
473.25,0
473.75,1
474.0,0
534.25,1
534.5,0
536.75,1
537.5,0
538.0,1
538.5,0
538.75,1
539.5,0
539.75,1
542.25,0
542.5,1
543.5,0
543.75,1
544.25,0
544.75,1
545.75,0
549.5,1
549.75,0
560.75,1
563.75,0
564.25,1
564.5,0
565.25,1
565.75,0
566.0,1
566.25,0
566.5,1
567.25,0
567.5,1
569.75,0
585.0,1
586.25,0
586.5,1
587.5,0
587.75,1
588.25,0
588.5,1
589.5,0
590.0,1
591.0,0
591.25,1
591.5,0
591.75,1
592.25,0
592.5,1
593.25,0
597.0,1
597.25,0
607.25,1
607.5,0
608.5,1
608.75,0
609.0,1
609.25,0
609.5,1
609.75,0
610.0,1
610.75,0
611.0,1
611.25,0
611.75,1
613.5,0
613.75,1
614.25,0
614.5,1
614.75,0
615.0,1
615.25,0
615.75,1
616.0,0
616.25,1
616.75,0
617.0,1
617.25,0
617.75,1
618.0,0
623.0,1
623.25,0
631.0,1
631.25,0
632.75,1
633.0,0
633.5,1
633.75,0
634.0,1
635.75,0
636.0,1
637.75,0
638.25,1
639.5,0
639.75,1
641.5,0
703.0,1
703.25,0
703.5,1
703.75,0
704.5,1
704.75,0
705.5,1
707.25,0
707.5,1
708.5,0
708.75,1
710.25,0
710.75,1
711.0,0
711.25,1
711.75,0
712.0,1
713.25,0
727.75,1
728.0,0
728.25,1
728.5,0
729.25,1
729.75,0
730.0,1
731.5,0
731.75,1
733.75,0
734.0,1
734.5,0
734.75,1
737.0,0
750.25,1
750.5,0
751.5,1
752.0,0
753.0,1
753.25,0
753.5,1
753.75,0
754.0,1
755.75,0
756.0,1
756.25,0
756.5,1
757.0,0
757.25,1
757.75,0
758.0,1
761.0,0
777.0,1
777.5,0
777.75,1
778.0,0
778.25,1
779.5,0
779.75,1
780.75,0
781.0,1
782.75,0
783.0,1
783.25,0
783.5,1
783.75,0
784.0,1
784.25,0
784.5,1
784.75,0
785.25,1
785.5,0
798.0,1
798.25,0
800.75,1
801.0,0
801.25,1
802.25,0
802.5,1
804.5,0
804.75,1
806.25,0
806.5,1
807.0,0
807.75,1
808.5,0
808.75,1
809.25,0
873.25,1
874.0,0
874.5,1
875.75,0
876.0,1
876.25,0
876.5,1
878.0,0
878.75,1
879.0,0
879.25,1
881.0,0
881.25,1
881.5,0
894.25,1
894.5,0
895.0,1
895.25,0
896.25,1
896.5,0
896.75,1
897.0,0
897.5,1
900.0,0
900.75,1
901.0,0
902.0,1
902.75,0
903.0,1
903.5,0
904.0,1
904.5,0
904.75,1
905.0,0
910.0,1
910.25,0
919.0,1
919.5,0
919.75,1
920.0,0
922.0,1
922.5,0
922.75,1
923.5,0
924.0,1
925.5,0
925.75,1
926.0,0
926.5,1
926.75,0
927.25,1
928.75,0
929.0,1
929.25,0
933.75,1
934.0,0
941.25,1
941.5,0
942.5,1
942.75,0
943.5,1
943.75,0
944.75,1
946.5,0
946.75,1
947.25,0
947.5,1
948.5,0
948.75,1
949.5,0
949.75,1
951.75,0
952.0,1
953.0,0
953.75,1
954.0,0
966.0,1
966.25,0
968.25,1
968.5,0
968.75,1
969.25,0
969.75,1
970.75,0
971.0,1
974.75,0
975.0,1
977.0,0
977.5,1
977.75,0
980.25,1
980.75,0
981.25,1
981.5,0
1039.75,1
1040.0,0
1041.0,1
1041.25,0
1041.5,1
1042.0,0
1042.25,1
1044.75,0
1045.0,1
1046.0,0
1046.25,1
1046.75,0
1047.0,1
1047.25,0
1047.5,1
1047.75,0
1048.0,1
1048.75,0
1049.25,1
1049.5,0
1054.25,1
1054.5,0
1065.0,1
1065.25,0
1065.75,1
1067.5,0
1067.75,1
1068.5,0
1068.75,1
1069.25,0
1069.75,1
1070.5,0
1070.75,1
1072.0,0
1072.75,1
1073.0,0
1073.5,1
1073.75,0
1110.0,1
1110.25,0
1111.0,1
1111.5,0
1112.25,1
1112.75,0
1113.25,1
1113.75,0
1114.0,1
1114.5,0
1115.0,1
1115.75,0
1116.0,1
1117.0,0
1117.5,1
1118.0,0
1118.25,1
1118.75,0
1119.0,1
1121.0,0
1121.5,1
1121.75,0
1126.25,1
1126.5,0
1135.25,1
1135.75,0
1136.5,1
1137.0,0
1137.5,1
1137.75,0
1138.0,1
1138.25,0
1138.5,1
1139.5,0
1140.0,1
1140.25,0
1140.5,1
1141.0,0
1141.5,1
1142.25,0
1142.5,1
1144.5,0
1144.75,1
1145.25,0
1207.25,1
1207.5,0
1208.5,1
1208.75,0
1209.25,1
1209.75,0
1210.0,1
1212.25,0
1212.75,1
1213.0,0
1213.5,1
1214.5,0
1214.75,1
1215.5,0
1215.75,1
1217.5,0
1219.0,1
1219.25,0
1221.0,1
1221.25,0
1230.5,1
1231.0,0
1233.0,1
1233.25,0
1233.75,1
1234.0,0
1234.25,1
1236.0,0
1236.5,1
1238.5,0
1238.75,1
1240.5,0
1240.75,1
1241.0,0
1241.25,1
1241.5,0
1245.75,1
1246.0,0
1254.5,1
1254.75,0
1257.25,1
1258.0,0
1258.5,1
1258.75,0
1259.0,1
1259.75,0
1260.0,1
1261.0,0
1261.25,1
1262.5,0
1262.75,1
1263.25,0
1263.5,1
1264.25,0
1265.0,1
1265.25,0
1269.0,1
1269.25,0
1278.25,1
1278.5,0
1278.75,1
1279.25,0
1279.5,1
1279.75,0
1280.75,1
1282.5,0
1282.75,1
1283.75,0
1284.25,1
1285.25,0
1285.5,1
1286.0,0
1286.25,1
1288.5,0
1292.0,1
1292.25,0
1293.5,1
1293.75,0
1301.75,1
1302.0,0
1302.25,1
1302.5,0
1305.0,1
1305.5,0
1306.0,1
1306.25,0
1306.5,1
1308.0,0
1308.25,1
1309.0,0
1309.25,1
1309.5,0
1310.25,1
1311.0,0
1311.25,1
1311.5,0
1312.0,1
1313.25,0
1313.5,1
1313.75,0
1316.25,1
1316.5,0
1377.0,1
1378.5,0
1378.75,1
1379.75,0
1380.0,1
1382.75,0
1383.0,1
1384.75,0
1385.0,1
1385.25,0
1385.5,1
1385.75,0
1398.5,1
1399.0,0
1399.25,1
1399.5,0
1400.75,1
1401.0,0
1401.25,1
1402.75,0
1403.0,1
1403.5,0
1404.0,1
1406.75,0
1407.0,1
1408.0,0
1408.25,1
1409.25,0
1413.0,1
1413.25,0
1423.25,1
1423.5,0
1424.25,1
1424.5,0
1424.75,1
1425.0,0
1425.25,1
1427.0,0
1427.5,1
1428.0,0
1428.25,1
1429.25,0
1429.5,1
1430.75,0
1431.25,1
1432.0,0
1432.25,1
1433.25,0
1437.5,1
1437.75,0
1446.5,1
1447.0,0
1449.25,1
1450.25,0
1450.5,1
1451.25,0
1451.75,1
1452.25,0
1452.5,1
1455.25,0
1455.5,1
1455.75,0
1456.0,1
1456.75,0
1457.25,1
1457.5,0
1471.25,1
1471.5,0
1471.75,1
1472.0,0
1473.0,1
1474.5,0
1474.75,1
1475.5,0
1476.0,1
1477.5,0
1477.75,1
1479.75,0
1480.0,1
1481.0,0
1486.25,1
1486.5,0
1545.5,1
1546.0,0
1546.25,1
1546.5,0
1546.75,1
1548.0,0
1548.25,1
1548.5,0
1548.75,1
1549.5,0
1550.25,1
1550.5,0
1550.75,1
1551.5,0
1551.75,1
1552.5,0
1552.75,1
1553.25,0
1570.0,1
1572.0,0
1572.25,1
1572.75,0
1573.0,1
1573.25,0
1573.5,1
1573.75,0
1574.5,1
1576.0,0
1576.25,1
1577.25,0
1577.5,1
1577.75,0
1580.25,1
1580.5,0
1593.5,1
1594.0,0
1594.25,1
1594.75,0
1595.0,1
1597.25,0
1597.5,1
1598.0,0
1598.5,1
1599.0,0
1599.25,1
1601.0,0
1603.75,1
1604.0,0
1615.25,1
1615.75,0
1616.5,1
1617.0,0
1617.25,1
1618.5,0
1618.75,1
1621.0,0
1621.25,1
1623.25,0
1623.5,1
1624.25,0
1624.75,1
1625.25,0
1637.75,1
1638.25,0
1638.5,1
1639.0,0
1640.25,1
1640.5,0
1640.75,1
1641.0,0
1641.25,1
1642.0,0
1642.25,1
1645.5,0
1646.25,1
1648.75,0
1649.0,1
1649.25,0
1652.0,1
1652.25,0
1652.5,1
1652.75,0
1709.75,1
1710.0,0
1712.75,1
1714.25,0
1714.5,1
1718.5,0
1719.0,1
1719.25,0
1719.5,1
1720.5,0
1721.25,1
1721.5,0
1724.25,1
1724.5,0
1734.5,1
1735.0,0
1737.0,1
1737.75,0
1738.25,1
1739.5,0
1740.0,1
1740.25,0
1740.5,1
1742.0,0
1742.25,1
1742.5,0
1742.75,1
1743.0,0
1743.5,1
1744.75,0
1745.0,1
1745.75,0
1748.75,1
1749.0,0
1750.5,1
1750.75,0
1758.25,1
1758.5,0
1761.25,1
1762.0,0
1762.25,1
1764.5,0
1764.75,1
1765.0,0
1765.5,1
1767.75,0
1768.25,1
1768.5,0
1768.75,1
1769.5,0
1784.5,1
1784.75,0
1785.0,1
1785.75,0
1786.0,1
1786.75,0
1787.0,1
1787.25,0
1787.5,1
1788.25,0
1788.5,1
1788.75,0
1789.5,1
1790.0,0
1790.25,1
1790.75,0
1791.0,1
1791.5,0
1792.25,1
1793.25,0
1796.5,1
1796.75,0
1797.0,1
1797.25,0
1806.0,1
1806.25,0
1807.0,1
1807.5,0
1808.0,1
1808.25,0
1809.0,1
1813.0,0
1813.5,1
1813.75,0
1814.0,1
1815.75,0
1816.0,1
1817.0,0
1817.25,1
1817.5,0
1821.75,1
1822.0,0
1878.25,1
1878.5,0
1880.75,1
1881.75,0
1882.25,1
1883.25,0
1883.5,1
1883.75,0
1884.25,1
1888.75,0
1894.75,1
1895.0,0
1905.0,1
1905.25,0
1905.5,1
1906.5,0
1906.75,1
1907.25,0
1907.5,1
1910.0,0
1910.25,1
1910.5,0
1910.75,1
1911.5,0
1911.75,1
1913.25,0
1913.75,1
1914.0,0
1927.75,1
1928.25,0
1929.25,1
1929.75,0
1930.25,1
1932.5,0
1932.75,1
1933.0,0
1933.75,1
1934.75,0
1935.0,1
1936.25,0
1936.5,1
1936.75,0
1950.5,1
1950.75,0
1953.0,1
1953.25,0
1953.5,1
1954.0,0
1954.25,1
1954.5,0
1954.75,1
1955.5,0
1955.75,1
1956.0,0
1956.25,1
1958.5,0
1958.75,1
1961.0,0
1974.25,1
1974.75,0
1977.0,1
1977.75,0
1978.0,1
1980.25,0
1980.5,1
1981.5,0
1981.75,1
1982.25,0
1982.5,1
1985.0,0
1985.25,1
1985.5,0
1990.5,1
1990.75,0
2046.5,1
2046.75,0
2049.0,1
2049.25,0
2049.5,1
2050.0,0
2050.25,1
2051.5,0
2052.25,1
2052.5,0
2052.75,1
2053.0,0
2053.5,1
2055.0,0
2055.25,1
2056.0,0
2056.25,1
2057.25,0
2060.5,1
2060.75,0
2071.25,1
2071.5,0
2072.0,1
2072.5,0
2073.0,1
2073.5,0
2073.75,1
2074.25,0
2074.5,1
2078.25,0
2079.0,1
2079.5,0
2080.0,1
2080.75,0
2083.5,1
2083.75,0
2095.25,1
2095.5,0
2097.0,1
2098.25,0
2098.5,1
2101.0,0
2101.25,1
2101.75,0
2102.0,1
2103.25,0
2104.0,1
2105.0,0
2108.0,1
2108.25,0
2109.0,1
2109.25,0
2121.0,1
2124.25,0
2124.75,1
2126.0,0
2126.25,1
2128.25,0
2128.5,1
2129.0,0
2129.25,1
2129.5,0
2129.75,1
2130.0,0
2132.5,1
2132.75,0
2143.75,1
2144.0,0
2144.25,1
2144.5,0
2145.0,1
2146.0,0
2146.5,1
2147.0,0
2147.25,1
2147.5,0
2147.75,1
2148.25,0
2148.5,1
2150.5,0
2150.75,1
2152.25,0
2152.5,1
2152.75,0
2153.0,1
2153.25,0
2156.25,1
2156.5,0
2215.5,1
2215.75,0
2216.75,1
2218.5,0
2219.0,1
2220.75,0
2221.0,1
2222.0,0
2222.25,1
2224.75,0
2225.0,1
2225.25,0
2229.25,1
2229.5,0
2241.25,1
2242.0,0
2242.5,1
2243.25,0
2243.5,1
2244.5,0
2245.0,1
2246.25,0
2246.5,1
2246.75,0
2247.5,1
2248.5,0
2248.75,1
2249.25,0
2249.5,1
2249.75,0
2253.5,1
2253.75,0
2264.5,1
2264.75,0
2265.25,1
2266.0,0
2266.25,1
2268.25,0
2268.5,1
2268.75,0
2269.0,1
2269.75,0
2270.0,1
2270.25,0
2270.75,1
2271.0,0
2271.25,1
2271.5,0
2271.75,1
2272.75,0
2273.0,1
2273.25,0
2286.75,1
2287.0,0
2289.25,1
2291.0,0
2291.25,1
2292.0,0
2292.5,1
2293.75,0
2294.0,1
2294.25,0
2294.5,1
2295.75,0
2296.5,1
2296.75,0
2297.25,1
2297.5,0
2310.25,1
2310.5,0
2311.5,1
2311.75,0
2312.75,1
2313.25,0
2313.5,1
2314.5,0
2314.75,1
2317.0,0
2317.25,1
2317.5,0
2317.75,1
2318.25,0
2318.75,1
2320.0,0
2320.25,1
2321.25,0
2325.25,1
2325.75,0
2383.0,1
2383.25,0
2385.5,1
2385.75,0
2386.0,1
2387.75,0
2388.0,1
2388.5,0
2388.75,1
2390.25,0
2390.5,1
2391.25,0
2391.5,1
2392.25,0
2392.5,1
2393.25,0
2406.75,1
2407.25,0
2407.5,1
2407.75,0
2409.0,1
2414.5,0
2414.75,1
2415.5,0
2416.0,1
2417.25,0
2429.5,1
2429.75,0
2430.75,1
2431.0,0
2432.75,1
2433.0,0
2433.25,1
2433.5,0
2434.0,1
2434.5,0
2435.25,1
2436.75,0
2437.0,1
2437.75,0
2438.25,1
2441.25,0
2444.25,1
2444.5,0
2456.75,1
2457.5,0
2457.75,1
2460.5,0
2460.75,1
2461.75,0
2462.0,1
2464.0,0
2464.25,1
2464.75,0
2465.0,1
2465.25,0
2478.5,1
2478.75,0
2480.25,1
2480.5,0
2480.75,1
2481.25,0
2481.5,1
2481.75,0
2482.0,1
2483.25,0
2483.5,1
2484.0,0
2484.5,1
2484.75,0
2485.0,1
2488.75,0
2489.0,1
2489.25,0
2489.75,1
2490.0,0
2493.5,1
2493.75,0
2550.25,1
2550.5,0
2551.5,1
2551.75,0
2552.25,1
2552.5,0
2553.5,1
2557.25,0
2557.5,1
2559.25,0
2559.5,1
2560.5,0
2566.5,1
2566.75,0
2574.75,1
2575.0,0
2576.75,1
2580.25,0
2580.75,1
2581.25,0
2581.75,1
2584.75,0
2585.0,1
2585.25,0
2588.5,1
2588.75,0
2598.75,1
2599.0,0
2599.5,1
2599.75,0
2600.25,1
2600.5,0
2600.75,1
2601.0,0
2601.25,1
2602.0,0
2602.5,1
2603.5,0
2604.0,1
2605.5,0
2605.75,1
2606.25,0
2606.5,1
2607.25,0
2607.5,1
2609.25,0
2624.75,1
2625.0,0
2625.75,1
2626.25,0
2626.5,1
2628.75,0
2629.0,1
2629.75,0
2630.0,1
2630.75,0
2631.0,1
2631.75,0
2632.0,1
2632.5,0
2632.75,1
2633.0,0
2645.5,1
2645.75,0
2647.0,1
2647.25,0
2649.25,1
2649.5,0
2650.0,1
2650.5,0
2650.75,1
2651.75,0
2652.0,1
2654.25,0
2654.5,1
2654.75,0
2655.0,1
2656.0,0
2656.25,1
2656.5,0
2656.75,1
2657.0,0
2660.75,1
2661.0,0
2661.25,1
2661.75,0
2720.5,1
2720.75,0
2721.25,1
2722.5,0
2723.0,1
2723.75,0
2724.0,1
2724.5,0
2725.0,1
2725.75,0
2726.0,1
2727.75,0
2728.0,1
2729.0,0
2729.25,1
2729.5,0
2743.0,1
2743.25,0
2743.5,1
2743.75,0
2744.25,1
2744.5,0
2745.25,1
2745.75,0
2746.25,1
2747.0,0
2747.25,1
2747.5,0
2747.75,1
2748.25,0
2748.5,1
2749.25,0
2749.5,1
2750.5,0
2750.75,1
2751.75,0
2752.0,1
2752.75,0
2766.25,1
2766.75,0
2768.5,1
2768.75,0
2769.25,1
2771.75,0
2772.0,1
2772.25,0
2772.5,1
2773.25,0
2773.5,1
2774.25,0
2774.5,1
2775.75,0
2776.0,1
2776.25,0
2776.5,1
2777.0,0
2777.25,1
2777.5,0
2793.25,1
2794.25,0
2794.5,1
2795.5,0
2795.75,1
2797.0,0
2797.25,1
2797.5,0
2797.75,1
2800.5,0
2800.75,1
2801.25,0
2814.5,1
2814.75,0
2815.5,1
2815.75,0
2816.75,1
2817.0,0
2817.75,1
2821.75,0
2822.0,1
2824.25,0
2824.5,1
2825.0,0
2829.25,1
2829.5,0
2889.25,1
2895.5,0
2895.75,1
2896.75,0
2897.0,1
2898.0,0
2900.75,1
2901.0,0
2910.5,1
2910.75,0
2913.5,1
2914.5,0
2915.0,1
2915.5,0
2915.75,1
2916.0,0
2916.75,1
2917.5,0
2918.0,1
2918.5,0
2919.0,1
2921.0,0
2921.25,1
2921.5,0
2926.0,1
2926.25,0
2933.5,1
2934.0,0
2934.25,1
2934.5,0
2936.5,1
2936.75,0
2937.0,1
2937.25,0
2937.5,1
2938.75,0
2939.0,1
2940.5,0
2941.0,1
2942.5,0
2942.75,1
2944.75,0
2945.25,1
2945.5,0
2948.0,1
2948.25,0
2950.25,1
2950.5,0
2958.75,1
2959.25,0
2959.5,1
2959.75,0
2960.75,1
2961.0,0
2961.25,1
2965.25,0
2965.75,1
2966.25,0
2966.5,1
2968.0,0
2968.25,1
2968.75,0
2969.25,1
2969.5,0
2982.75,1
2983.0,0
2984.75,1
2985.5,0
2985.75,1
2987.0,0
2987.25,1
2987.75,0
2988.0,1
2988.25,0
2988.5,1
2988.75,0
2989.5,1
2991.0,0
2991.25,1
2992.5,0
2992.75,1
2993.5,0
2996.75,1
2997.0,0
3055.25,1
3055.5,0
3056.75,1
3057.0,0
3057.75,1
3058.25,0
3058.5,1
3060.25,0
3060.5,1
3061.25,0
3061.5,1
3061.75,0
3062.0,1
3062.5,0
3062.75,1
3064.0,0
3064.25,1
3064.75,0
3065.0,1
3065.5,0
3069.25,1
3069.5,0
3072.75,1
3073.0,0
3080.25,1
3080.75,0
3081.0,1
3081.25,0
3081.5,1
3081.75,0
3082.0,1
3082.75,0
3083.0,1
3083.5,0
3083.75,1
3084.75,0
3085.25,1
3087.25,0
3087.5,1
3089.25,0
3089.75,1
3090.0,0
3101.5,1
3101.75,0
3103.75,1
3104.0,0
3105.25,1
3106.5,0
3107.0,1
3107.75,0
3108.0,1
3108.5,0
3109.0,1
3109.5,0
3109.75,1
3111.0,0
3111.25,1
3113.0,0
3126.0,1
3126.25,0
3127.5,1
3127.75,0
3128.5,1
3129.0,0
3129.25,1
3129.5,0
3129.75,1
3130.0,0
3130.25,1
3130.75,0
3131.0,1
3132.0,0
3132.25,1
3132.5,0
3132.75,1
3133.25,0
3134.0,1
3134.25,0
3134.5,1
3136.25,0
3136.5,1
3137.5,0
3150.75,1
3151.0,0
3152.75,1
3154.0,0
3154.25,1
3155.5,0
3156.0,1
3156.5,0
3157.0,1
3158.0,0
3158.25,1
3159.75,0
3160.0,1
3160.25,0
3160.75,1
3161.0,0
3161.5,1
3161.75,0
3223.0,1
3223.25,0
3225.0,1
3227.0,0
3227.25,1
3227.75,0
3228.0,1
3228.5,0
3228.75,1
3229.5,0
3230.0,1
3230.25,0
3231.0,1
3233.25,0
3246.25,1
3246.5,0
3249.0,1
3249.75,0
3250.25,1
3251.75,0
3252.25,1
3253.75,0
3254.0,1
3254.75,0
3255.5,1
3257.25,0
3271.0,1
3271.25,0
3271.5,1
3271.75,0
3273.0,1
3274.0,0
3274.25,1
3277.0,0
3277.25,1
3278.25,0
3278.5,1
3281.25,0
3281.75,1
3282.0,0
3284.75,1
3285.0,0
3294.25,1
3294.5,0
3295.0,1
3295.25,0
3297.25,1
3297.5,0
3297.75,1
3298.75,0
3299.25,1
3299.5,0
3300.0,1
3303.5,0
3303.75,1
3304.25,0
3305.25,1
3305.5,0
3317.25,1
3317.5,0
3318.5,1
3319.0,0
3320.25,1
3320.75,0
3321.0,1
3321.5,0
3321.75,1
3324.25,0
3324.5,1
3326.0,0
3326.25,1
3327.25,0
3327.5,1
3327.75,0
3328.0,1
3328.25,0
3328.5,1
3328.75,0
3329.0,1
3329.5,0
3332.0,1
3332.25,0
3389.75,1
3390.0,0
3390.25,1
3390.5,0
3392.75,1
3393.0,0
3393.25,1
3393.75,0
3394.0,1
3394.5,0
3394.75,1
3395.0,0
3395.5,1
3396.0,0
3396.25,1
3396.5,0
3396.75,1
3398.25,0
3398.75,1
3399.75,0
3400.25,1
3400.75,0
3414.25,1
3414.5,0
3414.75,1
3415.25,0
3417.0,1
3417.5,0
3417.75,1
3418.0,0
3418.25,1
3418.5,0
3418.75,1
3420.5,0
3421.0,1
3422.25,0
3422.5,1
3423.5,0
3424.0,1
3424.25,0
3424.5,1
3424.75,0
3425.25,1
3425.75,0
3441.25,1
3442.75,0
3443.0,1
3444.75,0
3445.0,1
3445.5,0
3445.75,1
3446.25,0
3446.5,1
3446.75,0
3447.0,1
3447.5,0
3447.75,1
3449.25,0
3462.25,1
3462.75,0
3466.0,1
3466.25,0
3466.5,1
3468.25,0
3468.5,1
3469.0,0
3469.5,1
3470.0,0
3470.25,1
3472.5,0
3473.0,1
3473.25,0
3486.5,1
3486.75,0
3489.25,1
3491.0,0
3491.25,1
3492.25,0
3492.75,1
3493.0,0
3493.25,1
3493.75,0
3494.0,1
3494.5,0
3494.75,1
3496.25,0
3497.25,1
3497.5,0
3558.25,1
3558.5,0
3560.75,1
3561.25,0
3561.5,1
3563.75,0
3564.0,1
3564.25,0
3564.5,1
3566.5,0
3566.75,1
3567.5,0
3567.75,1
3568.75,0
3569.0,1
3569.25,0
3606.0,1
3606.25,0
3607.25,1
3607.5,0
3608.75,1
3609.0,0
3609.5,1
3610.25,0
3610.5,1
3612.75,0
3613.0,1
3613.5,0
3614.0,1
3614.5,0
3615.0,1
3615.75,0
3616.0,1
3616.25,0
3616.5,1
3617.5,0
3620.25,1
3620.5,0
3630.75,1
3631.0,0
3632.25,1
3632.5,0
3633.0,1
3633.75,0
3634.25,1
3634.5,0
3634.75,1
3636.0,0
3636.25,1
3637.0,0
3637.25,1
3637.5,0
3637.75,1
3638.75,0
3639.0,1
3639.75,0
3640.0,1
3640.25,0
3640.5,1
3640.75,0
3641.0,1
3641.25,0
3654.0,1
3654.25,0
3656.75,1
3658.0,0
3658.25,1
3659.25,0
3659.5,1
3660.0,0
3660.25,1
3663.75,0
3664.0,1
3664.25,0
3664.5,1
3664.75,0
3665.0,1
3665.5,0
3726.75,1
3727.0,0
3727.75,1
3728.0,0
3729.0,1
3732.25,0
3732.5,1
3732.75,0
3733.0,1
3734.75,0
3735.25,1
3736.0,0
3736.25,1
3737.25,0
3750.5,1
3750.75,0
3753.25,1
3753.5,0
3753.75,1
3754.0,0
3754.25,1
3756.25,0
3756.75,1
3757.25,0
3757.5,1
3758.0,0
3758.25,1
3758.5,0
3758.75,1
3759.75,0
3760.0,1
3760.75,0
3764.0,1
3764.25,0
3776.75,1
3778.0,0
3778.5,1
3779.0,0
3779.5,1
3780.0,0
3780.25,1
3781.5,0
3781.75,1
3782.0,0
3782.75,1
3783.0,0
3783.25,1
3784.75,0
3789.5,1
3789.75,0
3800.75,1
3801.0,0
3801.25,1
3803.75,0
3804.25,1
3807.5,0
3807.75,1
3809.0,0
3809.25,1
3809.5,0
3825.0,1
3825.75,0
3826.0,1
3829.75,0
3830.0,1
3830.25,0
3830.5,1
3831.0,0
3831.5,1
3832.75,0
3836.25,1
3836.5,0
3895.25,1
3895.5,0
3896.75,1
3897.25,0
3897.5,1
3898.25,0
3898.5,1
3900.5,0
3901.0,1
3902.0,0
3902.25,1
3904.0,0
3904.25,1
3904.75,0
3905.25,1
3905.5,0
3909.5,1
3909.75,0
3917.75,1
3918.0,0
3920.75,1
3921.0,0
3921.25,1
3923.75,0
3924.0,1
3924.25,0
3924.5,1
3925.0,0
3925.25,1
3925.5,0
3925.75,1
3927.75,0
3928.0,1
3929.0,0
3933.75,1
3934.0,0
3942.75,1
3943.25,0
3943.75,1
3944.0,0
3944.5,1
3944.75,0
3945.0,1
3945.5,0
3945.75,1
3946.75,0
3947.0,1
3950.0,0
3950.25,1
3950.75,0
3951.0,1
3952.0,0
3952.25,1
3953.25,0
3966.5,1
3966.75,0
3967.75,1
3968.0,0
3968.5,1
3968.75,0
3969.25,1
3971.5,0
3971.75,1
3972.75,0
3973.75,1
3974.0,0
3974.25,1
3974.5,0
3974.75,1
3976.25,0
3976.5,1
3976.75,0
3977.0,1
3977.25,0
3992.25,1
3992.5,0
3992.75,1
3993.0,0
3993.5,1
3993.75,0
3994.0,1
3994.75,0
3995.0,1
3998.5,0
3998.75,1
3999.5,0
3999.75,1
4000.0,0
4000.25,1
4000.75,0
4001.0,1
4001.5,0
4063.25,1
4063.5,0
4064.75,1
4065.25,0
4065.5,1
4065.75,0
4066.0,1
4067.75,0
4068.25,1
4070.75,0
4071.25,1
4072.25,0
4072.75,1
4073.0,0
4074.0,1
4074.25,0
4086.0,1
4086.25,0
4086.75,1
4087.0,0
4089.25,1
4091.25,0
4091.5,1
4092.75,0
4093.0,1
4094.5,0
4094.75,1
4095.5,0
4095.75,1
4097.5,0
4099.75,1
4100.0,0
4100.5,1
4101.0,0
4101.5,1
4101.75,0
4111.5,1
4111.75,0
4112.0,1
4112.25,0
4112.5,1
4112.75,0
4113.0,1
4113.5,0
4113.75,1
4114.75,0
4115.0,1
4115.5,0
4115.75,1
4116.5,0
4116.75,1
4117.5,0
4117.75,1
4120.75,0
4121.0,1
4121.25,0
4124.5,1
4124.75,0
4136.75,1
4137.0,0
4137.25,1
4137.5,0
4138.0,1
4139.0,0
4139.25,1
4139.5,0
4139.75,1
4140.25,0
4140.5,1
4141.75,0
4142.0,1
4143.25,0
4143.75,1
4144.0,0
4144.25,1
4145.0,0
4160.75,1
4165.0,0
4165.25,1
4165.75,0
4166.0,1
4166.75,0
4167.0,1
4167.25,0
4167.75,1
4168.0,0
4168.25,1
4168.5,0
4168.75,1
4169.25,0
4171.5,1
4171.75,0
4231.75,1
4232.0,0
4232.5,1
4232.75,0
4233.0,1
4233.75,0
4234.5,1
4235.25,0
4235.5,1
4236.5,0
4236.75,1
4238.75,0
4239.0,1
4239.75,0
4240.25,1
4241.25,0
4256.5,1
4256.75,0
4257.25,1
4257.5,0
4258.0,1
4260.75,0
4261.0,1
4261.75,0
4262.0,1
4262.25,0
4262.5,1
4263.25,0
4263.5,1
4265.5,0
4279.0,1
4279.25,0
4280.75,1
4281.0,0
4281.75,1
4282.75,0
4283.0,1
4284.0,0
4284.25,1
4288.25,0
4288.5,1
4289.0,0
4303.5,1
4303.75,0
4304.75,1
4306.5,0
4306.75,1
4307.0,0
4307.25,1
4308.75,0
4309.0,1
4311.5,0
4311.75,1
4312.25,0
4312.75,1
4313.0,0
4313.25,1
4313.5,0
4326.75,1
4327.0,0
4329.25,1
4329.5,0
4329.75,1
4331.5,0
4331.75,1
4332.5,0
4333.0,1
4333.5,0
4334.0,1
4334.25,0
4334.5,1
4335.25,0
4335.5,1
4336.0,0
4336.25,1
4336.5,0
4336.75,1
4337.25,0
4337.5,1
4337.75,0
4398.0,1
4398.25,0
4401.25,1
4403.0,0
4403.25,1
4404.5,0
4405.5,1
4406.25,0
4406.75,1
4407.5,0
4408.25,1
4408.75,0
4409.0,1
4409.25,0
4409.5,1
4409.75,0
4448.75,1
4449.0,0
4449.25,1
4451.0,0
4451.25,1
4451.5,0
4451.75,1
4452.0,0
4452.5,1
4453.0,0
4453.25,1
4454.5,0
4455.25,1
4455.5,0
4455.75,1
4456.5,0
4456.75,1
4457.0,0
4457.25,1
4457.5,0
4460.75,1
4461.0,0
4461.75,1
4462.0,0
4470.0,1
4470.25,0
4472.75,1
4473.0,0
4473.25,1
4473.75,0
4474.0,1
4474.75,0
4475.0,1
4476.5,0
4476.75,1
4478.5,0
4478.75,1
4480.75,0
4483.75,1
4484.0,0
4495.0,1
4495.25,0
4496.5,1
4497.0,0
4497.25,1
4497.5,0
4497.75,1
4498.0,0
4498.25,1
4498.75,0
4499.25,1
4499.75,0
4500.0,1
4501.5,0
4502.0,1
4502.5,0
4502.75,1
4503.0,0
4503.75,1
4504.5,0
4504.75,1
4505.0,0
4566.0,1
4566.25,0
4566.5,1
4567.0,0
4567.75,1
4568.0,0
4569.25,1
4569.5,0
4569.75,1
4571.0,0
4571.25,1
4574.25,0
4574.5,1
4576.5,0
4577.0,1
4577.25,0
4581.0,1
4581.5,0
4592.0,1
4594.0,0
4594.25,1
4594.5,0
4594.75,1
4596.0,0
4596.75,1
4597.25,0
4597.5,1
4599.0,0
4599.25,1
4599.5,0
4599.75,1
4600.75,0
4601.0,1
4601.25,0
4616.75,1
4617.0,0
4617.5,1
4620.75,0
4621.5,1
4622.5,0
4622.75,1
4625.0,0
4637.5,1
4637.75,0
4640.5,1
4641.0,0
4641.5,1
4643.0,0
4643.25,1
4647.0,0
4647.25,1
4647.5,0
4648.0,1
4648.25,0
4648.5,1
4649.0,0
4649.75,1
4650.0,0
4664.0,1
4664.5,0
4665.0,1
4666.0,0
4666.25,1
4667.0,0
4667.75,1
4669.0,0
4669.25,1
4670.25,0
4670.75,1
4671.5,0
4671.75,1
4672.75,0
4734.5,1
4735.0,0
4735.25,1
4735.5,0
4737.0,1
4737.5,0
4737.75,1
4738.0,0
4738.25,1
4738.75,0
4739.0,1
4739.75,0
4740.25,1
4742.0,0
4742.25,1
4742.75,0
4743.5,1
4745.25,0
4758.75,1
4759.5,0
4760.75,1
4761.0,0
4761.25,1
4762.25,0
4762.5,1
4762.75,0
4763.5,1
4764.0,0
4764.25,1
4764.75,0
4765.0,1
4765.25,0
4765.5,1
4767.5,0
4767.75,1
4769.0,0
4769.25,1
4769.5,0
4785.0,1
4786.75,0
4787.0,1
4788.0,0
4788.25,1
4789.75,0
4790.25,1
4790.75,0
4791.25,1
4791.75,0
4792.0,1
4792.25,0
4792.5,1
4793.5,0
4796.25,1
4796.5,0
4808.5,1
4812.0,0
4812.5,1
4813.5,0
4813.75,1
4814.5,0
4815.0,1
4817.0,0
4820.5,1
4820.75,0
4833.25,1
4833.5,0
4834.0,1
4834.5,0
4834.75,1
4837.0,0
4837.25,1
4839.75,0
4840.0,1
4841.0,0
4902.75,1
4903.0,0
4905.25,1
4905.75,0
4906.0,1
4907.5,0
4907.75,1
4908.25,0
4908.5,1
4909.25,0
4909.5,1
4911.75,0
4912.0,1
4912.75,0
4913.0,1
4913.5,0
4926.25,1
4926.5,0
4929.0,1
4930.25,0
4930.5,1
4932.5,0
4933.0,1
4933.75,0
4934.5,1
4937.25,0
4950.0,1
4950.25,0
4951.5,1
4951.75,0
4953.0,1
4953.25,0
4953.5,1
4954.25,0
4954.5,1
4957.75,0
4958.0,1
4960.25,0
4960.75,1
4961.5,0
4964.5,1
4964.75,0
4976.75,1
4977.25,0
4977.5,1
4978.75,0
4979.25,1
4980.0,0
4980.25,1
4981.75,0
4982.25,1
4982.5,0
4982.75,1
4983.0,0
4983.75,1
4984.5,0
4984.75,1
4985.0,0
4985.5,1
4985.75,0
4999.5,1
5000.0,0
5001.0,1
5004.5,0
5004.75,1
5007.25,0
5007.5,1
5008.0,0
5008.5,1
5008.75,0
5012.75,1
5013.0,0
5071.75,1
5072.0,0
5072.25,1
5072.5,0
5072.75,1
5074.0,0
5074.5,1
5077.25,0
5077.5,1
5079.75,0
5080.0,1
5080.75,0
5081.0,1
5081.25,0
5081.5,1
5081.75,0
5094.5,1
5094.75,0
5096.5,1
5096.75,0
5097.0,1
5097.25,0
5097.5,1
5098.0,0
5098.5,1
5099.0,0
5099.25,1
5099.75,0
5100.0,1
5100.75,0
5101.25,1
5104.25,0
5104.5,1
5105.25,0
5117.75,1
5118.0,0
5120.75,1
5121.5,0
5121.75,1
5123.0,0
5123.5,1
5126.25,0
5126.5,1
5127.25,0
5127.5,1
5128.25,0
5128.5,1
5128.75,0
5129.0,1
5129.5,0
5131.5,1
5131.75,0
5142.5,1
5142.75,0
5145.25,1
5147.5,0
5147.75,1
5151.5,0
5151.75,1
5152.0,0
5152.25,1
5152.75,0
5153.0,1
5153.25,0
5166.5,1
5166.75,0
5167.5,1
5168.0,0
5168.75,1
5169.0,0
5169.25,1
5171.0,0
5171.5,1
5172.5,0
5173.0,1
5173.75,0
5174.25,1
5176.5,0
5176.75,1
5177.5,0
5242.0,1
5243.0,0
5243.25,1
5244.0,0
5244.5,1
5245.5,0
5246.25,1
5247.5,0
5247.75,1
5248.0,0
5248.25,1
5248.5,0
5248.75,1
5249.0,0
5249.25,1
5249.5,0
5264.25,1
5264.5,0
5265.5,1
5266.0,0
5266.25,1
5268.25,0
5268.5,1
5269.0,0
5269.25,1
5269.75,0
5270.0,1
5270.25,0
5270.5,1
5273.0,0
5275.25,1
5275.5,0
5277.25,1
5277.5,0
5288.5,1
5288.75,0
5290.0,1
5290.25,0
5290.5,1
5291.0,0
5291.25,1
5291.5,0
5291.75,1
5292.5,0
5293.0,1
5293.25,0
5293.5,1
5294.0,0
5294.5,1
5295.5,0
5295.75,1
5296.75,0
5297.5,1
5297.75,0
5312.25,1
5312.5,0
5313.25,1
5313.75,0
5314.0,1
5314.75,0
5315.0,1
5316.0,0
5316.5,1
5317.0,0
5317.25,1
5318.0,0
5318.25,1
5319.25,0
5319.75,1
5320.25,0
5320.75,1
5321.0,0
5334.75,1
5335.0,0
5335.25,1
5335.75,0
5336.0,1
5336.25,0
5336.75,1
5337.25,0
5337.5,1
5338.5,0
5339.0,1
5340.0,0
5340.25,1
5342.75,0
5343.0,1
5343.75,0
5344.0,1
5344.25,0
5344.5,1
5344.75,0
5345.0,1
5345.25,0
5349.25,1
5349.5,0
5408.0,1
5408.5,0
5408.75,1
5410.0,0
5410.25,1
5411.25,0
5411.5,1
5413.5,0
5413.75,1
5414.0,0
5414.25,1
5415.5,0
5415.75,1
5416.5,0
5416.75,1
5417.25,0
5422.25,1
5422.5,0
5431.75,1
5432.25,0
5432.75,1
5433.25,0
5433.5,1
5434.25,0
5435.0,1
5436.0,0
5436.25,1
5436.5,0
5436.75,1
5438.25,0
5438.5,1
5439.0,0
5439.5,1
5441.0,0
5444.25,1
5444.5,0
5454.0,1
5454.25,0
5455.25,1
5455.75,0
5457.0,1
5458.75,0
5459.0,1
5459.25,0
5459.75,1
5462.5,0
5462.75,1
5463.5,0
5464.0,1
5464.75,0
5479.25,1
5479.5,0
5480.0,1
5480.25,0
5481.0,1
5482.25,0
5482.5,1
5483.75,0
5484.0,1
5484.75,0
5485.0,1
5485.25,0
5485.5,1
5488.0,0
5488.25,1
5489.25,0
5501.75,1
5502.0,0
5505.0,1
5505.75,0
5506.5,1
5506.75,0
5507.0,1
5509.25,0
5509.5,1
5510.75,0
5511.0,1
5511.75,0
5512.0,1
5512.25,0
5516.5,1
5516.75,0
5518.25,1
5518.5,0
5575.75,1
5576.0,0
5577.0,1
5579.0,0
5579.25,1
5581.0,0
5581.25,1
5582.0,0
5582.25,1
5582.5,0
5582.75,1
5584.0,0
5585.0,1
5585.5,0
5599.0,1
5599.25,0
5600.75,1
5601.0,0
5601.25,1
5601.5,0
5601.75,1
5602.5,0
5602.75,1
5604.5,0
5604.75,1
5605.75,0
5606.25,1
5606.5,0
5607.0,1
5607.75,0
5608.0,1
5609.0,0
5609.25,1
5609.75,0
5624.25,1
5624.5,0
5624.75,1
5625.0,0
5625.25,1
5625.5,0
5625.75,1
5626.25,0
5626.5,1
5627.0,0
5627.25,1
5629.5,0
5629.75,1
5630.75,0
5631.0,1
5632.0,0
5632.5,1
5633.25,0
5634.0,1
5634.25,0
5636.0,1
5636.25,0
5646.75,1
5647.0,0
5647.5,1
5647.75,0
5648.5,1
5649.75,0
5650.0,1
5652.5,0
5653.0,1
5653.25,0
5653.5,1
5653.75,0
5654.0,1
5655.25,0
5655.5,1
5657.0,0
5657.5,1
5657.75,0
5669.75,1
5670.0,0
5673.0,1
5673.75,0
5674.0,1
5674.75,0
5675.0,1
5675.25,0
5675.75,1
5677.0,0
5677.25,1
5677.75,0
5678.5,1
5679.0,0
5679.75,1
5681.0,0
5744.75,1
5745.25,0
5745.5,1
5747.5,0
5747.75,1
5749.75,0
5750.0,1
5750.5,0
5750.75,1
5751.0,0
5751.5,1
5752.5,0
5752.75,1
5753.0,0
5754.0,1
5754.25,0
5768.75,1
5769.5,0
5770.0,1
5771.25,0
5771.75,1
5772.25,0
5772.75,1
5773.0,0
5773.25,1
5774.0,0
5774.5,1
5775.25,0
5775.5,1
5776.25,0
5776.75,1
5777.0,0
5777.25,1
5777.5,0
5793.0,1
5793.25,0
5793.75,1
5795.25,0
5795.5,1
5796.5,0
5796.75,1
5797.5,0
5798.0,1
5798.25,0
5798.5,1
5798.75,0
5799.0,1
5801.25,0
5804.75,1
5805.0,0
5813.75,1
5814.0,0
5817.25,1
5817.75,0
5818.0,1
5818.25,0
5818.75,1
5819.25,0
5819.5,1
5820.0,0
5820.25,1
5821.0,0
5821.25,1
5822.0,0
5822.25,1
5823.5,0
5823.75,1
5824.5,0
5824.75,1
5825.5,0
5830.75,1
5831.0,0
5841.0,1
5841.25,0
5841.5,1
5842.75,0
5843.0,1
5844.0,0
5844.5,1
5844.75,0
5845.25,1
5845.75,0
5846.0,1
5846.25,0
5846.5,1
5848.25,0
5848.5,1
5849.5,0
5850.0,1
5850.25,0
5852.75,1
5853.0,0
5909.25,1
5909.5,0
5910.75,1
5911.0,0
5912.5,1
5913.0,0
5913.25,1
5916.75,0
5917.0,1
5917.25,0
5917.5,1
5921.25,0
5958.25,1
5958.5,0
5958.75,1
5959.25,0
5959.5,1
5960.25,0
5960.75,1
5961.0,0
5961.25,1
5961.75,0
5962.25,1
5962.5,0
5962.75,1
5963.75,0
5964.5,1
5964.75,0
5965.0,1
5965.25,0
5965.75,1
5966.75,0
5967.0,1
5967.5,0
5967.75,1
5968.5,0
5968.75,1
5969.0,0
5971.25,1
5971.5,0
5973.5,1
5973.75,0
5983.5,1
5983.75,0
5984.25,1
5984.5,0
5985.0,1
5985.25,0
5985.5,1
5985.75,0
5986.0,1
5988.0,0
5988.5,1
5988.75,0
5989.25,1
5989.75,0
5990.0,1
5990.75,0
5991.0,1
5993.0,0
5997.75,1
5998.0,0
6007.75,1
6008.0,0
6009.25,1
6012.5,0
6012.75,1
6015.0,0
6015.25,1
6017.25,0
6080.5,1
6081.25,0
6081.75,1
6083.0,0
6083.25,1
6084.5,0
6084.75,1
6085.25,0
6085.5,1
6085.75,0
6086.0,1
6086.75,0
6087.0,1
6087.25,0
6087.5,1
6088.0,0
6088.5,1
6089.0,0
6092.75,1
6093.0,0
6101.75,1
6102.0,0
6102.25,1
6102.75,0
6103.75,1
6104.0,0
6105.0,1
6108.0,0
6108.5,1
6109.25,0
6109.5,1
6110.0,0
6110.75,1
6112.0,0
6112.5,1
6113.0,0
6128.25,1
6128.75,0
6129.0,1
6131.25,0
6132.25,1
6132.5,0
6132.75,1
6134.5,0
6134.75,1
6135.0,0
6135.25,1
6136.75,0
6137.25,1
6137.75,0
6141.5,1
6141.75,0
6150.25,1
6150.5,0
6152.25,1
6152.75,0
6153.0,1
6153.75,0
6154.0,1
6155.25,0
6155.5,1
6156.75,0
6157.0,1
6157.25,0
6157.5,1
6158.0,0
6158.75,1
6161.0,0
6161.25,1
6161.5,0
6165.0,1
6165.25,0
6165.5,1
6165.75,0
6174.5,1
6174.75,0
6176.75,1
6180.5,0
6180.75,1
6182.0,0
6182.75,1
6183.75,0
6184.0,1
6185.25,0
6189.0,1
6189.25,0
6246.5,1
6246.75,0
6249.75,1
6251.75,0
6252.0,1
6252.75,0
6253.0,1
6253.5,0
6253.75,1
6254.5,0
6254.75,1
6255.25,0
6255.75,1
6256.25,0
6256.5,1
6256.75,0
6257.0,1
6257.25,0
6261.5,1
6261.75,0
6270.0,1
6270.25,0
6273.25,1
6273.5,0
6273.75,1
6275.0,0
6275.5,1
6276.0,0
6276.5,1
6276.75,0
6277.0,1
6278.25,0
6278.5,1
6279.25,0
6279.75,1
6281.25,0
6296.0,1
6296.75,0
6297.25,1
6297.75,0
6298.0,1
6299.5,0
6299.75,1
6301.5,0
6301.75,1
6305.0,0
6305.25,1
6306.0,0
6318.0,1
6318.5,0
6318.75,1
6319.0,0
6321.25,1
6323.5,0
6323.75,1
6324.5,0
6324.75,1
6328.5,0
6329.0,1
6329.5,0
6345.0,1
6345.75,0
6346.0,1
6348.5,0
6348.75,1
6349.0,0
6349.25,1
6351.5,0
6351.75,1
6353.0,0
6353.25,1
6353.75,0
6356.25,1
6356.5,0
6416.75,1
6417.0,0
6417.25,1
6418.0,0
6418.5,1
6418.75,0
6419.0,1
6419.25,0
6419.5,1
6420.5,0
6421.0,1
6421.5,0
6421.75,1
6425.25,0
6429.0,1
6429.25,0
6440.75,1
6442.25,0
6442.5,1
6442.75,0
6443.0,1
6443.25,0
6443.5,1
6444.75,0
6446.0,1
6446.25,0
6446.75,1
6447.75,0
6448.25,1
6448.75,0
6449.0,1
6449.25,0
6454.0,1
6454.25,0
6462.25,1
6462.5,0
6464.5,1
6465.25,0
6465.5,1
6466.5,0
6466.75,1
6470.75,0
6471.0,1
6471.75,0
6472.25,1
6473.0,0
6477.0,1
6477.25,0
6486.25,1
6486.5,0
6487.25,1
6487.75,0
6488.5,1
6489.5,0
6489.75,1
6491.5,0
6491.75,1
6494.25,0
6494.75,1
6495.0,0
6495.25,1
6497.25,0
6501.5,1
6501.75,0
6511.25,1
6511.5,0
6512.0,1
6512.25,0
6512.75,1
6513.0,0
6513.25,1
6517.75,0
6518.0,1
6518.5,0
6519.0,1
6520.75,0
6521.0,1
6521.25,0
6524.75,1
6525.0,0
6525.25,1
6525.5,0
6526.0,1
6526.25,0
6585.5,1
6586.5,0
6587.0,1
6587.25,0
6587.5,1
6588.0,0
6588.25,1
6589.75,0
6590.0,1
6591.75,0
6592.0,1
6593.0,0
6593.25,1
6593.5,0
6607.0,1
6607.25,0
6608.75,1
6609.0,0
6609.5,1
6611.0,0
6611.5,1
6612.75,0
6613.0,1
6613.75,0
6614.0,1
6614.5,0
6615.0,1
6615.75,0
6616.0,1
6617.0,0
6632.75,1
6633.25,0
6633.75,1
6636.5,0
6636.75,1
6637.0,0
6637.5,1
6638.0,0
6638.5,1
6641.5,0
6644.75,1
6645.0,0
6654.25,1
6654.5,0
6657.0,1
6657.75,0
6658.0,1
6658.75,0
6659.0,1
6659.25,0
6659.5,1
6660.5,0
6660.75,1
6661.5,0
6662.25,1
6663.75,0
6664.0,1
6665.0,0
6667.25,1
6667.5,0
6668.25,1
6668.5,0
6669.75,1
6670.0,0
6678.5,1
6678.75,0
6681.25,1
6683.5,0
6683.75,1
6685.75,0
6686.5,1
6689.0,0
6689.25,1
6689.5,0
6753.0,1
6753.75,0
6754.25,1
6757.75,0
6758.25,1
6759.0,0
6760.0,1
6761.25,0
6799.75,1
6800.0,0
6801.25,1
6803.25,0
6803.5,1
6803.75,0
6804.25,1
6804.75,0
6805.0,1
6805.75,0
6806.0,1
6806.25,0
6806.5,1
6806.75,0
6807.0,1
6807.75,0
6808.0,1
6809.25,0
6823.0,1
6823.5,0
6824.25,1
6824.5,0
6825.25,1
6826.25,0
6827.0,1
6827.5,0
6827.75,1
6830.5,0
6831.0,1
6833.25,0
6849.5,1
6849.75,0
6850.0,1
6850.25,0
6850.5,1
6850.75,0
6851.0,1
6851.75,0
6852.0,1
6852.5,0
6852.75,1
6853.0,0
6853.25,1
6853.5,0
6853.75,1
6854.0,0
6854.25,1
6854.75,0
6855.0,1
6856.5,0
6856.75,1
6857.0,0
6857.25,1
6857.5,0
6918.75,1
6919.0,0
6919.25,1
6919.5,0
6920.75,1
6921.0,0
6921.25,1
6923.25,0
6923.5,1
6924.75,0
6925.0,1
6925.25,0
6925.5,1
6926.25,0
6926.5,1
6927.0,0
6927.25,1
6928.25,0
6928.5,1
6929.5,0
6944.5,1
6944.75,0
6945.0,1
6945.25,0
6945.5,1
6946.5,0
6946.75,1
6947.0,0
6947.5,1
6949.75,0
6950.0,1
6951.0,0
6951.25,1
6952.0,0
6952.5,1
6952.75,0
6953.0,1
6953.25,0
6957.75,1
6958.0,0
6968.75,1
6969.75,0
6970.0,1
6971.5,0
6972.0,1
6972.25,0
6972.5,1
6973.0,0
6973.25,1
6974.75,0
6975.0,1
6975.75,0
6976.0,1
6976.75,0
6979.75,1
6980.0,0
6991.25,1
6992.25,0
6992.5,1
6992.75,0
6993.25,1
6994.25,0
6994.5,1
6995.25,0
6995.5,1
6996.25,0
6996.5,1
6998.0,0
6998.75,1
7001.0,0
7004.25,1
7004.5,0
7016.75,1
7017.25,0
7017.5,1
7017.75,0
7018.0,1
7019.25,0
7019.5,1
7020.75,0
7021.0,1
7021.25,0
7021.5,1
7021.75,0
7022.0,1
7022.5,0
7022.75,1
7024.75,0
7025.0,1
7025.5,0
7029.0,1
7029.25,0
7086.25,1
7086.5,0
7088.75,1
7089.25,0
7089.75,1
7091.0,0
7091.5,1
7093.0,0
7093.25,1
7093.5,0
7094.0,1
7096.75,0
7097.0,1
7097.25,0
7099.75,1
7100.0,0
7100.25,1
7100.5,0
7110.5,1
7110.75,0
7112.75,1
7113.0,0
7114.0,1
7116.0,0
7116.25,1
7117.0,0
7117.25,1
7118.75,0
7119.0,1
7120.5,0
7120.75,1
7121.75,0
7134.75,1
7135.0,0
7135.25,1
7135.5,0
7136.0,1
7136.25,0
7136.75,1
7137.0,0
7137.25,1
7137.75,0
7138.0,1
7138.75,0
7139.0,1
7139.5,0
7139.75,1
7140.75,0
7141.0,1
7141.5,0
7142.5,1
7145.0,0
7145.25,1
7145.5,0
7161.0,1
7161.25,0
7161.5,1
7162.0,0
7162.25,1
7163.25,0
7163.5,1
7165.25,0
7165.5,1
7165.75,0
7166.0,1
7167.0,0
7167.25,1
7168.0,0
7168.5,1
7168.75,0
7173.0,1
7173.25,0
7184.75,1
7185.25,0
7185.5,1
7186.0,0
7186.25,1
7188.0,0
7188.25,1
7188.75,0
7189.25,1
7189.75,0
7190.0,1
7190.5,0
7190.75,1
7191.25,0
7191.75,1
7192.25,0
7193.0,1
7193.25,0
7254.5,1
7255.0,0
7255.25,1
7255.5,0
7256.25,1
7256.75,0
7257.25,1
7259.25,0
7259.5,1
7259.75,0
7260.5,1
7262.75,0
7263.0,1
7264.0,0
7264.25,1
7265.0,0
7269.25,1
7269.5,0
7278.0,1
7278.25,0
7278.5,1
7278.75,0
7280.25,1
7280.5,0
7280.75,1
7281.0,0
7281.25,1
7282.0,0
7282.25,1
7283.75,0
7284.0,1
7284.5,0
7285.0,1
7286.0,0
7286.25,1
7287.0,0
7287.25,1
7287.75,0
7288.0,1
7288.75,0
7289.0,1
7289.25,0
7293.5,1
7293.75,0
7303.25,1
7303.5,0
7303.75,1
7304.0,0
7304.5,1
7304.75,0
7305.25,1
7308.25,0
7308.5,1
7309.5,0
7309.75,1
7312.75,0
7313.0,1
7313.5,0
7328.25,1
7328.5,0
7328.75,1
7329.0,0
7329.25,1
7331.25,0
7331.75,1
7334.0,0
7334.5,1
7334.75,0
7335.0,1
7335.25,0
7335.5,1
7336.0,0
7336.25,1
7336.75,0
7337.0,1
7337.25,0
7340.25,1
7340.5,0
7349.75,1
7350.0,0
7350.25,1
7350.5,0
7351.0,1
7351.25,0
7353.0,1
7353.25,0
7353.75,1
7354.5,0
7354.75,1
7355.75,0
7356.0,1
7357.25,0
7358.0,1
7358.5,0
7358.75,1
7359.5,0
7359.75,1
7361.0,0
7361.25,1
7361.75,0
7365.75,1
7366.0,0
7423.0,1
7423.25,0
7425.0,1
7425.25,0
7425.5,1
7425.75,0
7426.0,1
7426.75,0
7427.0,1
7427.75,0
7428.0,1
7428.5,0
7428.75,1
7429.5,0
7429.75,1
7430.5,0
7431.25,1
7431.5,0
7431.75,1
7432.5,0
7432.75,1
7433.25,0
7447.25,1
7447.5,0
7449.5,1
7449.75,0
7450.0,1
7450.75,0
7451.0,1
7451.5,0
7451.75,1
7452.25,0
7452.5,1
7452.75,0
7453.25,1
7454.25,0
7454.5,1
7454.75,0
7455.0,1
7457.0,0
7462.25,1
7462.5,0
7470.75,1
7471.0,0
7471.25,1
7471.5,0
7471.75,1
7472.0,0
7472.5,1
7473.0,0
7473.25,1
7476.75,0
7477.0,1
7477.5,0
7477.75,1
7478.0,0
7478.5,1
7479.75,0
7480.0,1
7480.25,0
7480.5,1
7481.25,0
7496.5,1
7497.0,0
7497.25,1
7498.0,0
7498.25,1
7499.25,0
7499.5,1
7500.25,0
7500.5,1
7500.75,0
7501.0,1
7501.5,0
7501.75,1
7502.0,0
7502.25,1
7502.5,0
7503.5,1
7505.0,0
7505.25,1
7505.5,0
7519.25,1
7519.75,0
7520.75,1
7521.25,0
7521.5,1
7522.25,0
7522.5,1
7522.75,0
7523.0,1
7523.25,0
7523.5,1
7525.0,0
7525.25,1
7525.75,0
7526.25,1
7527.0,0
7527.25,1
7529.5,0
7531.5,1
7531.75,0
7591.25,1
7591.5,0
7592.75,1
7593.5,0
7593.75,1
7594.25,0
7594.5,1
7595.75,0
7596.0,1
7596.25,0
7596.5,1
7597.0,0
7597.25,1
7597.75,0
7598.0,1
7599.75,0
7600.0,1
7601.75,0
7606.25,1
7606.5,0
7615.5,1
7615.75,0
7616.25,1
7616.5,0
7617.0,1
7619.5,0
7620.0,1
7621.0,0
7621.25,1
7622.5,0
7623.0,1
7624.75,0
7639.75,1
7640.0,0
7641.25,1
7641.5,0
7641.75,1
7642.5,0
7642.75,1
7643.5,0
7643.75,1
7644.5,0
7644.75,1
7645.0,0
7645.25,1
7646.75,0
7647.0,1
7647.25,0
7647.75,1
7649.0,0
7649.5,1
7649.75,0
7662.75,1
7663.0,0
7665.5,1
7666.25,0
7666.5,1
7668.5,0
7668.75,1
7670.25,0
7670.75,1
7672.75,0
7673.0,1
7673.25,0
7676.5,1
7676.75,0
7677.0,1
7677.25,0
7688.5,1
7689.5,0
7690.0,1
7690.5,0
7691.0,1
7692.0,0
7692.25,1
7693.25,0
7693.5,1
7694.0,0
7694.5,1
7696.5,0
7697.5,1
7697.75,0
7759.25,1
7760.0,0
7761.0,1
7761.5,0
7761.75,1
7763.0,0
7763.25,1
7766.0,0
7766.25,1
7767.0,0
7767.25,1
7769.25,0
7783.0,1
7783.25,0
7784.5,1
7785.0,0
7785.25,1
7786.25,0
7786.5,1
7787.25,0
7787.5,1
7788.0,0
7788.75,1
7792.0,0
7792.5,1
7793.0,0
7793.75,1
7794.0,0
7805.75,1
7806.0,0
7806.25,1
7806.5,0
7806.75,1
7807.0,0
7807.5,1
7807.75,0
7809.0,1
7809.75,0
7810.0,1
7811.0,0
7811.25,1
7812.25,0
7812.5,1
7812.75,0
7813.0,1
7813.75,0
7814.0,1
7814.25,0
7814.5,1
7816.0,0
7816.25,1
7817.0,0
7832.75,1
7834.75,0
7835.0,1
7837.25,0
7837.5,1
7838.75,0
7839.0,1
7840.0,0
7840.25,1
7840.75,0
7927.0,1
7928.0,0
7928.25,1
7928.5,0
7929.25,1
7930.25,0
7930.5,1
7931.5,0
7931.75,1
7934.0,0
7934.25,1
7935.0,0
7935.25,1
7936.5,0
7936.75,1
7937.0,0
7937.25,1
7937.5,0
7941.5,1
7941.75,0
7950.25,1
7950.5,0
7952.25,1
7953.25,0
7953.5,1
7954.25,0
7954.5,1
7955.5,0
7955.75,1
7957.25,0
7957.5,1
7957.75,0
7958.5,1
7960.0,0
7960.25,1
7960.5,0
7961.25,1
7962.0,0
7965.0,1
7965.25,0
7977.0,1
7981.25,0
7981.5,1
7981.75,0
7982.0,1
7982.25,0
7982.5,1
7982.75,0
7983.0,1
7983.5,0
7984.0,1
7984.25,0
7984.5,1
7985.25,0
7985.5,1
7985.75,0
7988.5,1
7989.0,0
7998.75,1
7999.0,0
8001.25,1
8001.5,0
8001.75,1
8002.25,0
8002.75,1
8004.25,0
8004.5,1
8006.5,0
8006.75,1
8009.25,0
8023.75,1
8024.0,0
8025.5,1
8025.75,0
8026.25,1
8028.25,0
8028.75,1
8029.0,0
8029.5,1
8030.0,0
8030.25,1
8033.25,0
8035.75,1
8036.0,0
8038.5,1
8038.75,0
8096.75,1
8098.5,0
8098.75,1
8101.0,0
8101.25,1
8101.5,0
8102.5,1
8102.75,0
8103.0,1
8104.75,0
8108.25,1
8108.5,0
8119.5,1
8120.0,0
8120.75,1
8121.25,0
8121.75,1
8123.25,0
8123.75,1
8124.0,0
8124.25,1
8125.0,0
8125.25,1
8126.0,0
8126.25,1
8126.75,0
8127.25,1
8128.5,0
8128.75,1
8129.5,0
8134.0,1
8134.25,0
8142.0,1
8142.5,0
8144.5,1
8144.75,0
8145.0,1
8146.0,0
8146.25,1
8147.75,0
8148.0,1
8152.0,0
8152.25,1
8153.0,0
8166.25,1
8167.25,0
8167.5,1
8168.0,0
8168.5,1
8168.75,0
8169.25,1
8169.5,0
8170.0,1
8170.25,0
8170.5,1
8171.25,0
8171.5,1
8173.0,0
8173.25,1
8174.75,0
8175.25,1
8176.0,0
8176.5,1
8177.5,0
8181.0,1
8181.25,0
8189.75,1
8190.0,0
8193.25,1
8194.5,0
8194.75,1
8198.75,0
8199.0,1
8200.0,0
8200.25,1
8201.25,0
8264.25,1
8264.75,0
8265.25,1
8265.75,0
8266.0,1
8267.75,0
8268.0,1
8268.25,0
8269.25,1
8271.0,0
8271.25,1
8271.5,0
8272.0,1
8272.5,0
8272.75,1
8273.5,0
8289.0,1
8290.5,0
8290.75,1
8291.5,0
8291.75,1
8292.0,0
8292.25,1
8293.75,0
8294.0,1
8294.25,0
8294.5,1
8295.5,0
8295.75,1
8296.75,0
8313.0,1
8313.25,0
8313.5,1
8313.75,0
8314.0,1
8315.5,0
8316.25,1
8316.75,0
8317.0,1
8319.25,0
8319.5,1
8321.0,0
8335.75,1
8336.0,0
8337.25,1
8337.5,0
8337.75,1
8338.5,0
8339.0,1
8339.5,0
8339.75,1
8340.5,0
8340.75,1
8342.75,0
8343.25,1
8344.75,0
8345.0,1
8345.5,0
8350.25,1
8350.5,0
8357.5,1
8357.75,0
8358.25,1
8358.5,0
8359.75,1
8360.0,0
8361.25,1
8361.5,0
8362.25,1
8363.0,0
8363.25,1
8364.0,0
8364.5,1
8365.0,0
8365.25,1
8365.75,0
8366.0,1
8368.75,0
8369.25,1
8369.75,0
8373.25,1
8373.5,0
8432.25,1
8432.5,0
8432.75,1
8433.25,0
8433.5,1
8434.0,0
8434.25,1
8436.0,0
8436.25,1
8436.5,0
8437.0,1
8438.0,0
8438.25,1
8438.75,0
8439.0,1
8439.5,0
8439.75,1
8440.25,0
8440.5,1
8441.25,0
8457.25,1
8457.5,0
8458.0,1
8458.75,0
8459.5,1
8460.25,0
8460.5,1
8460.75,0
8461.0,1
8461.75,0
8462.25,1
8462.5,0
8462.75,1
8463.0,0
8463.5,1
8465.25,0
8477.25,1
8477.5,0
8481.25,1
8482.25,0
8482.5,1
8482.75,0
8483.0,1
8484.25,0
8484.5,1
8485.75,0
8486.0,1
8488.5,0
8489.0,1
8489.75,0
8504.5,1
8504.75,0
8505.0,1
8508.0,0
8508.25,1
8508.5,0
8508.75,1
8512.5,0
8512.75,1
8513.25,0
8517.0,1
8517.25,0
8525.75,1
8526.0,0
8527.75,1
8528.0,0
8528.25,1
8528.5,0
8528.75,1
8529.0,0
8529.5,1
8529.75,0
8530.0,1
8531.75,0
8532.25,1
8533.0,0
8533.25,1
8534.25,0
8534.5,1
8534.75,0
8535.25,1
8535.75,0
8536.0,1
8537.25,0
8622.25,1
8622.5,0
8625.25,1
8625.5,0
8625.75,1
8626.0,0
8626.25,1
8626.5,0
8627.0,1
8628.25,0
8628.5,1
8630.25,0
8630.75,1
8631.0,0
8631.5,1
8631.75,0
8632.0,1
8632.75,0
8636.75,1
8637.0,0
8638.0,1
8638.25,0
8646.5,1
8646.75,0
8649.25,1
8649.5,0
8649.75,1
8650.5,0
8650.75,1
8652.25,0
8652.75,1
8653.75,0
8654.0,1
8657.25,0
8661.5,1
8661.75,0
8673.0,1
8675.5,0
8675.75,1
8676.0,0
8676.25,1
8677.5,0
8677.75,1
8678.5,0
8678.75,1
8679.0,0
8679.5,1
8680.0,0
8680.5,1
8680.75,0
8681.0,1
8681.25,0
8694.75,1
8695.0,0
8695.5,1
8695.75,0
8696.5,1
8696.75,0
8697.25,1
8700.0,0
8700.5,1
8700.75,0
8701.0,1
8701.75,0
8702.0,1
8702.75,0
8703.0,1
8704.0,0
8704.25,1
8704.5,0
8704.75,1
8705.25,0
