#1


float Room-323 (4271,2)
0.0,0
33.5,1
34.25,0
34.5,1
35.5,0
35.75,1
36.0,0
36.25,1
37.75,0
38.0,1
38.25,0
38.5,1
39.0,0
39.25,1
40.25,0
40.5,1
41.75,0
45.5,1
45.75,0
54.5,1
54.75,0
55.0,1
55.25,0
57.0,1
57.25,0
57.5,1
59.25,0
59.5,1
61.75,0
62.25,1
64.5,0
64.75,1
65.5,0
79.0,1
79.5,0
80.75,1
81.25,0
81.75,1
85.0,0
85.25,1
86.0,0
86.25,1
86.5,0
87.0,1
87.75,0
88.0,1
89.0,0
89.5,1
89.75,0
104.25,1
104.5,0
104.75,1
105.5,0
105.75,1
106.75,0
107.0,1
108.75,0
109.0,1
109.25,0
109.5,1
110.5,0
110.75,1
111.75,0
112.0,1
113.25,0
127.25,1
127.5,0
128.5,1
128.75,0
129.0,1
129.75,0
130.0,1
131.25,0
131.5,1
132.25,0
132.75,1
133.0,0
133.25,1
136.25,0
136.5,1
136.75,0
137.25,1
137.5,0
141.5,1
141.75,0
199.75,1
200.25,0
201.25,1
204.75,0
205.0,1
206.0,0
206.25,1
207.0,0
207.25,1
208.25,0
208.5,1
209.0,0
211.0,1
211.25,0
225.0,1
225.25,0
225.5,1
225.75,0
226.25,1
227.5,0
227.75,1
228.0,0
228.25,1
228.75,0
229.25,1
230.5,0
230.75,1
231.25,0
231.5,1
233.25,0
237.0,1
237.25,0
248.5,1
248.75,0
249.0,1
249.25,0
249.5,1
253.75,0
254.5,1
254.75,0
255.25,1
257.0,0
272.5,1
272.75,0
273.25,1
274.25,0
274.5,1
275.5,0
275.75,1
276.75,0
277.0,1
277.25,0
277.75,1
279.25,0
279.5,1
280.75,0
281.25,1
281.75,0
289.25,1
289.5,0
294.25,1
294.5,0
294.75,1
295.0,0
296.25,1
296.5,0
297.75,1
298.0,0
298.25,1
300.0,0
300.25,1
301.0,0
301.5,1
304.25,0
304.5,1
305.25,0
307.25,1
307.5,0
308.0,1
308.25,0
368.25,1
368.5,0
368.75,1
369.0,0
369.75,1
370.0,0
370.5,1
371.0,0
371.25,1
372.0,0
372.25,1
372.75,0
373.75,1
376.0,0
376.25,1
376.75,0
377.5,1
378.0,0
393.5,1
395.5,0
396.0,1
396.75,0
397.0,1
398.5,0
398.75,1
399.0,0
399.25,1
400.75,0
405.0,1
405.5,0
439.0,1
439.25,0
440.25,1
443.25,0
443.75,1
444.25,0
444.5,1
445.25,0
445.5,1
448.25,0
448.5,1
449.25,0
464.75,1
465.25,0
465.75,1
466.25,0
466.5,1
467.0,0
467.5,1
467.75,0
468.0,1
468.5,0
468.75,1
469.25,0
469.5,1
470.75,0
471.0,1
471.5,0
471.75,1
473.5,0
535.0,1
535.25,0
537.5,1
538.5,0
538.75,1
539.0,0
539.25,1
541.0,0
541.25,1
541.5,0
542.0,1
543.5,0
544.0,1
545.0,0
545.25,1
545.5,0
560.5,1
560.75,0
561.25,1
561.5,0
561.75,1
563.75,0
564.0,1
564.75,0
565.25,1
565.75,0
566.0,1
566.75,0
567.0,1
569.0,0
572.75,1
573.0,0
573.5,1
573.75,0
584.25,1
584.5,0
584.75,1
585.0,0
585.25,1
585.75,0
586.0,1
586.5,0
586.75,1
592.5,0
592.75,1
593.0,0
593.25,1
593.5,0
596.25,1
596.5,0
597.5,1
597.75,0
606.5,1
606.75,0
608.75,1
609.0,0
609.25,1
610.0,0
610.25,1
612.5,0
612.75,1
613.75,0
614.0,1
616.0,0
616.25,1
617.0,0
630.75,1
631.0,0
631.5,1
631.75,0
632.5,1
632.75,0
633.0,1
633.5,0
633.75,1
636.25,0
636.5,1
638.25,0
638.5,1
639.25,0
639.5,1
640.75,0
641.0,1
641.25,0
702.75,1
703.0,0
704.75,1
705.75,0
706.0,1
706.25,0
706.5,1
707.5,0
707.75,1
708.0,0
709.0,1
709.25,0
709.5,1
710.0,0
710.25,1
710.5,0
710.75,1
713.25,0
728.5,1
729.75,0
730.0,1
733.75,0
734.25,1
734.5,0
734.75,1
737.0,0
741.25,1
741.5,0
752.75,1
756.0,0
756.25,1
756.5,0
757.0,1
758.25,0
758.75,1
759.25,0
759.5,1
760.25,0
761.0,1
761.25,0
765.5,1
765.75,0
776.75,1
778.0,0
778.25,1
778.75,0
779.0,1
780.0,0
780.25,1
780.75,0
781.25,1
784.5,0
784.75,1
785.0,0
798.0,1
798.25,0
800.25,1
800.5,0
801.25,1
802.25,0
802.5,1
803.5,0
803.75,1
804.25,0
804.5,1
804.75,0
805.0,1
805.75,0
806.0,1
806.5,0
806.75,1
807.5,0
807.75,1
808.5,0
808.75,1
809.0,0
812.25,1
812.5,0
870.75,1
871.5,0
872.5,1
872.75,0
873.0,1
873.25,0
874.0,1
874.5,0
874.75,1
876.25,0
876.5,1
877.25,0
877.5,1
877.75,0
878.0,1
878.5,0
879.0,1
879.25,0
879.5,1
880.25,0
881.0,1
881.25,0
885.0,1
885.25,0
886.0,1
886.25,0
893.75,1
894.0,0
894.5,1
894.75,0
895.25,1
895.5,0
896.25,1
896.5,0
897.5,1
899.0,0
899.5,1
899.75,0
900.0,1
901.0,0
901.25,1
901.5,0
901.75,1
904.75,0
905.0,1
905.25,0
919.0,1
919.5,0
921.25,1
922.25,0
922.75,1
923.25,0
923.75,1
924.0,0
924.25,1
927.5,0
927.75,1
928.5,0
928.75,1
929.0,0
941.75,1
942.25,0
942.75,1
943.25,0
943.5,1
944.0,0
944.25,1
944.75,0
945.25,1
946.0,0
946.5,1
947.25,0
947.5,1
948.5,0
948.75,1
950.5,0
950.75,1
952.25,0
952.5,1
952.75,0
953.0,1
953.25,0
953.5,1
953.75,0
965.75,1
966.0,0
966.5,1
966.75,0
967.0,1
967.5,0
969.0,1
970.25,0
970.5,1
970.75,0
971.0,1
972.0,0
972.25,1
972.5,0
972.75,1
973.0,0
973.25,1
973.75,0
974.0,1
974.5,0
974.75,1
977.25,0
977.5,1
977.75,0
980.25,1
980.5,0
981.5,1
981.75,0
1038.75,1
1039.0,0
1040.25,1
1040.5,0
1041.0,1
1041.25,0
1041.5,1
1042.0,0
1042.25,1
1044.5,0
1045.0,1
1046.25,0
1046.5,1
1049.0,0
1049.25,1
1049.5,0
1065.0,1
1066.25,0
1066.5,1
1067.0,0
1067.25,1
1067.5,0
1068.25,1
1069.25,0
1069.5,1
1072.75,0
1073.0,1
1073.5,0
1113.5,1
1113.75,0
1114.0,1
1116.0,0
1116.25,1
1116.5,0
1116.75,1
1118.0,0
1118.25,1
1118.75,0
1119.0,1
1120.25,0
1120.75,1
1121.0,0
1121.25,1
1121.5,0
1137.0,1
1137.25,0
1137.5,1
1137.75,0
1138.0,1
1138.5,0
1138.75,1
1140.0,0
1140.25,1
1141.75,0
1142.0,1
1142.25,0
1142.5,1
1144.0,0
1144.5,1
1145.25,0
1208.75,1
1209.0,0
1209.25,1
1211.0,0
1211.25,1
1212.0,0
1212.25,1
1212.75,0
1213.25,1
1213.75,0
1214.25,1
1214.5,0
1214.75,1
1216.5,0
1216.75,1
1217.0,0
1217.25,1
1217.5,0
1220.0,1
1220.25,0
1231.5,1
1232.0,0
1232.5,1
1233.75,0
1234.0,1
1235.75,0
1236.0,1
1236.25,0
1236.5,1
1238.0,0
1238.25,1
1238.75,0
1239.0,1
1241.25,0
1255.75,1
1256.0,0
1256.25,1
1256.5,0
1257.0,1
1259.5,0
1259.75,1
1260.25,0
1260.75,1
1264.0,0
1264.5,1
1265.0,0
1269.5,1
1269.75,0
1278.5,1
1278.75,0
1279.25,1
1279.5,0
1280.25,1
1280.5,0
1281.0,1
1282.0,0
1282.25,1
1284.0,0
1284.75,1
1286.25,0
1286.5,1
1289.5,0
1291.75,1
1292.0,0
1294.25,1
1294.5,0
1303.5,1
1303.75,0
1304.0,1
1304.25,0
1305.0,1
1305.25,0
1305.5,1
1306.5,0
1307.0,1
1309.25,0
1309.5,1
1310.5,0
1310.75,1
1311.25,0
1311.5,1
1312.25,0
1312.5,1
1312.75,0
1374.75,1
1375.0,0
1376.75,1
1377.0,0
1377.5,1
1377.75,0
1378.0,1
1378.75,0
1379.0,1
1379.75,0
1380.25,1
1380.75,0
1381.25,1
1383.25,0
1383.5,1
1385.0,0
1389.5,1
1389.75,0
1399.75,1
1400.0,0
1401.25,1
1401.75,0
1402.0,1
1404.25,0
1404.5,1
1404.75,0
1405.0,1
1405.75,0
1406.0,1
1406.75,0
1407.0,1
1407.5,0
1407.75,1
1408.25,0
1408.5,1
1409.25,0
1413.25,1
1413.5,0
1421.75,1
1422.0,0
1425.0,1
1425.75,0
1426.0,1
1428.5,0
1428.75,1
1429.5,0
1429.75,1
1430.0,0
1430.25,1
1432.0,0
1432.75,1
1433.25,0
1437.5,1
1437.75,0
1446.5,1
1446.75,0
1447.0,1
1447.25,0
1448.25,1
1448.75,0
1449.25,1
1450.0,0
1450.25,1
1451.0,0
1451.25,1
1452.25,0
1452.75,1
1454.75,0
1455.0,1
1455.75,0
1456.0,1
1457.25,0
1472.5,1
1472.75,0
1473.25,1
1473.5,0
1474.25,1
1474.75,0
1475.0,1
1476.5,0
1476.75,1
1477.25,0
1477.75,1
1478.25,0
1478.5,1
1481.0,0
1481.5,1
1481.75,0
1545.0,1
1546.0,0
1546.5,1
1546.75,0
1547.5,1
1548.25,0
1548.5,1
1549.25,0
1549.5,1
1550.5,0
1550.75,1
1551.5,0
1551.75,1
1553.25,0
1558.5,1
1558.75,0
1568.75,1
1569.75,0
1570.5,1
1572.0,0
1572.25,1
1574.5,0
1574.75,1
1576.25,0
1576.5,1
1577.0,0
1577.25,1
1577.5,0
1590.75,1
1591.0,0
1591.25,1
1591.5,0
1592.75,1
1593.25,0
1593.5,1
1594.0,0
1594.5,1
1596.5,0
1597.0,1
1597.5,0
1597.75,1
1598.25,0
1598.5,1
1599.5,0
1600.0,1
1600.75,0
1601.25,1
1601.5,0
1605.25,1
1605.75,0
1614.25,1
1614.75,0
1615.0,1
1615.5,0
1616.0,1
1616.5,0
1617.0,1
1618.25,0
1618.5,1
1620.75,0
1621.0,1
1621.25,0
1622.75,1
1624.25,0
1624.5,1
1624.75,0
1625.0,1
1625.25,0
1638.25,1
1638.5,0
1640.25,1
1640.5,0
1641.25,1
1641.5,0
1641.75,1
1643.25,0
1643.5,1
1644.0,0
1644.25,1
1645.25,0
1645.5,1
1648.25,0
1648.5,1
1649.0,0
1710.0,1
1710.5,0
1713.0,1
1714.5,0
1715.0,1
1716.25,0
1716.5,1
1717.0,0
1717.5,1
1718.75,0
1719.0,1
1719.25,0
1719.5,1
1720.25,0
1720.5,1
1721.0,0
1726.25,1
1726.5,0
1737.5,1
1739.25,0
1739.75,1
1740.75,0
1741.0,1
1742.75,0
1743.0,1
1744.25,0
1744.75,1
1745.25,0
1749.5,1
1749.75,0
1750.5,1
1750.75,0
1758.5,1
1758.75,0
1760.75,1
1761.0,0
1761.25,1
1761.75,0
1762.0,1
1762.5,0
1762.75,1
1763.75,0
1764.0,1
1765.25,0
1765.5,1
1765.75,0
1766.25,1
1767.0,0
1767.25,1
1767.5,0
1767.75,1
1769.25,0
1773.25,1
1773.5,0
1774.0,1
1774.25,0
1782.25,1
1782.5,0
1783.75,1
1784.0,0
1784.75,1
1787.75,0
1788.0,1
1788.25,0
1788.5,1
1788.75,0
1789.25,1
1790.0,0
1790.25,1
1792.5,0
1793.0,1
1793.25,0
1808.5,1
1808.75,0
1809.0,1
1810.25,0
1810.5,1
1812.5,0
1813.0,1
1816.25,0
1816.75,1
1817.25,0
1821.75,1
1822.0,0
1880.0,1
1880.25,0
1881.0,1
1881.5,0
1882.25,1
1882.75,0
1883.25,1
1883.5,0
1883.75,1
1884.0,0
1884.25,1
1884.5,0
1884.75,1
1885.0,0
1885.75,1
1886.25,0
1887.25,1
1889.0,0
1905.5,1
1906.0,0
1906.25,1
1907.25,0
1907.5,1
1908.5,0
1908.75,1
1909.0,0
1909.25,1
1909.75,0
1910.25,1
1910.75,0
1911.0,1
1911.25,0
1911.5,1
1913.0,0
1913.25,1
1913.5,0
1917.75,1
1918.0,0
1929.25,1
1929.5,0
1929.75,1
1931.5,0
1931.75,1
1933.5,0
1933.75,1
1935.0,0
1935.25,1
1936.0,0
1936.25,1
1936.75,0
1937.0,1
1937.5,0
1940.75,1
1941.25,0
1950.0,1
1950.5,0
1952.5,1
1952.75,0
1953.0,1
1954.5,0
1954.75,1
1955.25,0
1955.75,1
1957.0,0
1957.25,1
1958.0,0
1958.25,1
1960.0,0
1960.25,1
1960.75,0
1961.25,1
1961.5,0
1964.0,1
1964.25,0
1974.75,1
1975.0,0
1976.75,1
1977.0,0
1977.25,1
1977.5,0
1977.75,1
1978.25,0
1978.5,1
1979.5,0
1979.75,1
1980.0,0
1980.5,1
1980.75,0
1981.0,1
1982.25,0
1982.5,1
1983.75,0
1984.0,1
1984.5,0
1985.0,1
1985.5,0
1989.75,1
1990.0,0
2049.0,1
2049.25,0
2049.5,1
2050.0,0
2050.25,1
2055.75,0
2056.0,1
2056.75,0
2057.0,1
2057.25,0
2071.75,1
2072.0,0
2073.0,1
2073.25,0
2073.5,1
2076.0,0
2076.25,1
2076.5,0
2076.75,1
2078.5,0
2078.75,1
2079.5,0
2079.75,1
2080.75,0
2081.25,1
2081.5,0
2096.0,1
2096.5,0
2097.25,1
2100.5,0
2100.75,1
2103.75,0
2104.0,1
2105.0,0
2119.0,1
2119.25,0
2119.75,1
2120.0,0
2120.75,1
2121.25,0
2121.5,1
2122.75,0
2123.0,1
2123.75,0
2124.0,1
2126.25,0
2126.5,1
2128.0,0
2128.25,1
2128.75,0
2129.75,1
2130.0,0
2143.5,1
2143.75,0
2145.0,1
2145.75,0
2146.0,1
2149.5,0
2149.75,1
2152.75,0
2153.0,1
2153.25,0
2157.5,1
2157.75,0
2215.25,1
2215.5,0
2216.75,1
2217.0,0
2217.25,1
2217.75,0
2218.25,1
2223.75,0
2224.0,1
2224.5,0
2224.75,1
2225.0,0
2225.25,1
2225.5,0
2228.25,1
2228.75,0
2238.25,1
2238.5,0
2240.0,1
2240.25,0
2240.75,1
2241.25,0
2241.75,1
2243.0,0
2243.25,1
2244.0,0
2244.25,1
2246.25,0
2246.5,1
2247.25,0
2247.5,1
2248.75,0
2249.0,1
2249.25,0
2262.75,1
2263.0,0
2265.25,1
2265.5,0
2266.0,1
2268.5,0
2268.75,1
2270.25,0
2270.75,1
2272.0,0
2272.25,1
2272.5,0
2277.0,1
2277.25,0
2286.5,1
2286.75,0
2289.0,1
2291.0,0
2291.25,1
2291.75,0
2292.0,1
2293.0,0
2293.25,1
2293.75,0
2294.25,1
2296.0,0
2297.0,1
2297.75,0
2309.5,1
2309.75,0
2311.0,1
2311.5,0
2312.25,1
2312.5,0
2312.75,1
2313.0,0
2313.25,1
2314.0,0
2314.25,1
2315.25,0
2315.5,1
2316.0,0
2316.25,1
2316.75,0
2317.25,1
2317.5,0
2317.75,1
2319.75,0
2320.0,1
2320.25,0
2320.5,1
2321.0,0
2321.25,1
2321.5,0
2325.5,1
2325.75,0
2383.25,1
2383.5,0
2385.25,1
2385.75,0
2386.0,1
2386.75,0
2387.5,1
2388.5,0
2388.75,1
2390.0,0
2390.75,1
2391.0,0
2391.25,1
2391.5,0
2391.75,1
2392.5,0
2393.0,1
2393.25,0
2405.75,1
2406.0,0
2409.0,1
2409.25,0
2409.75,1
2413.5,0
2413.75,1
2415.0,0
2415.25,1
2416.0,0
2416.25,1
2417.0,0
2421.25,1
2421.5,0
2421.75,1
2422.0,0
2431.0,1
2431.25,0
2433.25,1
2435.0,0
2435.25,1
2435.5,0
2435.75,1
2436.0,0
2436.25,1
2436.75,0
2437.0,1
2437.75,0
2438.0,1
2439.75,0
2440.0,1
2440.5,0
2440.75,1
2441.25,0
2441.75,1
2442.0,0
2444.75,1
2445.0,0
2455.0,1
2455.25,0
2456.75,1
2457.0,0
2457.75,1
2459.75,0
2460.0,1
2461.0,0
2461.25,1
2461.5,0
2461.75,1
2464.75,0
2465.0,1
2465.5,0
2469.5,1
2469.75,0
2479.5,1
2480.0,0
2480.5,1
2480.75,0
2481.25,1
2481.75,0
2482.0,1
2482.5,0
2482.75,1
2483.0,0
2483.25,1
2483.5,0
2483.75,1
2484.25,0
2484.5,1
2484.75,0
2485.0,1
2485.25,0
2485.5,1
2485.75,0
2486.25,1
2489.25,0
2550.75,1
2551.0,0
2551.75,1
2552.75,0
2553.0,1
2553.75,0
2554.0,1
2556.75,0
2557.0,1
2557.5,0
2557.75,1
2558.75,0
2559.0,1
2559.5,0
2559.75,1
2561.5,0
2562.0,1
2562.25,0
2574.5,1
2574.75,0
2575.75,1
2576.0,0
2576.75,1
2577.25,0
2577.75,1
2578.25,0
2578.5,1
2579.25,0
2579.5,1
2580.0,0
2581.0,1
2581.5,0
2581.75,1
2582.0,0
2582.25,1
2583.75,0
2584.0,1
2584.25,0
2584.75,1
2585.25,0
2589.75,1
2590.0,0
2598.25,1
2598.5,0
2599.5,1
2599.75,0
2600.75,1
2601.0,0
2601.25,1
2602.25,0
2602.5,1
2602.75,0
2603.0,1
2604.5,0
2604.75,1
2605.75,0
2606.0,1
2606.25,0
2606.5,1
2607.0,0
2607.5,1
2608.25,0
2608.5,1
2609.25,0
2622.75,1
2623.0,0
2625.0,1
2625.5,0
2625.75,1
2626.25,0
2626.5,1
2629.0,0
2629.75,1
2630.25,0
2630.5,1
2631.0,0
2631.5,1
2632.75,0
2633.0,1
2633.5,0
2647.25,1
2647.5,0
2647.75,1
2648.0,0
2648.25,1
2648.75,0
2649.5,1
2649.75,0
2650.5,1
2652.75,0
2653.25,1
2654.5,0
2654.75,1
2656.0,0
2656.25,1
2657.0,0
2657.25,1
2657.5,0
2720.5,1
2721.0,0
2721.25,1
2723.75,0
2724.0,1
2724.25,0
2724.5,1
2724.75,0
2725.0,1
2725.25,0
2725.75,1
2726.5,0
2727.25,1
2728.5,0
2728.75,1
2729.0,0
2742.75,1
2743.0,0
2744.25,1
2744.5,0
2744.75,1
2745.25,0
2745.75,1
2747.25,0
2747.5,1
2749.75,0
2750.0,1
2750.5,0
2750.75,1
2751.25,0
2752.0,1
2753.25,0
2767.0,1
2767.25,0
2768.0,1
2768.25,0
2768.5,1
2768.75,0
2769.25,1
2770.75,0
2771.25,1
2772.25,0
2772.5,1
2773.0,0
2773.25,1
2773.5,0
2773.75,1
2774.0,0
2774.25,1
2775.25,0
2775.5,1
2776.0,0
2776.25,1
2777.25,0
2781.75,1
2782.0,0
2789.5,1
2789.75,0
2790.25,1
2790.5,0
2793.25,1
2794.75,0
2795.25,1
2797.0,0
2797.5,1
2799.25,0
2799.5,1
2799.75,0
2800.0,1
2800.75,0
2801.0,1
2801.25,0
2801.75,1
2802.0,0
2804.25,1
2804.5,0
2816.25,1
2817.0,0
2817.5,1
2818.0,0
2818.5,1
2819.25,0
2819.75,1
2820.0,0
2820.5,1
2820.75,0
2821.0,1
2821.25,0
2821.75,1
2822.0,0
2822.25,1
2825.0,0
2829.5,1
2829.75,0
2888.0,1
2888.25,0
2889.0,1
2889.75,0
2890.0,1
2891.0,0
2891.25,1
2891.5,0
2891.75,1
2893.25,0
2893.5,1
2894.5,0
2894.75,1
2896.5,0
2896.75,1
2897.25,0
2912.25,1
2912.5,0
2912.75,1
2913.0,0
2913.25,1
2915.25,0
2915.5,1
2916.0,0
2916.25,1
2916.5,0
2917.0,1
2917.75,0
2918.0,1
2918.75,0
2919.0,1
2921.0,0
2924.75,1
2925.0,0
2925.25,1
2925.5,0
2936.5,1
2940.5,0
2940.75,1
2942.5,0
2943.0,1
2944.25,0
2944.75,1
2945.0,0
2948.5,1
2948.75,0
2950.25,1
2950.5,0
2960.0,1
2960.75,0
2961.25,1
2961.5,0
2962.0,1
2962.25,0
2962.5,1
2964.25,0
2964.5,1
2965.25,0
2965.5,1
2965.75,0
2966.0,1
2966.5,0
2966.75,1
2967.5,0
2967.75,1
2968.0,0
2968.25,1
2968.75,0
2972.5,1
2972.75,0
2981.75,1
2982.0,0
2982.75,1
2983.0,0
2984.75,1
2987.25,0
2987.5,1
2988.5,0
2989.0,1
2990.75,0
2991.0,1
2991.75,0
2992.0,1
2993.0,0
3055.0,1
3055.25,0
3057.25,1
3061.0,0
3061.25,1
3064.75,0
3065.25,1
3065.5,0
3068.75,1
3069.0,0
3080.75,1
3084.5,0
3084.75,1
3087.25,0
3087.5,1
3088.25,0
3089.0,1
3089.5,0
3092.25,1
3092.5,0
3095.0,1
3095.25,0
3105.25,1
3107.25,0
3107.5,1
3108.25,0
3108.75,1
3110.0,0
3110.25,1
3112.0,0
3112.25,1
3112.5,0
3113.0,1
3113.5,0
3117.0,1
3117.25,0
3127.0,1
3128.0,0
3128.25,1
3128.75,0
3129.25,1
3129.5,0
3129.75,1
3131.5,0
3132.0,1
3133.75,0
3134.0,1
3135.75,0
3136.0,1
3136.75,0
3141.25,1
3141.5,0
3141.75,1
3142.0,0
3150.0,1
3150.25,0
3152.0,1
3152.25,0
3153.25,1
3155.0,0
3155.25,1
3157.75,0
3158.0,1
3158.25,0
3158.5,1
3159.75,0
3160.25,1
3161.25,0
3164.5,1
3165.25,0
3224.25,1
3224.75,0
3225.25,1
3225.75,0
3226.25,1
3227.0,0
3227.5,1
3230.0,0
3230.5,1
3232.0,0
3232.5,1
3233.5,0
3246.0,1
3246.75,0
3249.25,1
3251.0,0
3251.25,1
3252.25,0
3252.5,1
3254.75,0
3255.0,1
3256.5,0
3256.75,1
3257.5,0
3272.75,1
3273.0,0
3273.25,1
3273.75,0
3274.0,1
3275.0,0
3275.5,1
3275.75,0
3276.0,1
3276.25,0
3276.5,1
3277.75,0
3278.0,1
3279.75,0
3280.25,1
3280.5,0
3280.75,1
3281.0,0
3282.0,1
3282.25,0
3294.5,1
3294.75,0
3295.75,1
3296.0,0
3297.25,1
3298.0,0
3298.25,1
3298.75,0
3299.0,1
3304.0,0
3304.25,1
3305.5,0
3319.0,1
3319.25,0
3321.25,1
3321.5,0
3321.75,1
3324.0,0
3324.25,1
3328.25,0
3328.5,1
3328.75,0
3329.0,1
3329.5,0
3332.5,1
3332.75,0
3389.75,1
3390.0,0
3390.75,1
3391.0,0
3393.0,1
3393.75,0
3394.0,1
3394.5,0
3394.75,1
3396.75,0
3397.0,1
3398.25,0
3398.5,1
3399.0,0
3399.25,1
3401.25,0
3405.5,1
3405.75,0
3416.25,1
3416.75,0
3417.0,1
3417.25,0
3417.5,1
3418.25,0
3418.5,1
3419.75,0
3420.25,1
3420.5,0
3420.75,1
3421.0,0
3421.25,1
3421.5,0
3422.0,1
3422.75,0
3423.0,1
3423.75,0
3424.25,1
3424.5,0
3424.75,1
3425.5,0
3429.5,1
3429.75,0
3440.5,1
3441.0,0
3441.5,1
3442.5,0
3442.75,1
3443.75,0
3444.0,1
3444.5,0
3444.75,1
3446.25,0
3446.5,1
3447.25,0
3447.5,1
3448.5,0
3448.75,1
3449.25,0
3464.25,1
3464.5,0
3465.0,1
3467.75,0
3468.0,1
3472.0,0
3472.25,1
3472.75,0
3473.0,1
3473.25,0
3476.75,1
3477.0,0
3488.5,1
3488.75,0
3489.0,1
3489.75,0
3490.0,1
3491.5,0
3492.0,1
3492.75,0
3493.25,1
3494.0,0
3494.25,1
3494.75,0
3495.0,1
3495.75,0
3496.0,1
3496.75,0
3497.0,1
3497.25,0
3558.0,1
3558.25,0
3560.5,1
3560.75,0
3561.0,1
3562.5,0
3563.0,1
3563.5,0
3563.75,1
3568.25,0
3568.5,1
3569.0,0
3572.5,1
3572.75,0
3607.25,1
3607.5,0
3608.5,1
3608.75,0
3609.0,1
3609.25,0
3609.5,1
3610.25,0
3610.5,1
3611.0,0
3611.5,1
3614.0,0
3614.25,1
3614.5,0
3614.75,1
3615.25,0
3615.5,1
3616.75,0
3632.0,1
3632.25,0
3632.5,1
3632.75,0
3633.0,1
3633.25,0
3633.5,1
3635.5,0
3635.75,1
3636.25,0
3636.5,1
3637.5,0
3637.75,1
3638.0,0
3638.25,1
3638.5,0
3638.75,1
3639.0,0
3639.25,1
3640.25,0
3640.5,1
3641.0,0
3645.75,1
3646.0,0
3655.5,1
3655.75,0
3657.0,1
3657.25,0
3657.5,1
3658.75,0
3659.0,1
3659.25,0
3659.5,1
3660.0,0
3660.25,1
3660.5,0
3660.75,1
3662.5,0
3662.75,1
3664.25,0
3664.5,1
3664.75,0
3665.0,1
3665.25,0
3669.5,1
3669.75,0
3670.25,1
3670.5,0
3729.25,1
3729.5,0
3729.75,1
3730.25,0
3730.5,1
3732.75,0
3733.0,1
3733.25,0
3733.75,1
3734.0,0
3734.5,1
3737.0,0
3737.25,1
3737.5,0
3742.0,1
3742.25,0
3753.0,1
3753.75,0
3754.0,1
3754.5,0
3754.75,1
3755.0,0
3755.25,1
3755.75,0
3756.0,1
3756.25,0
3756.5,1
3758.0,0
3758.5,1
3759.5,0
3760.25,1
3761.25,0
3774.25,1
3774.5,0
3776.25,1
3776.5,0
3776.75,1
3777.75,0
3778.25,1
3778.5,0
3778.75,1
3780.0,0
3780.5,1
3781.75,0
3782.5,1
3782.75,0
3783.25,1
3785.0,0
3785.5,1
3785.75,0
3788.25,1
3788.5,0
3798.5,1
3798.75,0
3799.75,1
3800.0,0
3800.5,1
3800.75,0
3801.0,1
3802.75,0
3803.0,1
3803.5,0
3804.5,1
3805.0,0
3805.25,1
3805.5,0
3805.75,1
3806.75,0
3807.0,1
3808.5,0
3809.25,1
3809.5,0
3822.25,1
3822.5,0
3824.25,1
3824.5,0
3825.0,1
3825.5,0
3825.75,1
3826.0,0
3826.25,1
3828.25,0
3828.75,1
3829.25,0
3829.75,1
3830.0,0
3830.75,1
3833.0,0
3833.25,1
3833.5,0
3837.0,1
3837.25,0
3896.25,1
3896.5,0
3897.0,1
3897.75,0
3898.0,1
3901.75,0
3902.0,1
3902.75,0
3903.0,1
3904.0,0
3904.25,1
3905.25,0
3920.25,1
3920.5,0
3921.25,1
3921.5,0
3921.75,1
3922.0,0
3922.5,1
3922.75,0
3923.25,1
3923.75,0
3924.0,1
3924.25,0
3924.5,1
3925.25,0
3925.75,1
3926.5,0
3926.75,1
3927.25,0
3927.5,1
3927.75,0
3928.0,1
3928.75,0
3942.5,1
3942.75,0
3943.25,1
3943.5,0
3944.75,1
3946.5,0
3946.75,1
3947.0,0
3947.25,1
3948.0,0
3948.25,1
3948.75,0
3949.0,1
3949.5,0
3949.75,1
3951.25,0
3951.5,1
3953.0,0
3957.0,1
3957.25,0
3958.75,1
3959.0,0
3967.0,1
3967.25,0
3968.5,1
3969.5,0
3970.0,1
3970.5,0
3970.75,1
3971.75,0
3972.0,1
3975.75,0
3976.0,1
3976.5,0
3977.5,1
3977.75,0
3992.75,1
3993.25,0
3993.5,1
3994.25,0
3994.5,1
3995.25,0
3995.5,1
3996.0,0
3996.25,1
3997.0,0
3997.25,1
3997.75,0
3998.0,1
3999.0,0
3999.25,1
4000.25,0
4000.75,1
4001.0,0
4001.25,1
4001.5,0
4004.5,1
4004.75,0
4064.75,1
4065.25,0
4065.5,1
4066.5,0
4066.75,1
4067.0,0
4067.25,1
4067.75,0
4068.0,1
4068.75,0
4069.0,1
4069.25,0
4069.5,1
4069.75,0
4070.0,1
4072.5,0
4072.75,1
4073.0,0
4076.75,1
4077.0,0
4088.5,1
4088.75,0
4089.0,1
4089.5,0
4089.75,1
4090.0,0
4090.25,1
4091.25,0
4091.5,1
4096.0,0
4096.25,1
4096.5,0
4102.25,1
4102.5,0
4109.5,1
4109.75,0
4112.75,1
4113.0,0
4113.5,1
4113.75,0
4114.0,1
4114.75,0
4115.0,1
4115.75,0
4116.0,1
4116.5,0
4116.75,1
4118.25,0
4118.5,1
4118.75,0
4119.0,1
4120.75,0
4121.0,1
4121.5,0
4124.5,1
4124.75,0
4135.25,1
4135.75,0
4137.0,1
4137.25,0
4137.5,1
4138.75,0
4139.0,1
4139.5,0
4140.0,1
4140.25,0
4140.5,1
4141.25,0
4141.5,1
4141.75,0
4142.0,1
4142.5,0
4143.0,1
4143.5,0
4143.75,1
4144.25,0
4144.5,1
4144.75,0
4145.0,1
4145.25,0
4147.75,1
4148.0,0
4161.25,1
4164.0,0
4164.5,1
4165.0,0
4165.25,1
4165.5,0
4166.25,1
4167.5,0
4167.75,1
4168.0,0
4168.75,1
4169.0,0
4169.25,1
4169.75,0
4233.25,1
4233.5,0
4233.75,1
4234.25,0
4234.5,1
4237.0,0
4238.25,1
4238.75,0
4239.0,1
4239.25,0
4239.5,1
4239.75,0
4240.0,1
4240.5,0
4244.75,1
4245.25,0
4256.25,1
4256.5,0
4257.0,1
4257.25,0
4257.75,1
4258.5,0
4258.75,1
4259.25,0
4259.75,1
4260.25,0
4260.5,1
4261.0,0
4261.25,1
4265.0,0
4265.25,1
4265.5,0
4277.75,1
4278.0,0
4281.0,1
4281.25,0
4281.5,1
4284.0,0
4284.25,1
4285.0,0
4285.25,1
4286.0,0
4286.25,1
4288.0,0
4288.25,1
4288.5,0
4288.75,1
4289.0,0
4304.0,1
4304.25,0
4304.5,1
4305.25,0
4305.5,1
4307.0,0
4307.25,1
4308.25,0
4308.5,1
4312.5,0
4312.75,1
4313.0,0
4313.5,1
4313.75,0
4316.0,1
4316.25,0
4326.0,1
4326.25,0
4328.25,1
4328.5,0
4329.0,1
4330.0,0
4330.25,1
4331.5,0
4331.75,1
4332.25,0
4332.5,1
4333.0,0
4333.25,1
4334.5,0
4334.75,1
4336.25,0
4336.5,1
4337.0,0
4337.25,1
4337.5,0
4341.25,1
4341.5,0
4400.75,1
4401.0,0
4401.25,1
4402.25,0
4402.5,1
4405.25,0
4405.5,1
4406.0,0
4406.5,1
4407.75,0
4408.25,1
4408.5,0
4408.75,1
4409.25,0
4409.75,1
4410.0,0
4446.5,1
4446.75,0
4447.0,1
4447.5,0
4448.5,1
4448.75,0
4449.5,1
4450.0,0
4450.25,1
4450.5,0
4451.0,1
4451.5,0
4451.75,1
4453.25,0
4454.25,1
4455.5,0
4456.0,1
4456.25,0
4456.5,1
4457.0,0
4471.0,1
4471.25,0
4473.0,1
4475.5,0
4475.75,1
4476.25,0
4476.5,1
4478.0,0
4478.5,1
4479.25,0
4479.5,1
4480.5,0
4480.75,1
4481.5,0
4485.25,1
4485.5,0
4494.5,1
4494.75,0
4495.0,1
4495.5,0
4497.0,1
4497.75,0
4498.25,1
4499.5,0
4499.75,1
4502.5,0
4503.0,1
4505.0,0
4509.25,1
4509.5,0
4510.75,1
4511.0,0
4566.5,1
4566.75,0
4567.25,1
4567.5,0
4569.0,1
4570.0,0
4570.25,1
4573.25,0
4573.5,1
4574.0,0
4574.25,1
4577.0,0
4591.0,1
4591.25,0
4592.25,1
4592.5,0
4592.75,1
4593.5,0
4593.75,1
4594.75,0
4595.0,1
4596.5,0
4596.75,1
4597.75,0
4598.0,1
4599.0,0
4599.25,1
4599.75,0
4600.0,1
4600.25,0
4601.0,1
4601.25,0
4601.75,1
4602.0,0
4605.0,1
4605.5,0
4615.5,1
4615.75,0
4616.75,1
4617.75,0
4618.0,1
4619.0,0
4619.25,1
4619.75,0
4620.0,1
4620.25,0
4620.5,1
4621.5,0
4621.75,1
4622.25,0
4622.75,1
4623.0,0
4623.25,1
4623.75,0
4624.0,1
4625.25,0
4627.5,1
4627.75,0
4638.25,1
4638.5,0
4638.75,1
4639.0,0
4639.75,1
4640.0,0
4640.5,1
4640.75,0
4641.25,1
4642.25,0
4642.75,1
4643.75,0
4644.0,1
4645.5,0
4645.75,1
4647.25,0
4647.75,1
4648.5,0
4661.5,1
4662.0,0
4664.5,1
4664.75,0
4665.25,1
4665.75,0
4666.0,1
4666.5,0
4666.75,1
4669.0,0
4669.25,1
4672.0,0
4672.75,1
4673.25,0
4737.5,1
4738.0,0
4738.25,1
4741.25,0
4742.0,1
4742.5,0
4742.75,1
4743.25,0
4743.5,1
4743.75,0
4744.0,1
4745.25,0
4758.0,1
4758.25,0
4759.0,1
4759.5,0
4761.0,1
4762.75,0
4763.0,1
4764.5,0
4764.75,1
4765.25,0
4765.5,1
4765.75,0
4766.25,1
4767.75,0
4769.0,1
4769.25,0
4784.75,1
4785.0,0
4785.5,1
4785.75,0
4786.0,1
4787.5,0
4787.75,1
4788.0,0
4788.25,1
4789.0,0
4789.5,1
4790.25,0
4790.75,1
4792.25,0
4792.5,1
4793.25,0
4807.5,1
4808.25,0
4808.5,1
4809.0,0
4809.25,1
4809.5,0
4809.75,1
4810.75,0
4811.0,1
4812.75,0
4813.0,1
4813.25,0
4813.5,1
4814.75,0
4815.0,1
4815.75,0
4816.0,1
4816.25,0
4817.0,1
4817.25,0
4830.25,1
4830.75,0
4831.0,1
4831.25,0
4833.25,1
4833.5,0
4833.75,1
4834.25,0
4834.5,1
4835.25,0
4835.5,1
4836.5,0
4836.75,1
4837.5,0
4837.75,1
4839.75,0
4840.0,1
4840.5,0
4841.0,1
4841.25,0
4902.75,1
4903.0,0
4904.25,1
4904.5,0
4905.25,1
4906.0,0
4906.25,1
4908.5,0
4908.75,1
4910.5,0
4910.75,1
4912.25,0
4912.5,1
4913.0,0
4913.25,1
4913.5,0
4927.25,1
4927.5,0
4928.75,1
4929.25,0
4929.5,1
4932.75,0
4933.0,1
4934.0,0
4934.25,1
4935.75,0
4936.0,1
4936.5,0
4936.75,1
4937.0,0
4953.0,1
4953.25,0
4953.5,1
4954.25,0
4954.5,1
4955.0,0
4955.25,1
4955.5,0
4955.75,1
4956.25,0
4956.5,1
4957.25,0
4957.5,1
4957.75,0
4958.0,1
4958.5,0
4958.75,1
4959.0,0
4959.5,1
4961.0,0
4974.75,1
4975.0,0
4976.75,1
4977.25,0
4977.5,1
4977.75,0
4978.0,1
4980.0,0
4980.25,1
4981.0,0
4981.25,1
4985.5,0
4999.75,1
5000.0,0
5001.0,1
5001.75,0
5002.0,1
5003.25,0
5003.5,1
5004.5,0
5005.0,1
5005.5,0
5005.75,1
5007.5,0
5008.0,1
5008.75,0
5009.0,1
5009.75,0
5071.5,1
5071.75,0
5073.25,1
5073.75,0
5074.0,1
5074.5,0
5075.25,1
5079.5,0
5080.0,1
5080.25,0
5080.5,1
5081.25,0
5094.75,1
5095.0,0
5095.5,1
5095.75,0
5097.25,1
5100.0,0
5100.5,1
5101.0,0
5101.25,1
5101.75,0
5102.0,1
5103.25,0
5103.5,1
5104.75,0
5105.25,1
5105.5,0
5105.75,1
5106.0,0
5108.25,1
5108.5,0
5120.75,1
5122.5,0
5123.0,1
5123.25,0
5123.5,1
5124.25,0
5124.5,1
5124.75,0
5125.0,1
5126.0,0
5126.5,1
5129.0,0
5129.5,1
5129.75,0
5145.5,1
5146.25,0
5146.5,1
5149.25,0
5149.5,1
5150.75,0
5151.25,1
5151.5,0
5151.75,1
5152.0,0
5152.25,1
5153.25,0
5157.75,1
5158.0,0
5166.75,1
5167.0,0
5169.0,1
5169.25,0
5169.75,1
5170.0,0
5170.25,1
5171.75,0
5172.0,1
5172.25,0
5172.5,1
5173.0,0
5173.25,1
5173.75,0
5174.25,1
5176.25,0
5176.5,1
5177.25,0
5181.25,1
5181.5,0
5239.5,1
5239.75,0
5240.5,1
5240.75,0
5241.25,1
5241.75,0
5242.25,1
5243.5,0
5243.75,1
5244.0,0
5244.25,1
5245.5,0
5245.75,1
5246.25,0
5246.75,1
5248.25,0
5248.5,1
5248.75,0
5249.0,1
5249.25,0
5262.5,1
5262.75,0
5264.5,1
5264.75,0
5265.25,1
5265.5,0
5266.0,1
5268.75,0
5269.0,1
5270.0,0
5270.5,1
5272.0,0
5272.5,1
5272.75,0
5273.5,1
5273.75,0
5287.0,1
5287.25,0
5287.75,1
5288.0,0
5288.5,1
5289.75,0
5290.25,1
5290.5,0
5291.0,1
5292.25,0
5292.5,1
5293.25,0
5293.5,1
5294.5,0
5294.75,1
5297.0,0
5311.5,1
5311.75,0
5312.5,1
5312.75,0
5313.0,1
5316.75,0
5317.0,1
5318.0,0
5318.25,1
5319.25,0
5319.5,1
5320.5,0
5320.75,1
5321.25,0
5321.5,1
5322.0,0
5334.75,1
5335.0,0
5336.5,1
5336.75,0
5337.0,1
5338.5,0
5338.75,1
5341.75,0
5342.25,1
5345.0,0
5345.25,1
5345.5,0
5349.0,1
5349.25,0
5406.25,1
5406.5,0
5409.0,1
5409.75,0
5410.0,1
5411.0,0
5411.25,1
5412.25,0
5412.5,1
5413.0,0
5413.5,1
5414.25,0
5414.5,1
5415.0,0
5415.25,1
5416.0,0
5416.5,1
5416.75,0
5417.0,1
5417.5,0
5421.25,1
5421.5,0
5430.25,1
5430.5,0
5431.25,1
5431.5,0
5432.0,1
5432.25,0
5432.5,1
5432.75,0
5433.0,1
5434.5,0
5435.0,1
5435.5,0
5436.0,1
5436.75,0
5437.0,1
5437.25,0
5438.0,1
5440.0,0
5440.25,1
5441.25,0
5445.75,1
5446.0,0
5453.5,1
5453.75,0
5454.25,1
5454.5,0
5455.75,1
5456.0,0
5457.0,1
5457.25,0
5457.5,1
5459.25,0
5459.5,1
5460.0,0
5460.25,1
5460.5,0
5461.0,1
5464.0,0
5464.25,1
5464.5,0
5467.25,1
5467.5,0
5477.75,1
5478.0,0
5478.5,1
5478.75,0
5480.25,1
5480.5,0
5481.25,1
5484.25,0
5484.75,1
5485.25,0
5485.5,1
5485.75,0
5486.0,1
5486.25,0
5486.5,1
5486.75,0
5487.0,1
5487.5,0
5487.75,1
5489.0,0
5489.25,1
5489.5,0
5503.5,1
5503.75,0
5504.5,1
5504.75,0
5505.25,1
5506.75,0
5507.25,1
5508.25,0
5508.5,1
5510.25,0
5510.5,1
5510.75,0
5511.0,1
5511.25,0
5511.5,1
5512.75,0
5513.0,1
5513.25,0
5517.25,1
5517.5,0
5575.0,1
5575.25,0
5577.0,1
5577.25,0
5577.5,1
5578.25,0
5578.5,1
5580.0,0
5580.25,1
5580.5,0
5580.75,1
5581.0,0
5581.25,1
5582.75,0
5583.0,1
5583.5,0
5584.75,1
5585.0,0
5585.5,1
5585.75,0
5598.75,1
5599.0,0
5600.5,1
5600.75,0
5601.5,1
5603.5,0
5604.0,1
5604.25,0
5604.5,1
5605.5,0
5605.75,1
5606.5,0
5606.75,1
5607.75,0
5608.25,1
5608.75,0
5613.5,1
5613.75,0
5624.0,1
5624.25,0
5626.0,1
5629.0,0
5629.25,1
5629.75,0
5630.0,1
5631.5,0
5631.75,1
5632.0,0
5632.5,1
5633.25,0
5646.5,1
5647.25,0
5648.25,1
5648.5,0
5649.0,1
5650.25,0
5650.5,1
5654.0,0
5654.25,1
5654.75,0
5655.0,1
5655.25,0
5655.5,1
5655.75,0
5656.0,1
5656.5,0
5656.75,1
5657.5,0
5659.0,1
5659.25,0
5661.25,1
5661.75,0
5669.25,1
5669.75,0
5670.0,1
5670.25,0
5672.5,1
5672.75,0
5673.0,1
5673.5,0
5673.75,1
5674.0,0
5674.25,1
5677.75,0
5678.0,1
5678.25,0
5679.0,1
5680.5,0
5680.75,1
5681.0,0
5681.25,1
5681.5,0
5745.0,1
5745.75,0
5746.0,1
5746.75,0
5747.0,1
5748.0,0
5748.25,1
5748.75,0
5749.25,1
5749.5,0
5749.75,1
5750.25,0
5750.5,1
5751.5,0
5751.75,1
5752.75,0
5756.25,1
5756.5,0
5767.5,1
5767.75,0
5768.75,1
5769.0,0
5769.25,1
5769.5,0
5769.75,1
5772.0,0
5772.25,1
5772.5,0
5772.75,1
5777.0,0
5777.25,1
5777.5,0
5780.25,1
5780.5,0
5781.5,1
5781.75,0
5792.0,1
5792.25,0
5793.0,1
5793.75,0
5794.0,1
5794.75,0
5795.0,1
5795.25,0
5795.75,1
5796.0,0
5796.25,1
5796.5,0
5796.75,1
5797.25,0
5797.5,1
5798.25,0
5798.5,1
5801.5,0
5813.75,1
5814.0,0
5816.75,1
5817.25,0
5817.5,1
5818.25,0
5818.5,1
5819.25,0
5819.5,1
5820.25,0
5820.5,1
5821.0,0
5821.25,1
5821.5,0
5822.0,1
5822.25,0
5822.75,1
5825.0,0
5830.5,1
5830.75,0
5833.5,1
5833.75,0
5837.25,1
5837.5,0
5840.75,1
5841.75,0
5842.0,1
5846.5,0
5846.75,1
5849.75,0
5910.25,1
5910.75,0
5912.25,1
5912.5,0
5913.0,1
5914.0,0
5914.25,1
5915.75,0
5916.25,1
5916.5,0
5916.75,1
5918.5,0
5918.75,1
5921.0,0
5921.25,1
5921.5,0
5958.0,1
5958.25,0
5959.0,1
5959.25,0
5959.5,1
5960.25,0
5961.0,1
5961.25,0
5961.75,1
5962.75,0
5963.25,1
5964.0,0
5964.25,1
5964.5,0
5964.75,1
5965.0,0
5965.25,1
5965.5,0
5966.0,1
5967.5,0
5968.0,1
5969.0,0
5973.0,1
5973.25,0
5984.5,1
5984.75,0
5985.0,1
5985.75,0
5986.25,1
5988.75,0
5989.0,1
5990.75,0
5991.5,1
5992.5,0
5992.75,1
5993.0,0
5997.25,1
5997.5,0
6006.75,1
6007.25,0
6008.25,1
6008.5,0
6009.0,1
6011.75,0
6012.0,1
6013.0,0
6014.0,1
6015.0,0
6015.25,1
6015.5,0
6015.75,1
6016.75,0
6017.5,1
6017.75,0
6020.5,1
6020.75,0
6021.25,1
6021.5,0
6079.75,1
6080.25,0
6080.5,1
6080.75,0
6081.25,1
6082.5,0
6082.75,1
6083.25,0
6084.0,1
6085.25,0
6085.5,1
6086.75,0
6087.0,1
6088.25,0
6088.5,1
6089.0,0
6089.25,1
6089.5,0
6102.75,1
6103.0,0
6104.25,1
6104.5,0
6105.25,1
6106.5,0
6106.75,1
6108.25,0
6108.75,1
6109.5,0
6110.0,1
6110.5,0
6111.0,1
6112.0,0
6112.5,1
6113.0,0
6113.5,1
6113.75,0
6127.25,1
6127.5,0
6129.25,1
6129.75,0
6130.0,1
6130.5,0
6130.75,1
6132.5,0
6132.75,1
6136.0,0
6136.25,1
6136.75,0
6137.0,1
6137.5,0
6142.5,1
6142.75,0
6151.5,1
6151.75,0
6152.25,1
6152.5,0
6152.75,1
6153.75,0
6154.0,1
6155.25,0
6155.75,1
6156.0,0
6156.25,1
6156.75,0
6157.25,1
6158.0,0
6158.25,1
6161.25,0
6176.75,1
6177.0,0
6177.25,1
6180.5,0
6181.0,1
6182.25,0
6182.75,1
6183.0,0
6183.25,1
6184.75,0
6247.75,1
6248.0,0
6249.0,1
6249.25,0
6249.75,1
6250.0,0
6250.5,1
6250.75,0
6251.0,1
6251.25,0
6251.5,1
6253.0,0
6253.25,1
6253.75,0
6254.0,1
6254.5,0
6255.0,1
6257.0,0
6257.25,1
6257.5,0
6272.75,1
6273.5,0
6273.75,1
6275.5,0
6276.5,1
6276.75,0
6277.0,1
6277.75,0
6278.25,1
6279.0,0
6279.25,1
6280.5,0
6280.75,1
6281.0,0
6281.25,1
6281.5,0
6295.0,1
6295.25,0
6296.75,1
6297.75,0
6298.25,1
6299.5,0
6299.75,1
6303.0,0
6303.25,1
6305.25,0
6307.75,1
6308.0,0
6321.0,1
6321.25,0
6321.5,1
6321.75,0
6322.0,1
6323.25,0
6323.5,1
6325.0,0
6325.5,1
6326.0,0
6326.75,1
6328.75,0
6333.0,1
6333.25,0
6343.5,1
6343.75,0
6345.25,1
6345.5,0
6345.75,1
6346.0,0
6346.5,1
6348.25,0
6348.75,1
6351.0,0
6351.25,1
6352.75,0
6353.0,1
6353.25,0
6357.25,1
6357.5,0
6416.25,1
6416.5,0
6417.25,1
6418.5,0
6418.75,1
6419.5,0
6419.75,1
6420.25,0
6420.75,1
6422.75,0
6423.25,1
6424.5,0
6424.75,1
6425.5,0
6441.0,1
6443.0,0
6443.5,1
6445.25,0
6445.75,1
6446.5,0
6447.0,1
6449.25,0
6462.25,1
6462.5,0
6464.75,1
6465.0,0
6465.25,1
6465.5,0
6466.0,1
6466.5,0
6466.75,1
6468.5,0
6468.75,1
6469.0,0
6469.25,1
6470.0,0
6470.5,1
6471.0,0
6471.25,1
6472.75,0
6473.0,1
6473.25,0
6475.5,1
6475.75,0
6488.25,1
6488.75,0
6489.75,1
6490.5,0
6490.75,1
6491.5,0
6491.75,1
6492.5,0
6492.75,1
6495.25,0
6495.5,1
6495.75,0
6496.0,1
6496.75,0
6497.25,1
6497.5,0
6511.75,1
6512.0,0
6512.75,1
6513.0,0
6513.5,1
6514.25,0
6514.5,1
6514.75,0
6515.0,1
6515.5,0
6516.0,1
6516.25,0
6516.5,1
6517.0,0
6517.25,1
6519.5,0
6519.75,1
6520.75,0
6582.75,1
6583.0,0
6583.25,1
6583.5,0
6585.25,1
6585.75,0
6586.25,1
6587.75,0
6588.0,1
6588.75,0
6589.0,1
6589.5,0
6589.75,1
6590.75,0
6592.0,1
6592.25,0
6592.5,1
6592.75,0
6593.25,1
6593.5,0
6607.25,1
6607.5,0
6609.25,1
6610.75,0
6611.0,1
6611.25,0
6611.5,1
6613.5,0
6613.75,1
6614.0,0
6614.25,1
6614.5,0
6614.75,1
6616.0,0
6616.5,1
6617.25,0
6630.75,1
6631.0,0
6632.5,1
6633.5,0
6633.75,1
6634.5,0
6634.75,1
6635.75,0
6636.0,1
6637.0,0
6637.25,1
6640.0,0
6640.25,1
6641.5,0
6657.0,1
6657.25,0
6657.75,1
6658.0,0
6658.25,1
6658.75,0
6659.0,1
6659.25,0
6659.5,1
6659.75,0
6660.0,1
6660.25,0
6660.5,1
6661.25,0
6662.25,1
6663.25,0
6663.5,1
6664.25,0
6664.5,1
6665.25,0
6668.25,1
6668.5,0
6676.75,1
6677.25,0
6678.75,1
6679.0,0
6680.0,1
6680.25,0
6680.75,1
6681.0,0
6681.5,1
6681.75,0
6682.25,1
6682.5,0
6682.75,1
6683.5,0
6683.75,1
6684.5,0
6684.75,1
6685.5,0
6685.75,1
6686.75,0
6687.0,1
6688.25,0
6688.5,1
6688.75,0
6752.25,1
6752.5,0
6752.75,1
6753.0,0
6753.25,1
6754.25,0
6754.5,1
6757.25,0
6757.75,1
6758.25,0
6758.5,1
6761.0,0
6799.25,1
6799.5,0
6800.75,1
6801.0,0
6801.5,1
6802.25,0
6802.5,1
6803.5,0
6803.75,1
6804.5,0
6804.75,1
6805.0,0
6805.25,1
6807.0,0
6807.25,1
6809.5,0
6812.0,1
6812.25,0
6824.75,1
6825.0,0
6825.25,1
6825.5,0
6826.25,1
6827.75,0
6828.0,1
6829.5,0
6829.75,1
6830.5,0
6830.75,1
6831.0,0
6831.25,1
6832.5,0
6832.75,1
6833.25,0
6849.25,1
6853.25,0
6853.5,1
6854.0,0
6854.25,1
6856.75,0
6857.0,1
6857.25,0
6918.0,1
6918.25,0
6919.25,1
6919.5,0
6921.0,1
6921.5,0
6921.75,1
6923.0,0
6923.5,1
6925.5,0
6925.75,1
6927.25,0
6927.75,1
6929.0,0
6929.25,1
6929.5,0
6941.75,1
6942.0,0
6945.0,1
6945.25,0
6945.5,1
6946.0,0
6946.25,1
6947.75,0
6948.0,1
6948.25,0
6948.5,1
6948.75,0
6949.0,1
6949.25,0
6949.5,1
6951.25,0
6951.5,1
6952.0,0
6953.25,1
6953.5,0
6956.75,1
6957.0,0
6957.25,1
6957.5,0
6968.5,1
6969.5,0
6969.75,1
6970.25,0
6971.0,1
6972.0,0
6972.5,1
6974.0,0
6974.5,1
6975.5,0
6975.75,1
6977.25,0
6977.5,1
6977.75,0
6981.75,1
6982.0,0
6990.5,1
6990.75,0
6992.25,1
6992.5,0
6992.75,1
6995.5,0
6995.75,1
6997.25,0
6998.0,1
6998.5,0
6998.75,1
6999.75,0
7000.25,1
7000.75,0
7015.0,1
7015.25,0
7015.5,1
7015.75,0
7016.0,1
7016.25,0
7017.0,1
7017.25,0
7017.5,1
7020.5,0
7020.75,1
7021.25,0
7021.5,1
7021.75,0
7022.0,1
7022.25,0
7022.5,1
7022.75,0
7023.5,1
7024.5,0
7025.0,1
7025.5,0
7088.75,1
7089.0,0
7089.25,1
7090.0,0
7090.25,1
7091.5,0
7091.75,1
7093.5,0
7094.0,1
7095.25,0
7095.5,1
7096.25,0
7096.5,1
7096.75,0
7113.0,1
7114.0,0
7114.25,1
7118.0,0
7118.25,1
7118.75,0
7119.0,1
7120.5,0
7121.25,1
7121.5,0
7136.5,1
7137.0,0
7137.25,1
7138.0,0
7138.25,1
7140.25,0
7141.0,1
7141.5,0
7141.75,1
7142.75,0
7143.0,1
7144.0,0
7144.25,1
7144.5,0
7144.75,1
7145.5,0
7158.75,1
7159.0,0
7160.25,1
7160.5,0
7161.5,1
7161.75,0
7162.25,1
7163.25,0
7163.75,1
7164.5,0
7165.0,1
7165.25,0
7165.5,1
7165.75,0
7166.25,1
7166.5,0
7166.75,1
7167.75,0
7168.5,1
7168.75,0
7169.0,1
7169.25,0
7183.5,1
7183.75,0
7185.0,1
7187.75,0
7188.0,1
7188.5,0
7189.0,1
7189.25,0
7189.5,1
7190.5,0
7190.75,1
7191.25,0
7191.5,1
7191.75,0
7192.0,1
7192.25,0
7192.5,1
7192.75,0
7193.25,1
7193.5,0
7256.0,1
7256.25,0
7256.75,1
7257.0,0
7257.5,1
7258.75,0
7259.0,1
7261.25,0
7261.5,1
7262.0,0
7262.25,1
7262.75,0
7263.0,1
7264.25,0
7264.5,1
7265.25,0
7268.25,1
7268.5,0
7278.25,1
7278.5,0
7279.25,1
7279.5,0
7279.75,1
7280.0,0
7280.75,1
7282.25,0
7282.5,1
7283.5,0
7283.75,1
7286.5,0
7286.75,1
7287.75,0
7288.0,1
7288.25,0
7288.5,1
7288.75,0
7289.5,1
7289.75,0
7302.75,1
7303.25,0
7304.25,1
7304.75,0
7305.5,1
7306.25,0
7306.5,1
7307.0,0
7307.75,1
7309.0,0
7309.25,1
7310.25,0
7310.75,1
7311.0,0
7311.25,1
7312.75,0
7313.0,1
7313.25,0
7328.5,1
7331.0,0
7331.25,1
7332.5,0
7332.75,1
7333.25,0
7333.5,1
7333.75,0
7334.0,1
7334.75,0
7335.0,1
7335.75,0
7336.0,1
7337.75,0
7353.25,1
7355.25,0
7355.5,1
7355.75,0
7356.0,1
7356.25,0
7357.25,1
7357.5,0
7357.75,1
7358.0,0
7358.25,1
7359.25,0
7359.5,1
7361.5,0
7422.25,1
7422.5,0
7424.75,1
7425.0,0
7425.25,1
7429.5,0
7429.75,1
7430.75,0
7431.25,1
7432.75,0
7448.25,1
7448.5,0
7449.25,1
7449.75,0
7450.0,1
7450.25,0
7450.5,1
7451.0,0
7451.25,1
7451.75,0
7452.5,1
7453.0,0
7453.25,1
7457.25,0
7461.75,1
7462.0,0
7470.25,1
7470.75,0
7471.5,1
7471.75,0
7472.75,1
7473.0,0
7473.25,1
7474.0,0
7474.25,1
7475.0,0
7475.25,1
7475.75,0
7476.0,1
7477.0,0
7477.5,1
7479.5,0
7480.0,1
7480.5,0
7481.25,1
7481.5,0
7494.5,1
7494.75,0
7496.75,1
7497.0,0
7497.25,1
7497.5,0
7497.75,1
7498.0,0
7498.25,1
7498.5,0
7498.75,1
7501.5,0
7501.75,1
7502.5,0
7503.25,1
7504.5,0
7509.25,1
7509.5,0
7519.5,1
7520.0,0
7520.25,1
7520.75,0
7521.0,1
7523.75,0
7524.0,1
7527.5,0
7528.25,1
7528.5,0
7528.75,1
7529.5,0
7591.75,1
7592.0,0
7592.75,1
7593.0,0
7593.25,1
7595.0,0
7595.25,1
7596.25,0
7596.5,1
7598.0,0
7598.25,1
7600.25,0
7600.75,1
7601.25,0
7615.75,1
7616.0,0
7617.0,1
7618.0,0
7618.25,1
7620.0,0
7620.5,1
7622.75,0
7623.0,1
7623.5,0
7623.75,1
7624.5,0
7624.75,1
7625.0,0
7640.75,1
7641.0,0
7641.25,1
7643.0,0
7643.25,1
7645.25,0
7645.75,1
7646.0,0
7646.25,1
7647.75,0
7648.0,1
7648.25,0
7648.5,1
7648.75,0
7649.0,1
7649.5,0
7664.5,1
7665.25,0
7665.5,1
7666.25,0
7666.5,1
7666.75,0
7667.0,1
7668.25,0
7668.5,1
7669.0,0
7669.25,1
7669.75,0
7670.0,1
7670.5,0
7670.75,1
7673.0,0
7673.25,1
7673.5,0
7677.75,1
7678.0,0
7686.25,1
7686.5,0
7689.25,1
7690.0,0
7690.25,1
7690.75,0
7691.0,1
7692.75,0
7693.0,1
7693.25,0
7693.5,1
7695.75,0
7696.0,1
7696.75,0
7697.5,1
7697.75,0
7759.25,1
7759.5,0
7760.25,1
7760.5,0
7761.0,1
7763.25,0
7763.75,1
7764.0,0
7765.5,1
7766.75,0
7767.0,1
7767.5,0
7767.75,1
7769.25,0
7782.75,1
7783.0,0
7785.25,1
7785.5,0
7785.75,1
7786.0,0
7786.25,1
7787.5,0
7788.0,1
7788.25,0
7788.5,1
7789.0,0
7789.25,1
7790.0,0
7790.25,1
7791.75,0
7792.25,1
7792.75,0
7807.75,1
7808.0,0
7808.75,1
7809.5,0
7809.75,1
7810.5,0
7810.75,1
7811.5,0
7812.0,1
7812.25,0
7812.5,1
7812.75,0
7813.0,1
7813.5,0
7814.0,1
7814.5,0
7814.75,1
7815.75,0
7816.0,1
7816.75,0
7817.5,1
7818.0,0
7832.0,1
7832.25,0
7832.75,1
7833.25,0
7833.5,1
7837.5,0
7837.75,1
7838.0,0
7838.25,1
7839.0,0
7839.75,1
7841.0,0
7927.25,1
7927.5,0
7929.0,1
7929.75,0
7930.0,1
7930.25,0
7930.5,1
7930.75,0
7931.0,1
7931.5,0
7931.75,1
7933.5,0
7933.75,1
7935.5,0
7935.75,1
7937.0,0
7940.75,1
7941.0,0
7952.75,1
7953.25,0
7953.5,1
7954.75,0
7955.0,1
7957.25,0
7957.5,1
7960.75,0
7964.5,1
7964.75,0
7977.25,1
7978.5,0
7978.75,1
7980.0,0
7980.25,1
7981.0,0
7981.25,1
7982.25,0
7983.25,1
7983.5,0
7983.75,1
7984.5,0
7984.75,1
7985.5,0
7988.75,1
7989.0,0
7999.75,1
8000.0,0
8001.25,1
8003.5,0
8003.75,1
8005.5,0
8006.0,1
8008.25,0
8008.5,1
8009.0,0
8025.0,1
8025.25,0
8025.5,1
8026.25,0
8026.5,1
8028.0,0
8028.25,1
8029.0,0
8029.25,1
8030.25,0
8030.5,1
8033.0,0
8096.75,1
8098.25,0
8098.5,1
8099.25,0
8099.5,1
8102.0,0
8102.25,1
8102.5,0
8103.0,1
8103.75,0
8104.0,1
8105.25,0
8109.25,1
8109.5,0
8118.25,1
8118.5,0
8119.25,1
8119.75,0
8121.25,1
8121.5,0
8121.75,1
8124.25,0
8124.75,1
8125.0,0
8125.25,1
8125.5,0
8125.75,1
8126.25,0
8127.25,1
8129.0,0
8129.25,1
8129.5,0
8145.5,1
8149.75,0
8150.0,1
8150.25,0
8151.25,1
8152.25,0
8152.5,1
8152.75,0
8153.0,1
8153.25,0
8168.25,1
8168.5,0
8169.0,1
8173.25,0
8173.5,1
8173.75,0
8174.0,1
8175.75,0
8176.0,1
8176.25,0
8176.5,1
8177.0,0
8181.25,1
8181.5,0
8193.25,1
8193.75,0
8194.0,1
8195.5,0
8196.25,1
8198.75,0
8199.0,1
8199.5,0
8199.75,1
8200.25,0
8200.5,1
8201.5,0
8203.75,1
8204.0,0
8207.0,1
8207.25,0
8257.75,1
8258.0,0
8262.75,1
8263.0,0
8264.0,1
8264.25,0
8264.5,1
8265.0,0
8265.75,1
8266.25,0
8266.5,1
8267.0,0
8267.25,1
8268.75,0
8269.0,1
8271.75,0
8272.0,1
8272.25,0
8272.75,1
8273.25,0
8276.0,1
8276.25,0
8288.0,1
8288.25,0
8288.75,1
8291.0,0
8291.25,1
8293.25,0
8293.5,1
8294.0,0
8294.25,1
8294.5,0
8294.75,1
8297.0,0
8297.25,1
8297.5,0
8311.0,1
8311.5,0
8311.75,1
8312.0,0
8313.0,1
8313.5,0
8313.75,1
8314.5,0
8314.75,1
8315.25,0
8315.5,1
8316.25,0
8316.75,1
8317.25,0
8317.5,1
8318.25,0
8318.5,1
8321.0,0
8321.25,1
8321.5,0
8336.75,1
8340.0,0
8340.5,1
8341.75,0
8342.0,1
8343.0,0
8343.25,1
8345.25,0
8358.5,1
8358.75,0
8360.0,1
8360.25,0
8361.25,1
8362.25,0
8362.5,1
8362.75,0
8363.25,1
8364.5,0
8364.75,1
8365.0,0
8365.25,1
8365.5,0
8365.75,1
8366.25,0
8366.5,1
8367.25,0
8367.5,1
8368.5,0
8368.75,1
8369.0,0
8430.75,1
8431.0,0
8433.0,1
8433.25,0
8433.5,1
8435.0,0
8435.25,1
8438.5,0
8438.75,1
8439.75,0
8440.0,1
8441.0,0
8446.0,1
8446.25,0
8454.5,1
8454.75,0
8455.0,1
8455.25,0
8457.5,1
8458.5,0
8458.75,1
8459.25,0
8459.5,1
8459.75,0
8460.0,1
8461.25,0
8461.5,1
8462.5,0
8462.75,1
8464.25,0
8464.5,1
8465.0,0
8465.25,1
8465.5,0
8478.0,1
8478.25,0
8480.25,1
8480.5,0
8481.0,1
8481.75,0
8482.0,1
8485.25,0
8485.75,1
8486.75,0
8487.0,1
8487.75,0
8488.0,1
8488.75,0
8505.25,1
8505.5,0
8505.75,1
8506.5,0
8506.75,1
8508.0,0
8508.25,1
8510.75,0
8511.25,1
8511.5,0
8511.75,1
8512.0,0
8512.25,1
8513.0,0
8513.75,1
8514.0,0
8526.75,1
8527.0,0
8529.0,1
8530.5,0
8530.75,1
8531.0,0
8531.5,1
8532.25,0
8532.75,1
8534.0,0
8534.25,1
8535.0,0
8535.5,1
8536.75,0
8537.0,1
8537.25,0
8541.0,1
8541.25,0
8624.25,1
8625.0,0
8625.25,1
8625.75,0
8626.25,1
8626.75,0
8627.0,1
8628.0,0
8628.25,1
8629.25,0
8629.5,1
8629.75,0
8630.25,1
8632.25,0
8632.75,1
8633.0,0
8646.75,1
8647.25,0
8647.5,1
8647.75,0
8648.0,1
8648.5,0
8649.0,1
8652.25,0
8652.5,1
8653.25,0
8653.5,1
8654.25,0
8654.5,1
8655.25,0
8655.5,1
8657.0,0
8670.25,1
8670.5,0
8672.25,1
8672.5,0
8673.25,1
8673.75,0
8674.0,1
8675.5,0
8675.75,1
8676.75,0
8677.0,1
8677.75,0
8678.25,1
8679.25,0
8679.5,1
8679.75,0
8680.0,1
8681.25,0
8681.75,1
8682.0,0
8686.25,1
8686.5,0
8695.25,1
8695.5,0
8696.25,1
8699.75,0
8700.0,1
8701.25,0
8701.5,1
8702.0,0
8702.75,1
8703.5,0
8703.75,1
8704.25,0
8705.0,1
8705.5,0
