#1


float Room-313 (4145,2)
0.0,0
30.0,1
30.5,0
31.0,1
31.25,0
31.75,1
32.0,0
33.0,1
36.0,0
36.25,1
36.75,0
37.0,1
40.75,0
41.0,1
41.25,0
53.5,1
53.75,0
54.25,1
54.75,0
55.0,1
55.5,0
56.5,1
57.25,0
57.5,1
64.5,0
64.75,1
65.0,0
70.0,1
70.25,0
77.25,1
77.5,0
78.5,1
79.0,0
79.75,1
80.5,0
80.75,1
81.0,0
81.25,1
84.25,0
84.5,1
85.25,0
85.75,1
86.0,0
86.25,1
87.25,0
87.5,1
89.0,0
102.0,1
102.5,0
102.75,1
103.0,0
104.5,1
110.5,0
111.0,1
112.5,0
113.5,1
113.75,0
114.5,1
114.75,0
117.75,1
118.0,0
125.0,1
125.25,0
125.5,1
125.75,0
126.0,1
126.5,0
128.5,1
131.0,0
131.25,1
132.0,0
132.25,1
132.5,0
132.75,1
133.75,0
134.0,1
134.25,0
134.5,1
134.75,0
135.0,1
135.5,0
136.0,1
137.0,0
197.75,1
198.0,0
198.25,1
199.0,0
200.0,1
200.75,0
201.5,1
203.5,0
203.75,1
207.0,0
207.25,1
209.25,0
220.75,1
221.0,0
221.5,1
221.75,0
223.0,1
223.25,0
224.0,1
226.0,0
226.25,1
227.75,0
228.0,1
228.25,0
228.5,1
229.0,0
229.5,1
233.0,0
233.25,1
233.75,0
237.25,1
237.5,0
246.25,1
248.0,0
248.25,1
248.5,0
248.75,1
252.0,0
252.25,1
252.5,0
252.75,1
256.0,0
256.25,1
257.0,0
257.25,1
257.5,0
270.25,1
270.5,0
271.0,1
271.25,0
271.75,1
272.5,0
273.0,1
273.25,0
273.5,1
274.5,0
274.75,1
276.25,0
276.5,1
279.0,0
279.25,1
279.5,0
279.75,1
281.0,0
288.0,1
288.25,0
293.75,1
294.75,0
295.25,1
295.5,0
295.75,1
296.25,0
297.0,1
297.25,0
297.5,1
297.75,0
298.25,1
302.5,0
302.75,1
303.0,0
303.25,1
304.5,0
304.75,1
305.0,0
305.5,1
305.75,0
306.0,1
306.25,0
308.75,1
309.0,0
366.25,1
367.0,0
368.75,1
369.25,0
369.75,1
371.0,0
371.25,1
372.0,0
372.25,1
375.75,0
376.0,1
377.5,0
389.25,1
389.5,0
390.0,1
390.75,0
393.0,1
396.5,0
397.25,1
399.0,0
399.25,1
400.0,0
400.5,1
401.25,0
437.5,1
437.75,0
438.0,1
438.25,0
439.0,1
439.25,0
439.75,1
440.0,0
440.25,1
440.5,0
440.75,1
441.5,0
441.75,1
442.0,0
442.25,1
445.75,0
446.0,1
447.0,0
447.25,1
447.5,0
447.75,1
448.25,0
448.5,1
449.0,0
449.25,1
449.75,0
462.5,1
462.75,0
463.0,1
463.25,0
464.5,1
464.75,0
465.0,1
466.75,0
467.0,1
473.5,0
534.0,1
534.25,0
534.75,1
535.0,0
536.0,1
536.25,0
537.0,1
544.5,0
545.5,1
545.75,0
549.25,1
549.5,0
550.0,1
550.25,0
557.25,1
557.75,0
558.75,1
559.0,0
560.5,1
560.75,0
561.0,1
561.25,0
561.5,1
564.0,0
564.25,1
565.5,0
565.75,1
566.0,0
566.25,1
566.75,0
567.0,1
567.5,0
567.75,1
569.0,0
573.0,1
573.25,0
581.75,1
582.0,0
582.25,1
582.75,0
584.5,1
584.75,0
585.0,1
585.25,0
585.5,1
588.5,0
588.75,1
589.0,0
589.25,1
592.5,0
592.75,1
593.0,0
593.25,1
593.5,0
606.0,1
606.5,0
607.25,1
607.5,0
608.0,1
608.25,0
608.5,1
608.75,0
609.0,1
609.5,0
609.75,1
611.25,0
611.5,1
613.5,0
614.0,1
617.25,0
617.5,1
618.0,0
622.0,1
622.25,0
629.5,1
629.75,0
630.25,1
630.5,0
630.75,1
631.0,0
631.5,1
631.75,0
633.0,1
634.5,0
634.75,1
635.75,0
636.75,1
637.25,0
637.5,1
638.75,0
639.0,1
639.25,0
639.5,1
641.25,0
645.25,1
645.5,0
702.0,1
702.25,0
702.5,1
702.75,0
703.0,1
704.0,0
704.5,1
704.75,0
705.0,1
709.75,0
710.0,1
711.0,0
711.25,1
711.5,0
711.75,1
713.25,0
726.0,1
726.25,0
726.5,1
726.75,0
727.5,1
727.75,0
728.75,1
729.5,0
729.75,1
730.25,0
730.5,1
734.25,0
734.5,1
735.75,0
736.0,1
736.75,0
737.0,1
737.5,0
740.25,1
740.5,0
749.75,1
750.5,0
750.75,1
751.0,0
751.5,1
752.0,0
753.0,1
756.0,0
756.25,1
757.5,0
758.0,1
758.75,0
759.0,1
761.0,0
761.5,1
761.75,0
765.75,1
766.0,0
773.25,1
775.0,0
775.5,1
776.25,0
776.5,1
777.25,0
777.5,1
782.75,0
783.0,1
784.25,0
784.5,1
785.5,0
797.25,1
798.0,0
798.25,1
798.5,0
799.25,1
799.5,0
800.5,1
801.0,0
801.25,1
806.0,0
806.25,1
806.75,0
807.0,1
809.0,0
809.25,1
809.5,0
870.25,1
870.75,0
871.0,1
871.25,0
873.0,1
876.5,0
876.75,1
878.75,0
879.0,1
881.0,0
881.25,1
881.5,0
893.5,1
893.75,0
894.0,1
894.25,0
895.25,1
895.5,0
895.75,1
896.0,0
897.0,1
897.25,0
897.5,1
900.25,0
900.5,1
901.75,0
902.0,1
903.0,0
903.25,1
903.75,0
904.0,1
904.75,0
905.0,1
906.0,0
908.5,1
908.75,0
917.0,1
917.25,0
917.5,1
917.75,0
918.0,1
918.5,0
919.0,1
919.25,0
919.75,1
920.0,0
920.5,1
920.75,0
921.0,1
924.25,0
924.5,1
925.75,0
926.0,1
928.0,0
928.25,1
929.0,0
941.75,1
942.0,0
942.25,1
942.75,0
943.25,1
943.5,0
945.0,1
948.75,0
949.0,1
949.5,0
949.75,1
950.0,0
950.25,1
952.5,0
952.75,1
953.0,0
955.25,1
955.5,0
958.0,1
958.25,0
965.5,1
965.75,0
966.0,1
966.25,0
966.5,1
966.75,0
968.5,1
968.75,0
969.0,1
977.25,0
977.5,1
977.75,0
981.75,1
982.0,0
1037.25,1
1037.5,0
1037.75,1
1039.0,0
1039.25,1
1040.0,0
1040.5,1
1044.75,0
1045.0,1
1047.25,0
1047.75,1
1049.0,0
1049.25,1
1049.5,0
1049.75,1
1050.0,0
1052.25,1
1052.5,0
1053.0,1
1053.25,0
1061.5,1
1062.0,0
1062.25,1
1062.75,0
1064.25,1
1064.5,0
1065.0,1
1070.75,0
1071.0,1
1072.5,0
1072.75,1
1073.0,0
1073.25,1
1073.5,0
1077.25,1
1077.5,0
1109.75,1
1110.0,0
1110.25,1
1110.5,0
1111.25,1
1111.5,0
1112.0,1
1112.25,0
1112.5,1
1112.75,0
1113.0,1
1119.75,0
1120.25,1
1120.75,0
1121.0,1
1121.25,0
1121.75,1
1122.0,0
1124.75,1
1125.0,0
1125.25,1
1125.5,0
1133.0,1
1134.0,0
1134.25,1
1134.5,0
1135.0,1
1135.25,0
1135.5,1
1136.25,0
1137.0,1
1139.25,0
1139.5,1
1142.0,0
1142.25,1
1142.5,0
1142.75,1
1143.25,0
1143.5,1
1144.5,0
1144.75,1
1145.75,0
1204.5,1
1204.75,0
1206.0,1
1206.5,0
1208.0,1
1208.25,0
1208.5,1
1209.25,0
1209.75,1
1210.75,0
1211.0,1
1213.75,0
1214.0,1
1215.5,0
1215.75,1
1217.5,0
1230.0,1
1230.75,0
1231.0,1
1231.5,0
1232.25,1
1232.5,0
1232.75,1
1233.0,0
1233.25,1
1234.5,0
1234.75,1
1239.5,0
1239.75,1
1241.25,0
1244.25,1
1244.5,0
1253.0,1
1253.25,0
1253.75,1
1254.25,0
1254.75,1
1255.0,0
1255.5,1
1255.75,0
1256.5,1
1256.75,0
1257.0,1
1261.75,0
1262.0,1
1262.75,0
1263.0,1
1265.0,0
1270.25,1
1270.5,0
1277.5,1
1278.25,0
1278.75,1
1279.0,0
1279.75,1
1280.0,0
1280.5,1
1281.0,0
1281.5,1
1283.25,0
1283.5,1
1284.0,0
1284.75,1
1287.75,0
1288.0,1
1289.0,0
1292.5,1
1292.75,0
1294.0,1
1294.25,0
1301.5,1
1301.75,0
1302.75,1
1303.25,0
1303.5,1
1303.75,0
1304.0,1
1304.25,0
1305.0,1
1305.25,0
1305.5,1
1308.25,0
1308.5,1
1311.0,0
1311.25,1
1312.5,0
1312.75,1
1313.0,0
1316.5,1
1316.75,0
1374.0,1
1374.5,0
1377.0,1
1377.5,0
1377.75,1
1379.0,0
1379.5,1
1380.0,0
1380.25,1
1385.0,0
1388.25,1
1388.5,0
1389.75,1
1390.0,0
1397.25,1
1398.25,0
1399.0,1
1399.5,0
1400.25,1
1400.5,0
1400.75,1
1404.0,0
1404.25,1
1404.75,0
1405.0,1
1409.5,0
1409.75,1
1410.0,0
1421.75,1
1422.0,0
1422.25,1
1422.75,0
1425.25,1
1425.75,0
1426.0,1
1428.25,0
1428.5,1
1431.25,0
1431.5,1
1433.25,0
1437.25,1
1437.5,0
1445.5,1
1445.75,0
1446.0,1
1446.25,0
1447.0,1
1448.25,0
1449.0,1
1452.5,0
1452.75,1
1455.0,0
1455.5,1
1456.0,0
1456.25,1
1457.25,0
1457.5,1
1457.75,0
1469.25,1
1469.75,0
1470.25,1
1470.5,0
1471.25,1
1471.75,0
1473.0,1
1477.0,0
1477.25,1
1478.75,0
1479.0,1
1481.25,0
1541.5,1
1541.75,0
1542.0,1
1542.5,0
1543.5,1
1543.75,0
1544.5,1
1544.75,0
1545.0,1
1545.25,0
1545.5,1
1547.25,0
1547.5,1
1548.5,0
1548.75,1
1549.25,0
1549.5,1
1551.75,0
1552.0,1
1552.75,0
1553.0,1
1553.5,0
1566.25,1
1567.25,0
1569.0,1
1569.5,0
1569.75,1
1575.25,0
1575.5,1
1576.0,0
1576.25,1
1576.75,0
1577.5,1
1577.75,0
1580.5,1
1580.75,0
1589.25,1
1589.5,0
1590.5,1
1591.0,0
1591.25,1
1592.0,0
1592.25,1
1592.75,0
1593.5,1
1596.25,0
1596.75,1
1600.0,0
1600.25,1
1601.0,0
1604.5,1
1605.0,0
1613.5,1
1613.75,0
1614.5,1
1614.75,0
1615.0,1
1616.0,0
1616.5,1
1620.25,0
1620.75,1
1621.25,0
1621.5,1
1622.25,0
1622.5,1
1625.0,0
1629.0,1
1629.25,0
1637.75,1
1638.0,0
1638.25,1
1638.5,0
1638.75,1
1639.0,0
1639.5,1
1639.75,0
1640.75,1
1641.25,0
1641.75,1
1649.25,0
1649.5,1
1649.75,0
1653.5,1
1653.75,0
1709.75,1
1710.0,0
1710.75,1
1711.0,0
1712.0,1
1712.25,0
1712.5,1
1712.75,0
1713.0,1
1716.0,0
1716.25,1
1717.25,0
1717.5,1
1717.75,0
1718.0,1
1718.25,0
1718.5,1
1721.25,0
1721.5,1
1721.75,0
1733.25,1
1733.75,0
1734.0,1
1734.25,0
1736.5,1
1740.25,0
1740.5,1
1741.0,0
1741.25,1
1742.75,0
1743.0,1
1743.75,0
1744.0,1
1745.25,0
1745.75,1
1746.0,0
1757.5,1
1757.75,0
1758.0,1
1758.5,0
1761.0,1
1763.0,0
1763.5,1
1764.25,0
1764.5,1
1765.0,0
1765.25,1
1765.75,0
1766.0,1
1769.0,0
1770.0,1
1770.25,0
1781.5,1
1781.75,0
1782.0,1
1782.25,0
1782.75,1
1783.5,0
1784.75,1
1785.25,0
1785.5,1
1786.75,0
1787.0,1
1788.75,0
1789.0,1
1790.0,0
1790.25,1
1791.5,0
1791.75,1
1793.5,0
1806.5,1
1807.0,0
1807.25,1
1807.5,0
1808.75,1
1810.0,0
1810.25,1
1811.25,0
1811.5,1
1813.25,0
1813.5,1
1815.5,0
1815.75,1
1817.5,0
1821.0,1
1821.25,0
1877.25,1
1877.5,0
1878.25,1
1878.5,0
1879.0,1
1879.25,0
1880.0,1
1880.5,0
1881.0,1
1882.0,0
1882.25,1
1883.25,0
1883.5,1
1884.0,0
1884.25,1
1884.5,0
1885.25,1
1886.0,0
1886.25,1
1887.75,0
1888.0,1
1888.5,0
1888.75,1
1889.5,0
1892.5,1
1892.75,0
1902.0,1
1902.25,0
1902.5,1
1902.75,0
1903.25,1
1903.5,0
1905.0,1
1905.25,0
1905.5,1
1908.5,0
1908.75,1
1909.5,0
1909.75,1
1913.0,0
1915.75,1
1916.25,0
1925.75,1
1926.25,0
1926.5,1
1927.0,0
1928.5,1
1928.75,0
1929.25,1
1929.75,0
1930.0,1
1936.5,0
1936.75,1
1937.0,0
1949.5,1
1949.75,0
1950.25,1
1950.5,0
1952.5,1
1961.25,0
1964.25,1
1964.5,0
1965.5,1
1965.75,0
1973.75,1
1974.0,0
1974.5,1
1975.0,0
1975.75,1
1976.0,0
1976.5,1
1978.5,0
1978.75,1
1979.0,0
1979.25,1
1979.75,0
1980.0,1
1984.0,0
1984.25,1
1985.25,0
2046.0,1
2046.25,0
2046.5,1
2047.0,0
2048.0,1
2048.25,0
2048.75,1
2052.75,0
2053.0,1
2054.5,0
2054.75,1
2056.0,0
2056.25,1
2057.5,0
2057.75,1
2058.0,0
2070.25,1
2071.25,0
2071.75,1
2072.0,0
2072.5,1
2072.75,0
2073.0,1
2074.5,0
2074.75,1
2075.5,0
2075.75,1
2077.25,0
2077.5,1
2078.75,0
2079.0,1
2079.25,0
2079.5,1
2080.75,0
2081.25,1
2081.5,0
2093.25,1
2093.5,0
2094.0,1
2094.5,0
2095.0,1
2095.25,0
2095.75,1
2096.0,0
2096.25,1
2097.25,0
2097.5,1
2099.75,0
2100.0,1
2101.0,0
2101.25,1
2102.75,0
2103.0,1
2103.5,0
2103.75,1
2104.5,0
2104.75,1
2105.0,0
2105.5,1
2105.75,0
2108.5,1
2109.0,0
2117.5,1
2117.75,0
2118.0,1
2119.0,0
2119.25,1
2119.75,0
2120.0,1
2120.25,0
2120.75,1
2122.25,0
2122.5,1
2125.75,0
2126.0,1
2128.5,0
2128.75,1
2129.75,0
2141.75,1
2142.25,0
2142.5,1
2143.0,0
2143.25,1
2143.5,0
2144.0,1
2144.25,0
2145.25,1
2145.5,0
2145.75,1
2149.25,0
2149.5,1
2153.5,0
2213.75,1
2214.0,0
2214.5,1
2215.0,0
2215.25,1
2215.5,0
2216.5,1
2221.25,0
2221.5,1
2225.5,0
2228.75,1
2229.25,0
2237.25,1
2237.75,0
2239.0,1
2239.25,0
2240.25,1
2241.25,0
2241.5,1
2244.75,0
2245.5,1
2246.0,0
2246.25,1
2247.5,0
2247.75,1
2248.0,0
2248.5,1
2248.75,0
2249.25,1
2249.5,0
2252.5,1
2252.75,0
2261.75,1
2262.25,0
2262.5,1
2262.75,0
2265.0,1
2266.75,0
2267.0,1
2268.75,0
2269.0,1
2270.75,0
2271.0,1
2272.5,0
2285.5,1
2286.0,0
2286.75,1
2287.25,0
2287.5,1
2288.5,0
2288.75,1
2289.0,0
2289.5,1
2295.25,0
2295.5,1
2296.0,0
2296.25,1
2297.5,0
2300.25,1
2300.5,0
2310.0,1
2310.25,0
2310.75,1
2311.25,0
2311.5,1
2311.75,0
2312.75,1
2320.75,0
2321.0,1
2321.25,0
2382.25,1
2382.75,0
2383.0,1
2383.25,0
2384.0,1
2388.0,0
2388.5,1
2389.75,0
2390.0,1
2392.5,0
2392.75,1
2393.25,0
2405.5,1
2405.75,0
2406.0,1
2406.25,0
2407.0,1
2407.5,0
2408.25,1
2408.75,0
2409.25,1
2411.0,0
2411.25,1
2412.75,0
2413.0,1
2414.0,0
2414.25,1
2414.5,0
2414.75,1
2417.0,0
2420.0,1
2420.25,0
2429.5,1
2430.0,0
2430.25,1
2430.5,0
2430.75,1
2431.0,0
2431.5,1
2431.75,0
2432.0,1
2432.5,0
2432.75,1
2436.25,0
2436.5,1
2439.0,0
2439.25,1
2441.5,0
2444.0,1
2444.25,0
2453.75,1
2454.0,0
2454.25,1
2454.5,0
2455.5,1
2455.75,0
2457.0,1
2459.75,0
2460.0,1
2460.25,0
2460.75,1
2461.25,0
2461.5,1
2465.0,0
2465.25,1
2465.5,0
2468.25,1
2468.5,0
2477.75,1
2478.0,0
2478.5,1
2479.0,0
2479.25,1
2479.5,0
2481.0,1
2487.25,0
2487.5,1
2487.75,0
2488.0,1
2488.5,0
2488.75,1
2489.5,0
2549.5,1
2549.75,0
2550.0,1
2550.25,0
2550.75,1
2551.0,0
2551.5,1
2551.75,0
2553.0,1
2555.25,0
2555.5,1
2558.5,0
2559.0,1
2559.25,0
2559.75,1
2561.0,0
2561.25,1
2561.5,0
2574.25,1
2574.75,0
2575.25,1
2576.0,0
2576.5,1
2576.75,0
2577.0,1
2578.25,0
2578.5,1
2580.5,0
2581.25,1
2581.75,0
2582.0,1
2585.0,0
2585.25,1
2585.5,0
2589.0,1
2589.25,0
2597.75,1
2598.25,0
2598.5,1
2599.0,0
2599.75,1
2600.0,0
2600.5,1
2604.5,0
2605.25,1
2608.25,0
2608.5,1
2609.25,0
2613.25,1
2613.5,0
2622.75,1
2623.0,0
2623.25,1
2623.5,0
2624.0,1
2624.75,0
2625.25,1
2625.5,0
2625.75,1
2632.75,0
2633.25,1
2633.5,0
2645.0,1
2645.25,0
2645.75,1
2646.0,0
2646.25,1
2647.25,0
2648.5,1
2648.75,0
2649.0,1
2652.25,0
2652.5,1
2654.5,0
2654.75,1
2655.25,0
2655.5,1
2657.0,0
2657.25,1
2657.75,0
2662.5,1
2662.75,0
2717.5,1
2717.75,0
2718.0,1
2718.25,0
2718.5,1
2719.0,0
2720.0,1
2720.25,0
2720.5,1
2721.5,0
2721.75,1
2725.5,0
2725.75,1
2728.75,0
2729.0,1
2729.25,0
2733.0,1
2733.25,0
2741.5,1
2741.75,0
2742.5,1
2743.0,0
2743.25,1
2744.0,0
2744.25,1
2744.5,0
2744.75,1
2749.0,0
2749.25,1
2752.5,0
2752.75,1
2753.0,0
2765.0,1
2765.25,0
2765.5,1
2765.75,0
2766.0,1
2766.25,0
2768.5,1
2768.75,0
2769.0,1
2773.25,0
2773.5,1
2774.0,0
2774.25,1
2774.5,0
2774.75,1
2775.0,0
2775.25,1
2776.0,0
2776.25,1
2776.5,0
2776.75,1
2777.5,0
2790.0,1
2790.5,0
2790.75,1
2791.0,0
2792.0,1
2792.25,0
2792.5,1
2793.25,0
2793.5,1
2795.5,0
2795.75,1
2797.25,0
2797.5,1
2799.5,0
2799.75,1
2800.75,0
2801.0,1
2801.5,0
2801.75,1
2802.0,0
2805.0,1
2805.25,0
2805.75,1
2806.0,0
2813.0,1
2813.25,0
2813.5,1
2813.75,0
2814.0,1
2814.25,0
2814.5,1
2815.0,0
2815.25,1
2816.0,0
2816.25,1
2816.5,0
2817.0,1
2817.25,0
2817.5,1
2824.75,0
2829.0,1
2829.25,0
2829.5,1
2829.75,0
2886.0,1
2886.25,0
2886.5,1
2887.0,0
2888.0,1
2888.25,0
2889.0,1
2896.0,0
2896.25,1
2897.5,0
2900.75,1
2901.0,0
2909.25,1
2909.5,0
2910.25,1
2911.0,0
2912.0,1
2912.25,0
2912.5,1
2912.75,0
2913.0,1
2916.0,0
2916.5,1
2921.0,0
2934.0,1
2935.5,0
2936.25,1
2936.5,0
2936.75,1
2938.0,0
2938.25,1
2939.0,0
2939.25,1
2940.5,0
2940.75,1
2945.25,0
2957.75,1
2958.25,0
2958.75,1
2959.0,0
2959.25,1
2959.5,0
2960.0,1
2964.75,0
2965.0,1
2965.75,0
2966.25,1
2969.0,0
2974.25,1
2974.5,0
2981.0,1
2981.25,0
2982.5,1
2982.75,0
2984.0,1
2984.25,0
2984.5,1
2985.5,0
2985.75,1
2989.0,0
2989.25,1
2990.0,0
2990.25,1
2991.0,0
2991.25,1
2992.0,0
2992.25,1
2992.75,0
2993.0,1
2993.25,0
2996.75,1
2997.0,0
3054.0,1
3054.25,0
3054.75,1
3055.0,0
3055.25,1
3055.75,0
3057.25,1
3059.25,0
3059.5,1
3062.5,0
3062.75,1
3063.25,0
3063.5,1
3064.0,0
3064.25,1
3065.25,0
3066.0,1
3066.25,0
3068.5,1
3068.75,0
3070.0,1
3070.25,0
3074.0,1
3074.25,0
3075.0,1
3075.25,0
3077.5,1
3077.75,0
3078.25,1
3078.5,0
3080.25,1
3081.5,0
3081.75,1
3083.5,0
3083.75,1
3084.5,0
3084.75,1
3088.5,0
3088.75,1
3089.0,0
3089.25,1
3089.5,0
3091.0,1
3091.25,0
3101.0,1
3101.25,0
3101.5,1
3101.75,0
3102.25,1
3102.5,0
3102.75,1
3103.0,0
3103.75,1
3104.0,0
3104.5,1
3107.5,0
3107.75,1
3110.25,0
3110.5,1
3111.5,0
3111.75,1
3112.5,0
3113.25,1
3113.5,0
3116.0,1
3116.25,0
3127.0,1
3127.25,0
3128.0,1
3128.75,0
3129.0,1
3130.25,0
3130.5,1
3134.0,0
3134.25,1
3137.0,0
3137.25,1
3137.5,0
3140.0,1
3140.25,0
3141.0,1
3141.25,0
3141.75,1
3142.0,0
3149.5,1
3149.75,0
3150.25,1
3150.75,0
3151.5,1
3152.25,0
3152.5,1
3152.75,0
3153.25,1
3160.75,0
3161.0,1
3161.25,0
3161.5,1
3161.75,0
3221.25,1
3221.5,0
3221.75,1
3222.25,0
3223.0,1
3223.25,0
3225.0,1
3228.25,0
3228.5,1
3229.5,0
3229.75,1
3233.0,0
3245.5,1
3246.0,0
3246.75,1
3247.0,0
3247.25,1
3248.0,0
3248.5,1
3248.75,0
3249.0,1
3249.5,0
3249.75,1
3254.0,0
3254.25,1
3255.25,0
3255.5,1
3256.5,0
3256.75,1
3257.5,0
3261.5,1
3261.75,0
3269.75,1
3270.5,0
3271.0,1
3271.75,0
3273.25,1
3277.25,0
3277.75,1
3279.0,0
3279.25,1
3280.75,0
3281.0,1
3281.5,0
3293.5,1
3294.5,0
3294.75,1
3295.0,0
3295.25,1
3295.5,0
3295.75,1
3296.0,0
3296.5,1
3298.25,0
3298.5,1
3304.75,0
3305.25,1
3305.5,0
3318.0,1
3318.5,0
3320.0,1
3320.75,0
3321.0,1
3324.5,0
3325.0,1
3325.75,0
3326.25,1
3328.75,0
3329.0,1
3329.25,0
3389.5,1
3389.75,0
3390.5,1
3390.75,0
3391.0,1
3391.5,0
3391.75,1
3392.0,0
3393.0,1
3394.75,0
3395.0,1
3396.0,0
3396.25,1
3399.0,0
3399.25,1
3400.5,0
3400.75,1
3401.0,0
3401.25,1
3401.5,0
3405.0,1
3405.25,0
3413.5,1
3413.75,0
3414.0,1
3414.25,0
3414.75,1
3415.0,0
3415.5,1
3415.75,0
3416.25,1
3419.0,0
3419.25,1
3419.5,0
3419.75,1
3420.5,0
3421.0,1
3421.25,0
3421.5,1
3425.25,0
3425.5,1
3425.75,0
3427.75,1
3428.0,0
3428.75,1
3429.0,0
3437.75,1
3438.0,0
3438.25,1
3438.5,0
3440.5,1
3440.75,0
3441.0,1
3443.0,0
3443.25,1
3443.5,0
3443.75,1
3444.75,0
3445.0,1
3449.5,0
3461.0,1
3461.25,0
3461.75,1
3462.25,0
3462.5,1
3462.75,0
3463.0,1
3463.5,0
3465.0,1
3465.5,0
3465.75,1
3468.0,0
3468.25,1
3468.75,0
3469.0,1
3470.0,0
3470.25,1
3473.5,0
3485.5,1
3486.0,0
3486.25,1
3487.0,0
3487.5,1
3488.0,0
3488.5,1
3488.75,0
3489.25,1
3492.75,0
3493.0,1
3497.25,0
3557.75,1
3558.25,0
3558.75,1
3559.0,0
3559.25,1
3559.75,0
3560.25,1
3562.5,0
3562.75,1
3565.25,0
3565.5,1
3569.75,0
3606.0,1
3606.5,0
3606.75,1
3607.0,0
3608.5,1
3609.0,0
3609.5,1
3610.5,0
3610.75,1
3613.75,0
3614.0,1
3616.0,0
3616.25,1
3616.75,0
3621.0,1
3621.25,0
3630.25,1
3630.5,0
3631.0,1
3631.5,0
3631.75,1
3632.0,0
3632.5,1
3632.75,0
3633.0,1
3633.25,0
3633.5,1
3636.5,0
3636.75,1
3638.0,0
3638.25,1
3640.75,0
3641.0,1
3641.25,0
3644.5,1
3644.75,0
3645.25,1
3645.5,0
3652.75,1
3653.0,0
3653.25,1
3654.0,0
3656.75,1
3661.0,0
3661.25,1
3665.0,0
3665.25,1
3665.5,0
3725.75,1
3726.0,0
3728.25,1
3729.25,0
3729.5,1
3734.25,0
3734.5,1
3736.0,0
3736.25,1
3737.0,0
3737.25,1
3737.75,0
3740.75,1
3741.0,0
3749.75,1
3750.75,0
3752.5,1
3752.75,0
3753.5,1
3755.25,0
3755.5,1
3756.5,0
3756.75,1
3758.25,0
3758.5,1
3760.25,0
3760.5,1
3761.25,0
3774.25,1
3774.5,0
3776.0,1
3776.5,0
3776.75,1
3781.0,0
3781.25,1
3783.25,0
3783.75,1
3784.5,0
3784.75,1
3785.5,0
3798.0,1
3798.75,0
3799.25,1
3799.5,0
3800.0,1
3800.25,0
3800.75,1
3807.5,0
3807.75,1
3808.25,0
3808.5,1
3808.75,0
3809.0,1
3809.25,0
3809.5,1
3809.75,0
3821.75,1
3822.0,0
3822.25,1
3822.5,0
3822.75,1
3823.0,0
3824.0,1
3824.25,0
3824.5,1
3827.25,0
3827.5,1
3829.0,0
3829.25,1
3833.5,0
3836.0,1
3836.25,0
3837.5,1
3837.75,0
3893.5,1
3894.0,0
3894.5,1
3895.75,0
3896.25,1
3896.5,0
3897.25,1
3897.75,0
3898.0,1
3902.0,0
3902.25,1
3905.0,0
3917.5,1
3918.0,0
3918.5,1
3918.75,0
3920.5,1
3921.25,0
3921.5,1
3922.25,0
3922.5,1
3924.25,0
3924.5,1
3928.75,0
3929.25,1
3929.5,0
3933.25,1
3933.5,0
3942.25,1
3943.0,0
3945.0,1
3945.5,0
3945.75,1
3947.5,0
3947.75,1
3949.5,0
3949.75,1
3951.25,0
3951.5,1
3952.75,0
3953.25,1
3953.5,0
3965.5,1
3965.75,0
3966.0,1
3966.5,0
3966.75,1
3967.25,0
3967.5,1
3968.0,0
3969.25,1
3971.5,0
3971.75,1
3972.25,0
3972.5,1
3976.25,0
3976.5,1
3976.75,0
3977.5,1
3977.75,0
3981.25,1
3981.5,0
3990.0,1
3990.25,0
3990.5,1
3990.75,0
3991.5,1
3992.25,0
3992.5,1
3992.75,0
3993.0,1
3993.25,0
3993.75,1
3996.75,0
3997.0,1
3998.5,0
3998.75,1
4000.25,0
4000.5,1
4001.0,0
4001.75,1
4002.0,0
4004.5,1
4004.75,0
4062.25,1
4062.75,0
4063.25,1
4063.5,0
4063.75,1
4064.25,0
4065.0,1
4068.5,0
4069.0,1
4070.5,0
4070.75,1
4071.25,0
4071.5,1
4073.5,0
4076.5,1
4076.75,0
4078.25,1
4078.5,0
4086.25,1
4086.75,0
4087.5,1
4087.75,0
4088.5,1
4088.75,0
4089.0,1
4092.25,0
4092.5,1
4093.0,0
4093.25,1
4095.0,0
4095.5,1
4097.5,0
4102.75,1
4103.0,0
4109.5,1
4109.75,0
4110.25,1
4110.75,0
4111.25,1
4111.5,0
4111.75,1
4112.0,0
4112.5,1
4113.25,0
4113.5,1
4114.25,0
4114.5,1
4117.0,0
4117.25,1
4118.25,0
4118.5,1
4120.0,0
4120.25,1
4120.75,0
4121.0,1
4121.25,0
4123.5,1
4123.75,0
4125.0,1
4125.25,0
4134.25,1
4135.0,0
4135.25,1
4135.5,0
4136.0,1
4136.5,0
4137.5,1
4141.0,0
4141.25,1
4142.5,0
4142.75,1
4143.0,0
4143.25,1
4145.25,0
4147.75,1
4148.0,0
4156.75,1
4157.0,0
4158.0,1
4158.25,0
4161.25,1
4162.5,0
4162.75,1
4164.25,0
4164.5,1
4165.25,0
4165.5,1
4166.75,0
4167.25,1
4169.25,0
4230.0,1
4230.5,0
4230.75,1
4231.0,0
4231.75,1
4232.75,0
4233.25,1
4237.75,0
4238.25,1
4240.5,0
4240.75,1
4241.0,0
4254.25,1
4254.5,0
4255.0,1
4255.25,0
4256.0,1
4256.25,0
4256.5,1
4256.75,0
4257.0,1
4257.25,0
4257.5,1
4258.5,0
4258.75,1
4264.25,0
4264.5,1
4264.75,0
4265.0,1
4265.5,0
4271.25,1
4271.5,0
4277.5,1
4277.75,0
4278.25,1
4278.5,0
4278.75,1
4279.0,0
4279.25,1
4280.0,0
4281.25,1
4282.75,0
4283.0,1
4287.75,0
4288.0,1
4289.0,0
4301.25,1
4302.0,0
4302.25,1
4302.5,0
4302.75,1
4303.0,0
4303.5,1
4303.75,0
4305.0,1
4306.0,0
4306.25,1
4307.0,0
4307.25,1
4307.5,0
4307.75,1
4312.75,0
4313.0,1
4313.5,0
4325.5,1
4325.75,0
4326.0,1
4326.75,0
4329.5,1
4329.75,0
4330.0,1
4331.5,0
4331.75,1
4337.5,0
4398.25,1
4398.5,0
4398.75,1
4399.0,0
4399.5,1
4400.0,0
4400.75,1
4401.5,0
4401.75,1
4402.25,0
4402.5,1
4404.5,0
4404.75,1
4405.25,0
4405.5,1
4406.25,0
4406.5,1
4408.75,0
4409.0,1
4409.25,0
4445.75,1
4446.0,0
4446.25,1
4447.5,0
4447.75,1
4448.0,0
4448.5,1
4452.0,0
4452.25,1
4455.0,0
4455.25,1
4457.0,0
4462.25,1
4462.5,0
4469.75,1
4470.0,0
4470.25,1
4470.75,0
4471.25,1
4471.5,0
4472.75,1
4476.0,0
4476.25,1
4478.5,0
4478.75,1
4479.5,0
4479.75,1
4480.75,0
4481.0,1
4481.25,0
4481.5,1
4481.75,0
4494.0,1
4494.25,0
4496.25,1
4501.0,0
4501.25,1
4502.25,0
4502.5,1
4502.75,0
4503.25,1
4505.25,0
4509.0,1
4509.25,0
4565.25,1
4565.75,0
4566.25,1
4566.5,0
4566.75,1
4567.75,0
4569.0,1
4572.5,0
4572.75,1
4575.5,0
4575.75,1
4576.5,0
4576.75,1
4577.0,0
4577.75,1
4578.0,0
4581.0,1
4581.25,0
4590.5,1
4590.75,0
4591.0,1
4591.25,0
4591.75,1
4592.0,0
4593.25,1
4597.0,0
4597.25,1
4597.75,0
4598.0,1
4599.75,0
4600.0,1
4600.25,0
4600.5,1
4600.75,0
4601.5,1
4601.75,0
4614.25,1
4615.25,0
4617.0,1
4622.5,0
4622.75,1
4624.75,0
4625.0,1
4625.25,0
4625.5,1
4625.75,0
4637.5,1
4638.0,0
4638.5,1
4638.75,0
4639.0,1
4639.75,0
4640.25,1
4640.5,0
4641.0,1
4642.5,0
4642.75,1
4643.25,0
4643.5,1
4644.75,0
4645.0,1
4646.25,0
4646.5,1
4649.0,0
4649.25,1
4649.5,0
4651.5,1
4651.75,0
4653.5,1
4653.75,0
4662.25,1
4662.5,0
4662.75,1
4663.0,0
4663.25,1
4664.0,0
4664.25,1
4664.5,0
4665.25,1
4673.5,0
4673.75,1
4674.0,0
4734.25,1
4734.75,0
4736.0,1
4736.5,0
4737.0,1
4737.5,0
4737.75,1
4743.25,0
4743.5,1
4745.0,0
4758.25,1
4758.75,0
4759.0,1
4759.25,0
4759.5,1
4759.75,0
4760.25,1
4760.5,0
4760.75,1
4761.25,0
4761.75,1
4763.5,0
4763.75,1
4766.5,0
4767.0,1
4768.5,0
4768.75,1
4769.0,0
4769.25,1
4769.5,0
4781.25,1
4782.25,0
4782.75,1
4783.0,0
4785.0,1
4788.5,0
4789.0,1
4789.5,0
4789.75,1
4790.25,0
4790.5,1
4791.0,0
4791.25,1
4793.5,0
4805.5,1
4806.0,0
4807.0,1
4807.25,0
4807.5,1
4807.75,0
4808.0,1
4810.25,0
4810.5,1
4811.25,0
4811.5,1
4813.25,0
4813.5,1
4814.0,0
4814.25,1
4816.5,0
4816.75,1
4817.0,0
4817.25,1
4817.5,0
4830.0,1
4830.25,0
4830.5,1
4831.0,0
4832.5,1
4834.25,0
4834.5,1
4836.0,0
4836.25,1
4836.5,0
4836.75,1
4837.0,0
4837.25,1
4839.0,0
4839.25,1
4841.25,0
4901.5,1
4901.75,0
4902.5,1
4903.75,0
4905.0,1
4905.25,0
4905.5,1
4907.5,0
4907.75,1
4909.25,0
4909.5,1
4910.0,0
4910.25,1
4913.0,0
4913.25,1
4913.5,0
4918.0,1
4918.25,0
4926.0,1
4926.75,0
4927.25,1
4927.5,0
4928.75,1
4929.0,0
4929.5,1
4929.75,0
4930.0,1
4932.75,0
4933.0,1
4933.25,0
4933.5,1
4934.25,0
4934.5,1
4937.0,0
4937.25,1
4937.75,0
4950.0,1
4950.25,0
4950.5,1
4951.0,0
4951.25,1
4951.5,0
4952.5,1
4952.75,0
4953.0,1
4955.25,0
4955.5,1
4958.5,0
4958.75,1
4960.25,0
4960.5,1
4961.0,0
4961.5,1
4961.75,0
4965.75,1
4966.0,0
4973.5,1
4974.0,0
4974.25,1
4974.75,0
4975.25,1
4975.5,0
4975.75,1
4977.5,0
4977.75,1
4979.75,0
4980.0,1
4982.5,0
4982.75,1
4985.0,0
4998.0,1
4998.25,0
4998.75,1
5000.5,0
5000.75,1
5003.5,0
5003.75,1
5005.0,0
5005.25,1
5008.5,0
5008.75,1
5009.5,0
5070.0,1
5070.25,0
5070.5,1
5070.75,0
5071.0,1
5071.25,0
5071.5,1
5071.75,0
5072.0,1
5072.25,0
5072.5,1
5074.25,0
5074.5,1
5076.25,0
5076.5,1
5077.5,0
5077.75,1
5079.5,0
5079.75,1
5081.25,0
5094.0,1
5094.5,0
5094.75,1
5095.25,0
5095.5,1
5095.75,0
5097.0,1
5097.25,0
5097.5,1
5098.0,0
5098.25,1
5100.75,0
5101.0,1
5102.25,0
5102.5,1
5102.75,0
5103.0,1
5104.25,0
5104.5,1
5105.5,0
5109.75,1
5110.25,0
5110.5,1
5110.75,0
5117.0,1
5117.25,0
5118.0,1
5118.5,0
5119.75,1
5120.0,0
5120.5,1
5121.0,0
5121.25,1
5122.0,0
5122.25,1
5123.25,0
5124.0,1
5128.25,0
5128.5,1
5129.5,0
5132.0,1
5132.25,0
5141.75,1
5142.0,0
5142.25,1
5142.75,0
5144.0,1
5145.0,0
5145.25,1
5150.5,0
5150.75,1
5153.0,0
5153.25,1
5153.5,0
5165.75,1
5166.0,0
5166.25,1
5167.0,0
5167.25,1
5167.75,0
5168.0,1
5168.75,0
5169.0,1
5172.25,0
5172.5,1
5173.0,0
5173.25,1
5173.75,0
5174.0,1
5177.0,0
5237.75,1
5238.5,0
5239.5,1
5240.0,0
5240.75,1
5241.25,0
5241.5,1
5242.25,0
5242.5,1
5247.25,0
5247.75,1
5248.0,0
5248.25,1
5249.0,0
5249.25,1
5249.5,0
5249.75,1
5250.0,0
5253.25,1
5253.5,0
5262.0,1
5262.5,0
5262.75,1
5263.0,0
5264.0,1
5264.75,0
5265.0,1
5265.25,0
5265.5,1
5266.5,0
5266.75,1
5267.5,0
5267.75,1
5273.0,0
5286.25,1
5286.75,0
5287.5,1
5287.75,0
5289.0,1
5289.25,0
5289.5,1
5291.75,0
5292.0,1
5292.25,0
5292.5,1
5293.75,0
5294.0,1
5296.75,0
5297.0,1
5297.5,0
5309.75,1
5310.75,0
5311.0,1
5311.25,0
5312.0,1
5313.25,0
5313.5,1
5316.0,0
5316.25,1
5320.5,0
5321.0,1
5321.25,0
5321.75,1
5322.0,0
5333.5,1
5334.0,0
5334.25,1
5334.5,0
5335.0,1
5335.25,0
5335.5,1
5336.0,0
5336.25,1
5336.5,0
5337.0,1
5337.25,0
5337.75,1
5339.75,0
5340.0,1
5342.25,0
5342.5,1
5345.25,0
5406.0,1
5406.5,0
5407.5,1
5408.25,0
5408.5,1
5409.75,0
5410.0,1
5412.75,0
5413.0,1
5415.0,0
5415.25,1
5417.0,0
5422.25,1
5422.5,0
5430.0,1
5430.5,0
5430.75,1
5431.0,0
5432.25,1
5432.5,0
5433.0,1
5435.75,0
5436.0,1
5437.5,0
5437.75,1
5439.25,0
5439.5,1
5441.5,0
5445.5,1
5445.75,0
5453.0,1
5453.5,0
5454.0,1
5454.25,0
5454.5,1
5454.75,0
5455.75,1
5456.25,0
5457.0,1
5457.75,0
5458.0,1
5460.25,0
5460.5,1
5461.75,0
5462.25,1
5465.5,0
5467.75,1
5468.25,0
5469.5,1
5469.75,0
5477.75,1
5478.25,0
5478.5,1
5478.75,0
5479.0,1
5479.5,0
5480.0,1
5480.5,0
5481.0,1
5481.25,0
5481.5,1
5483.75,0
5484.0,1
5484.75,0
5485.0,1
5489.0,0
5489.5,1
5489.75,0
5493.0,1
5493.25,0
5501.75,1
5503.75,0
5504.5,1
5504.75,0
5505.25,1
5508.0,0
5508.5,1
5509.0,0
5509.25,1
5511.0,0
5511.25,1
5512.75,0
5513.0,1
5513.25,0
5515.75,1
5516.0,0
5574.5,1
5574.75,0
5575.5,1
5575.75,0
5577.25,1
5581.0,0
5581.25,1
5585.0,0
5585.25,1
5585.5,0
5598.0,1
5598.75,0
5599.0,1
5600.0,0
5600.5,1
5601.0,0
5601.25,1
5609.0,0
5609.25,1
5609.5,0
5612.5,1
5612.75,0
5613.25,1
5613.5,0
5621.5,1
5622.0,0
5622.25,1
5622.5,0
5623.25,1
5623.5,0
5623.75,1
5624.0,0
5624.5,1
5626.0,0
5626.25,1
5630.0,0
5630.25,1
5632.75,0
5633.0,1
5633.25,0
5645.0,1
5645.25,0
5645.75,1
5646.5,0
5646.75,1
5647.0,0
5647.5,1
5647.75,0
5648.5,1
5655.25,0
5655.5,1
5655.75,0
5656.0,1
5657.25,0
5657.5,1
5657.75,0
5669.25,1
5670.0,0
5670.25,1
5670.5,0
5673.0,1
5674.75,0
5675.0,1
5681.25,0
5741.25,1
5741.75,0
5742.0,1
5742.25,0
5744.0,1
5744.25,0
5745.0,1
5745.25,0
5745.5,1
5748.5,0
5749.0,1
5750.25,0
5750.5,1
5752.5,0
5752.75,1
5753.0,0
5753.5,1
5753.75,0
5755.5,1
5755.75,0
5756.0,1
5756.25,0
5765.75,1
5766.0,0
5766.25,1
5766.5,0
5767.5,1
5768.0,0
5768.5,1
5768.75,0
5769.25,1
5769.5,0
5770.0,1
5772.25,0
5772.5,1
5774.75,0
5775.0,1
5775.5,0
5775.75,1
5776.5,0
5777.0,1
5777.5,0
5780.5,1
5780.75,0
5789.25,1
5789.5,0
5790.5,1
5790.75,0
5792.5,1
5796.25,0
5796.5,1
5797.5,0
5797.75,1
5800.75,0
5801.0,1
5801.5,0
5802.25,1
5802.5,0
5804.0,1
5804.25,0
5805.5,1
5805.75,0
5813.25,1
5813.75,0
5814.0,1
5814.25,0
5814.75,1
5815.0,0
5815.25,1
5815.5,0
5816.5,1
5819.25,0
5819.75,1
5822.75,0
5823.0,1
5825.25,0
5828.75,1
5829.0,0
5835.25,1
5835.5,0
5837.25,1
5837.5,0
5837.75,1
5838.5,0
5840.75,1
5841.25,0
5841.5,1
5842.5,0
5842.75,1
5843.0,0
5843.25,1
5843.75,0
5844.0,1
5849.5,0
5851.25,1
5851.5,0
5909.25,1
5909.75,0
5910.0,1
5910.5,0
5910.75,1
5911.0,0
5911.25,1
5911.5,0
5913.0,1
5913.25,0
5913.5,1
5915.5,0
5915.75,1
5916.5,0
5916.75,1
5917.0,0
5917.25,1
5921.5,0
5957.25,1
5957.5,0
5958.25,1
5958.5,0
5959.0,1
5959.25,0
5959.75,1
5960.0,0
5960.25,1
5960.5,0
5961.25,1
5963.75,0
5964.0,1
5964.25,0
5964.5,1
5964.75,0
5965.0,1
5967.5,0
5967.75,1
5969.0,0
5972.25,1
5972.5,0
5972.75,1
5973.0,0
5982.0,1
5982.75,0
5983.5,1
5984.25,0
5984.5,1
5985.25,0
5985.5,1
5985.75,0
5986.0,1
5986.75,0
5987.0,1
5993.5,0
5997.0,1
5997.25,0
6006.0,1
6006.25,0
6006.5,1
6007.25,0
6007.5,1
6008.0,0
6009.0,1
6012.5,0
6012.75,1
6017.75,0
6021.25,1
6021.75,0
6077.25,1
6077.5,0
6078.0,1
6078.25,0
6078.75,1
6079.0,0
6079.25,1
6079.5,0
6080.0,1
6080.25,0
6080.5,1
6080.75,0
6081.25,1
6086.5,0
6086.75,1
6087.0,0
6087.25,1
6088.0,0
6088.25,1
6089.25,0
6102.0,1
6102.25,0
6102.5,1
6104.0,0
6104.25,1
6105.0,0
6105.25,1
6106.5,0
6106.75,1
6108.25,0
6108.5,1
6110.5,0
6110.75,1
6113.0,0
6117.5,1
6117.75,0
6125.25,1
6125.5,0
6126.25,1
6126.75,0
6129.0,1
6129.25,0
6129.75,1
6134.75,0
6135.0,1
6135.75,0
6136.0,1
6137.25,0
6150.0,1
6150.75,0
6151.0,1
6151.5,0
6152.0,1
6152.5,0
6152.75,1
6153.25,0
6153.5,1
6154.25,0
6154.5,1
6155.75,0
6156.0,1
6156.75,0
6157.0,1
6159.0,0
6159.75,1
6160.75,0
6161.0,1
6161.25,0
6173.5,1
6173.75,0
6174.0,1
6174.25,0
6175.25,1
6175.5,0
6175.75,1
6176.0,0
6177.5,1
6180.0,0
6180.25,1
6180.75,0
6181.0,1
6181.25,0
6181.5,1
6184.5,0
6184.75,1
6185.0,0
6185.5,1
6185.75,0
6189.0,1
6189.25,0
6246.0,1
6246.25,0
6248.0,1
6248.25,0
6248.5,1
6249.5,0
6250.0,1
6252.25,0
6252.5,1
6255.0,0
6255.25,1
6255.5,0
6255.75,1
6256.5,0
6260.25,1
6260.5,0
6270.0,1
6270.75,0
6271.0,1
6271.75,0
6272.5,1
6272.75,0
6273.0,1
6281.25,0
6294.25,1
6294.5,0
6295.0,1
6296.0,0
6296.75,1
6298.25,0
6298.5,1
6303.5,0
6303.75,1
6304.25,0
6304.5,1
6305.75,0
6307.0,1
6307.25,0
6318.0,1
6318.5,0
6319.5,1
6319.75,0
6320.0,1
6320.25,0
6320.75,1
6321.25,0
6321.5,1
6323.75,0
6324.0,1
6324.5,0
6324.75,1
6325.25,0
6325.5,1
6327.75,0
6328.0,1
6329.5,0
6333.5,1
6333.75,0
6341.0,1
6341.25,0
6341.75,1
6342.0,0
6342.25,1
6342.5,0
6344.5,1
6345.0,0
6345.5,1
6349.25,0
6349.5,1
6353.0,0
6413.75,1
6414.0,0
6415.5,1
6415.75,0
6416.75,1
6419.0,0
6419.25,1
6419.5,0
6419.75,1
6420.5,0
6420.75,1
6425.25,0
6437.5,1
6438.25,0
6438.5,1
6440.0,0
6440.5,1
6441.5,0
6441.75,1
6445.25,0
6445.5,1
6449.5,0
6451.25,1
6451.5,0
6451.75,1
6452.0,0
6461.0,1
6461.25,0
6461.5,1
6462.0,0
6463.5,1
6463.75,0
6465.5,1
6467.5,0
6467.75,1
6469.25,0
6469.5,1
6469.75,0
6470.0,1
6471.0,0
6471.25,1
6473.0,0
6476.75,1
6477.0,0
6477.75,1
6478.0,0
6485.75,1
6486.25,0
6486.5,1
6487.0,0
6487.25,1
6487.75,0
6488.0,1
6488.25,0
6488.75,1
6492.0,0
6492.25,1
6497.75,0
6502.5,1
6502.75,0
6509.5,1
6509.75,0
6510.25,1
6510.5,0
6511.5,1
6512.0,0
6512.25,1
6514.25,0
6514.5,1
6518.5,0
6519.0,1
6521.0,0
6581.75,1
6582.0,0
6582.25,1
6582.75,0
6583.5,1
6583.75,0
6584.0,1
6584.25,0
6584.75,1
6590.25,0
6590.5,1
6593.5,0
6594.0,1
6594.25,0
6596.75,1
6597.0,0
6597.5,1
6597.75,0
6598.0,1
6598.25,0
6606.0,1
6606.5,0
6606.75,1
6607.0,0
6608.0,1
6608.25,0
6608.5,1
6609.0,0
6609.25,1
6612.0,0
6612.75,1
6614.25,0
6614.5,1
6615.5,0
6615.75,1
6617.0,0
6621.0,1
6621.25,0
6630.25,1
6630.75,0
6631.0,1
6631.25,0
6631.5,1
6631.75,0
6633.5,1
6638.25,0
6638.5,1
6641.5,0
6641.75,1
6642.0,0
6653.75,1
6654.25,0
6655.0,1
6655.25,0
6655.5,1
6655.75,0
6656.0,1
6656.25,0
6657.0,1
6659.25,0
6659.5,1
6661.75,0
6662.0,1
6665.0,0
6670.75,1
6671.0,0
6672.0,1
6672.25,0
6678.5,1
6679.25,0
6679.75,1
6680.0,0
6681.0,1
6689.0,0
6689.75,1
6690.0,0
6693.75,1
6694.0,0
6750.25,1
6750.75,0
6751.75,1
6752.0,0
6752.75,1
6753.25,0
6753.5,1
6758.75,0
6759.0,1
6761.0,0
6761.25,1
6761.75,0
6797.5,1
6798.0,0
6798.25,1
6798.5,0
6799.0,1
6799.5,0
6800.75,1
6804.5,0
6804.75,1
6805.5,0
6805.75,1
6806.25,0
6806.5,1
6808.5,0
6808.75,1
6809.25,0
6821.5,1
6821.75,0
6822.25,1
6822.75,0
6825.0,1
6826.5,0
6826.75,1
6828.25,0
6828.5,1
6832.0,0
6832.5,1
6832.75,0
6833.0,1
6833.5,0
6845.5,1
6846.25,0
6846.75,1
6847.0,0
6848.0,1
6848.25,0
6848.75,1
6849.0,0
6849.25,1
6856.5,0
6856.75,1
6857.0,0
6918.5,1
6918.75,0
6919.0,1
6919.25,0
6920.75,1
6921.25,0
6921.5,1
6921.75,0
6922.0,1
6924.75,0
6925.0,1
6926.5,0
6926.75,1
6927.75,0
6928.25,1
6928.5,0
6928.75,1
6929.0,0
6929.25,1
6929.5,0
6941.5,1
6941.75,0
6942.25,1
6943.0,0
6943.75,1
6944.0,0
6944.5,1
6945.0,0
6945.5,1
6948.0,0
6948.25,1
6952.5,0
6952.75,1
6953.25,0
6965.75,1
6966.75,0
6967.5,1
6968.0,0
6968.5,1
6968.75,0
6969.0,1
6971.75,0
6972.0,1
6976.75,0
6982.0,1
6982.25,0
6990.25,1
6990.5,0
6991.0,1
6991.25,0
6991.5,1
6991.75,0
6993.25,1
6993.5,0
6993.75,1
6994.0,0
6994.25,1
6996.25,0
6996.5,1
6996.75,0
6997.0,1
6997.5,0
6997.75,1
7000.5,0
7001.0,1
7001.25,0
7014.25,1
7015.0,0
7016.25,1
7020.25,0
7020.5,1
7021.25,0
7021.5,1
7025.0,0
7025.5,1
7025.75,0
7028.5,1
7028.75,0
7086.0,1
7086.5,0
7086.75,1
7087.0,0
7088.5,1
7088.75,0
7089.25,1
7095.5,0
7095.75,1
7096.5,0
7097.0,1
7097.5,0
7109.0,1
7110.0,0
7110.25,1
7110.5,0
7113.0,1
7115.75,0
7116.0,1
7120.25,0
7120.75,1
7121.5,0
7124.0,1
7124.25,0
7125.25,1
7125.5,0
7133.5,1
7134.25,0
7134.5,1
7135.0,0
7135.5,1
7136.0,0
7136.25,1
7136.5,0
7136.75,1
7137.0,0
7137.5,1
7141.0,0
7141.25,1
7143.5,0
7143.75,1
7145.5,0
7158.25,1
7158.75,0
7159.0,1
7160.0,0
7160.5,1
7160.75,0
7161.0,1
7161.25,0
7161.5,1
7165.25,0
7165.75,1
7166.5,0
7166.75,1
7167.75,0
7168.0,1
7168.75,0
7169.0,1
7169.25,0
7169.75,1
7170.0,0
7172.5,1
7172.75,0
7181.5,1
7181.75,0
7182.0,1
7183.0,0
7183.25,1
7183.5,0
7184.0,1
7184.25,0
7185.0,1
7187.75,0
7188.0,1
7188.25,0
7188.5,1
7190.75,0
7191.0,1
7193.0,0
7193.5,1
7194.0,0
7253.5,1
7253.75,0
7254.25,1
7254.5,0
7254.75,1
7255.0,0
7255.75,1
7256.0,0
7256.75,1
7257.0,0
7257.5,1
7262.25,0
7262.5,1
7264.5,0
7264.75,1
7265.0,0
7265.25,1
7265.5,0
7277.25,1
7277.5,0
7277.75,1
7278.0,0
7278.75,1
7279.0,0
7279.25,1
7279.75,0
7280.0,1
7280.5,0
7281.0,1
7281.5,0
7281.75,1
7283.75,0
7284.0,1
7284.25,0
7284.5,1
7284.75,0
7285.0,1
7285.25,0
7285.5,1
7285.75,0
7286.0,1
7287.0,0
7287.25,1
7289.0,0
7301.75,1
7302.75,0
7303.0,1
7303.25,0
7305.0,1
7305.25,0
7305.5,1
7307.0,0
7307.25,1
7307.75,0
7308.0,1
7308.5,0
7308.75,1
7309.0,0
7309.5,1
7310.0,0
7310.25,1
7310.75,0
7311.0,1
7312.75,0
7313.0,1
7313.25,0
7326.25,1
7326.5,0
7326.75,1
7327.0,0
7327.75,1
7328.5,0
7328.75,1
7329.5,0
7329.75,1
7332.5,0
7332.75,1
7335.5,0
7335.75,1
7336.25,0
7336.5,1
7337.0,0
7337.25,1
7337.75,0
7349.5,1
7349.75,0
7350.25,1
7350.75,0
7351.25,1
7352.0,0
7353.0,1
7353.25,0
7353.5,1
7361.0,0
7361.75,1
7362.0,0
7422.25,1
7422.75,0
7423.25,1
7423.5,0
7423.75,1
7424.5,0
7425.0,1
7428.75,0
7429.0,1
7429.5,0
7429.75,1
7430.75,0
7431.0,1
7432.75,0
7433.0,1
7433.25,0
7445.0,1
7445.25,0
7446.0,1
7446.5,0
7448.5,1
7449.0,0
7449.5,1
7449.75,0
7450.0,1
7450.75,0
7451.0,1
7452.5,0
7453.25,1
7454.0,0
7454.25,1
7456.0,0
7456.25,1
7456.5,0
7456.75,1
7457.0,0
7469.25,1
7469.5,0
7469.75,1
7470.5,0
7471.25,1
7471.5,0
7471.75,1
7472.0,0
7473.0,1
7473.25,0
7473.75,1
7476.75,0
7477.0,1
7477.25,0
7477.5,1
7480.0,0
7480.25,1
7481.0,0
7481.25,1
7481.5,0
7484.75,1
7485.0,0
7493.5,1
7493.75,0
7494.0,1
7494.75,0
7496.5,1
7497.0,0
7497.5,1
7501.25,0
7501.75,1
7505.0,0
7517.5,1
7518.0,0
7520.5,1
7520.75,0
7521.0,1
7521.75,0
7522.0,1
7525.25,0
7525.5,1
7527.25,0
7527.5,1
7527.75,0
7528.0,1
7529.25,0
7529.5,1
7530.0,0
7533.0,1
7533.25,0
7589.25,1
7590.25,0
7591.0,1
7591.25,0
7591.5,1
7592.0,0
7592.5,1
7592.75,0
7593.0,1
7594.75,0
7595.0,1
7596.75,0
7597.0,1
7601.0,0
7613.75,1
7614.0,0
7614.25,1
7614.75,0
7615.0,1
7615.5,0
7616.75,1
7617.0,0
7617.25,1
7620.75,0
7621.0,1
7621.25,0
7621.75,1
7625.0,0
7625.25,1
7625.5,0
7629.25,1
7629.5,0
7637.75,1
7638.25,0
7638.5,1
7639.0,0
7641.0,1
7641.25,0
7641.5,1
7644.25,0
7644.5,1
7647.25,0
7647.5,1
7647.75,0
7648.0,1
7649.5,0
7661.5,1
7661.75,0
7662.25,1
7662.75,0
7664.5,1
7668.0,0
7668.25,1
7669.75,0
7670.25,1
7671.75,0
7672.0,1
7673.0,0
7673.25,1
7673.5,0
7676.0,1
7676.25,0
7685.75,1
7686.5,0
7688.0,1
7688.5,0
7688.75,1
7689.5,0
7689.75,1
7693.0,0
7693.25,1
7696.5,0
7696.75,1
7697.25,0
7757.5,1
7757.75,0
7760.5,1
7761.0,0
7761.5,1
7764.25,0
7764.5,1
7765.0,0
7765.25,1
7767.25,0
7767.5,1
7769.0,0
7782.0,1
7782.5,0
7783.25,1
7783.75,0
7784.75,1
7785.0,0
7785.25,1
7788.25,0
7788.5,1
7793.25,0
7793.5,1
7793.75,0
7805.5,1
7805.75,0
7806.25,1
7807.0,0
7807.75,1
7808.0,0
7808.25,1
7808.5,0
7809.0,1
7809.25,0
7809.5,1
7810.0,0
7810.25,1
7814.75,0
7815.0,1
7817.5,0
7821.75,1
7822.0,0
7830.0,1
7830.5,0
7831.5,1
7832.0,0
7833.0,1
7834.5,0
7834.75,1
7835.5,0
7835.75,1
7836.75,0
7837.0,1
7837.25,0
7837.5,1
7841.0,0
7841.5,1
7841.75,0
7842.0,1
7842.25,0
7846.0,1
7846.25,0
7925.75,1
7926.25,0
7927.25,1
7927.5,0
7927.75,1
7928.0,0
7929.0,1
7929.25,0
7929.5,1
7931.0,0
7931.25,1
7932.25,0
7932.5,1
7933.5,0
7933.75,1
7934.75,0
7935.0,1
7936.0,0
7936.25,1
7937.0,0
7937.25,1
7937.5,0
7940.25,1
7940.5,0
7949.5,1
7950.0,0
7950.75,1
7951.0,0
7951.25,1
7951.75,0
7952.0,1
7952.25,0
7952.5,1
7953.5,0
7953.75,1
7956.25,0
7956.75,1
7958.25,0
7958.5,1
7960.5,0
7960.75,1
7961.5,0
7973.5,1
7973.75,0
7974.0,1
7974.25,0
7974.5,1
7974.75,0
7976.5,1
7977.0,0
7977.5,1
7980.25,0
7980.75,1
7981.75,0
7982.25,1
7982.5,0
7982.75,1
7984.5,0
7984.75,1
7985.0,0
7989.75,1
7990.0,0
7998.0,1
7998.75,0
8000.5,1
8001.25,0
8001.5,1
8004.25,0
8004.5,1
8007.25,0
8007.75,1
8009.0,0
8009.25,1
8009.5,0
8012.25,1
8012.5,0
8021.75,1
8022.25,0
8024.75,1
8027.5,0
8027.75,1
8032.25,0
8032.5,1
8032.75,0
8033.0,1
8033.5,0
8036.0,1
8036.25,0
8093.75,1
8094.0,0
8094.25,1
8095.0,0
8096.5,1
8096.75,0
8097.5,1
8099.25,0
8099.5,1
8100.5,0
8101.0,1
8102.5,0
8102.75,1
8104.0,0
8104.25,1
8104.75,0
8105.0,1
8105.5,0
8116.75,1
8117.0,0
8117.5,1
8117.75,0
8118.25,1
8118.5,0
8119.0,1
8119.25,0
8119.5,1
8120.0,0
8121.0,1
8123.25,0
8123.5,1
8124.75,0
8125.0,1
8125.75,0
8126.0,1
8128.5,0
8141.5,1
8142.5,0
8144.0,1
8144.75,0
8145.0,1
8151.0,0
8151.25,1
8153.25,0
8165.0,1
8165.25,0
8165.75,1
8166.5,0
8167.0,1
8167.25,0
8167.5,1
8168.25,0
8168.75,1
8169.75,0
8170.0,1
8172.75,0
8173.25,1
8177.25,0
8177.75,1
8178.0,0
8188.75,1
8189.25,0
8190.5,1
8190.75,0
8192.5,1
8193.5,0
8194.0,1
8195.0,0
8195.25,1
8198.25,0
8198.75,1
8199.5,0
8199.75,1
8201.5,0
8261.5,1
8262.5,0
8262.75,1
8263.5,0
8264.0,1
8264.25,0
8264.75,1
8268.25,0
8268.5,1
8269.25,0
8269.75,1
8273.25,0
8285.5,1
8285.75,0
8286.0,1
8286.25,0
8287.0,1
8288.0,0
8288.25,1
8288.5,0
8289.0,1
8289.25,0
8289.75,1
8290.25,0
8290.5,1
8291.0,0
8291.25,1
8296.75,0
8297.0,1
8297.5,0
8301.0,1
8301.25,0
8309.5,1
8309.75,0
8310.0,1
8310.25,0
8310.5,1
8310.75,0
8313.0,1
8316.0,0
8316.5,1
8320.75,0
8321.0,1
8321.25,0
8322.0,1
8322.25,0
8324.25,1
8324.75,0
8333.5,1
8333.75,0
8334.25,1
8334.5,0
8335.25,1
8335.5,0
8336.0,1
8336.5,0
8337.0,1
8338.0,0
8338.25,1
8339.5,0
8339.75,1
8344.5,0
8344.75,1
8345.0,0
8345.5,1
8345.75,0
8357.25,1
8357.75,0
8358.5,1
8358.75,0
8359.5,1
8360.25,0
8360.75,1
8361.0,0
8361.25,1
8369.0,0
8429.5,1
8429.75,0
8430.0,1
8430.25,0
8430.75,1
8431.0,0
8432.0,1
8432.25,0
8432.5,1
8432.75,0
8433.0,1
8439.25,0
8439.5,1
8441.0,0
8445.75,1
8446.0,0
8454.0,1
8454.75,0
8457.25,1
8458.25,0
8458.5,1
8462.75,0
8463.0,1
8464.5,0
8464.75,1
8465.5,0
8466.25,1
8466.5,0
8468.25,1
8468.5,0
8476.75,1
8477.0,0
8478.25,1
8478.5,0
8480.25,1
8481.0,0
8481.25,1
8482.5,0
8482.75,1
8483.5,0
8483.75,1
8484.75,0
8485.0,1
8486.0,0
8486.25,1
8487.75,0
8488.0,1
8489.25,0
8489.5,1
8489.75,0
8493.0,1
8493.25,0
8501.5,1
8501.75,0
8503.5,1
8504.0,0
8504.75,1
8505.0,0
8505.5,1
8508.25,0
8508.5,1
8509.75,0
8510.0,1
8513.25,0
8516.75,1
8517.0,0
8525.5,1
8525.75,0
8526.5,1
8526.75,0
8527.5,1
8527.75,0
8528.5,1
8528.75,0
8529.25,1
8533.25,0
8533.75,1
8534.25,0
8534.5,1
8536.0,0
8536.25,1
8536.75,0
8537.0,1
8537.25,0
8541.0,1
8541.25,0
8541.75,1
8542.0,0
8621.5,1
8623.0,0
8623.25,1
8623.5,0
8625.0,1
8625.25,0
8625.75,1
8628.0,0
8628.25,1
8628.5,0
8628.75,1
8633.0,0
8645.25,1
8645.5,0
8645.75,1
8646.25,0
8646.75,1
8647.0,0
8648.0,1
8652.25,0
8652.5,1
8653.0,0
8653.25,1
8657.25,0
8661.5,1
8661.75,0
8662.25,1
8662.5,0
8670.25,1
8670.5,0
8671.5,1
8672.0,0
8672.25,1
8672.5,0
8672.75,1
8673.0,0
8673.25,1
8676.25,0
8676.5,1
8680.75,0
8681.25,1
8681.5,0
8681.75,1
8682.0,0
8684.75,1
8685.0,0
8694.0,1
8694.5,0
8694.75,1
8695.0,0
8697.25,1
8701.5,0
8701.75,1
8703.0,0
8703.25,1
8705.0,0
8705.5,1
8705.75,0
