#1


float Room-333 (4231,2)
0.0,0
32.5,1
32.75,0
33.5,1
34.75,0
35.0,1
35.5,0
36.0,1
39.75,0
40.0,1
40.5,0
40.75,1
41.5,0
42.0,1
42.25,0
46.0,1
46.25,0
54.0,1
54.25,0
56.75,1
60.75,0
61.25,1
64.75,0
65.0,1
65.25,0
78.0,1
78.25,0
80.75,1
81.5,0
81.75,1
82.75,0
83.0,1
83.75,0
84.0,1
84.75,0
85.75,1
86.25,0
86.5,1
88.0,0
88.25,1
89.25,0
94.25,1
94.75,0
104.75,1
108.25,0
108.5,1
109.25,0
109.5,1
110.0,0
110.75,1
112.75,0
129.25,1
129.5,0
129.75,1
130.25,0
130.5,1
131.25,0
131.75,1
135.25,0
135.5,1
136.25,0
136.5,1
137.25,0
141.25,1
141.5,0
200.75,1
202.0,0
202.25,1
203.5,0
203.75,1
204.0,0
204.5,1
205.75,0
206.25,1
206.5,0
206.75,1
207.5,0
207.75,1
209.0,0
209.25,1
209.5,0
224.75,1
225.0,0
225.25,1
227.0,0
227.25,1
227.75,0
228.0,1
228.25,0
228.5,1
229.75,0
230.0,1
230.75,0
231.0,1
231.75,0
232.25,1
232.5,0
232.75,1
233.25,0
237.5,1
237.75,0
246.5,1
246.75,0
248.0,1
248.25,0
249.0,1
251.75,0
252.0,1
255.0,0
255.25,1
257.0,0
270.0,1
270.25,0
271.0,1
271.25,0
272.75,1
273.0,0
273.5,1
273.75,0
274.0,1
274.5,0
274.75,1
275.0,0
275.25,1
277.25,0
277.5,1
278.0,0
278.25,1
278.75,0
279.25,1
280.0,0
280.25,1
280.5,0
280.75,1
281.25,0
294.75,1
295.0,0
295.25,1
295.5,0
297.0,1
297.25,0
297.5,1
300.0,0
300.25,1
301.0,0
301.5,1
301.75,0
302.0,1
302.25,0
302.5,1
303.25,0
303.5,1
304.5,0
304.75,1
305.0,0
305.25,1
305.5,0
368.75,1
369.0,0
369.25,1
370.5,0
370.75,1
371.0,0
371.25,1
373.0,0
373.25,1
373.75,0
374.0,1
374.75,0
375.0,1
375.75,0
376.0,1
376.25,0
376.5,1
377.25,0
381.0,1
381.25,0
382.0,1
382.25,0
389.75,1
390.0,0
390.5,1
390.75,0
393.25,1
396.0,0
396.25,1
397.25,0
397.5,1
397.75,0
398.0,1
398.25,0
398.75,1
399.75,0
400.0,1
401.0,0
440.75,1
441.5,0
441.75,1
447.0,0
447.5,1
448.5,0
448.75,1
449.5,0
463.25,1
463.5,0
464.5,1
465.5,0
466.25,1
467.75,0
468.0,1
469.0,0
469.25,1
469.5,0
469.75,1
472.75,0
538.0,1
539.0,0
539.25,1
541.25,0
541.5,1
543.75,0
544.0,1
544.25,0
544.5,1
544.75,0
558.0,1
558.25,0
560.75,1
561.25,0
561.75,1
565.75,0
566.0,1
569.0,0
573.5,1
573.75,0
585.0,1
585.25,0
585.5,1
586.0,0
586.25,1
586.75,0
587.25,1
589.25,0
589.75,1
591.0,0
591.25,1
592.75,0
593.0,1
593.5,0
606.75,1
607.0,0
609.0,1
610.0,0
610.25,1
610.5,0
611.0,1
611.75,0
612.0,1
612.25,0
612.5,1
613.0,0
613.25,1
614.5,0
614.75,1
615.5,0
615.75,1
616.25,0
616.75,1
617.5,0
631.75,1
632.0,0
633.0,1
636.5,0
636.75,1
638.25,0
638.75,1
639.5,0
639.75,1
640.0,0
640.25,1
640.75,0
645.75,1
646.0,0
701.5,1
701.75,0
702.5,1
702.75,0
703.25,1
703.5,0
705.0,1
706.0,0
706.25,1
707.0,0
707.25,1
709.0,0
709.25,1
710.75,0
711.0,1
711.5,0
711.75,1
712.0,0
712.25,1
712.5,0
712.75,1
713.0,0
717.0,1
717.25,0
727.75,1
728.5,0
729.0,1
729.75,0
730.25,1
730.75,0
731.0,1
734.25,0
735.0,1
736.75,0
737.0,1
737.25,0
739.5,1
739.75,0
740.75,1
741.0,0
751.75,1
752.0,0
753.0,1
756.5,0
757.0,1
757.5,0
757.75,1
759.5,0
759.75,1
761.0,0
765.0,1
765.25,0
766.0,1
766.25,0
774.75,1
775.25,0
776.75,1
777.0,0
777.25,1
777.75,0
778.0,1
779.25,0
779.75,1
780.75,0
781.0,1
781.5,0
782.0,1
782.25,0
782.5,1
784.0,0
784.75,1
785.0,0
785.25,1
785.5,0
788.25,1
788.5,0
798.75,1
799.0,0
801.0,1
802.0,0
802.25,1
802.75,0
803.0,1
804.5,0
805.0,1
805.5,0
805.75,1
806.25,0
806.5,1
806.75,0
807.5,1
808.25,0
808.5,1
809.0,0
812.5,1
812.75,0
870.75,1
871.25,0
873.0,1
875.75,0
876.0,1
877.0,0
877.25,1
878.0,0
878.5,1
880.0,0
880.5,1
881.0,0
881.5,1
881.75,0
883.75,1
884.0,0
893.75,1
894.0,0
894.25,1
894.5,0
894.75,1
895.0,0
896.5,1
896.75,0
897.25,1
898.75,0
899.0,1
899.75,0
900.0,1
901.0,0
901.25,1
902.0,0
902.75,1
903.0,0
903.25,1
904.75,0
905.0,1
905.25,0
917.25,1
917.5,0
919.75,1
920.0,0
920.75,1
921.25,0
921.5,1
923.25,0
923.5,1
924.5,0
924.75,1
925.0,0
925.25,1
925.75,0
926.0,1
927.0,0
927.25,1
929.25,0
944.75,1
945.25,0
945.75,1
946.5,0
947.0,1
949.25,0
949.5,1
949.75,0
950.0,1
951.0,0
951.25,1
951.5,0
951.75,1
952.75,0
953.75,1
954.0,0
969.0,1
971.25,0
971.5,1
971.75,0
972.0,1
972.25,0
972.5,1
974.0,0
974.75,1
976.0,0
976.5,1
976.75,0
977.0,1
977.25,0
1038.25,1
1038.5,0
1040.0,1
1040.75,0
1041.25,1
1041.5,0
1041.75,1
1042.5,0
1042.75,1
1045.0,0
1045.25,1
1048.5,0
1048.75,1
1049.0,0
1049.25,1
1049.5,0
1052.5,1
1052.75,0
1053.75,1
1054.0,0
1062.0,1
1062.25,0
1065.0,1
1065.5,0
1065.75,1
1067.75,0
1068.0,1
1068.25,0
1068.5,1
1068.75,0
1069.0,1
1069.25,0
1069.5,1
1070.25,0
1070.5,1
1072.0,0
1072.25,1
1072.75,0
1073.5,1
1073.75,0
1078.0,1
1078.25,0
1111.0,1
1111.25,0
1112.25,1
1112.5,0
1112.75,1
1116.5,0
1116.75,1
1117.5,0
1118.0,1
1120.5,0
1121.0,1
1121.25,0
1122.0,1
1122.25,0
1124.0,1
1124.25,0
1134.0,1
1134.5,0
1135.75,1
1136.0,0
1137.25,1
1139.0,0
1139.25,1
1141.25,0
1141.5,1
1143.25,0
1143.5,1
1144.5,0
1144.75,1
1145.0,0
1145.5,1
1145.75,0
1205.5,1
1205.75,0
1208.25,1
1208.75,0
1209.25,1
1211.5,0
1211.75,1
1212.0,0
1212.25,1
1212.75,0
1213.0,1
1214.0,0
1214.25,1
1214.5,0
1214.75,1
1217.0,0
1217.75,1
1218.0,0
1231.0,1
1231.25,0
1232.25,1
1232.5,0
1233.25,1
1233.5,0
1233.75,1
1234.5,0
1234.75,1
1235.0,0
1235.25,1
1235.5,0
1235.75,1
1236.25,0
1237.0,1
1237.5,0
1237.75,1
1239.75,0
1240.25,1
1241.0,0
1254.5,1
1254.75,0
1255.5,1
1255.75,0
1256.5,1
1256.75,0
1257.25,1
1257.5,0
1257.75,1
1258.25,0
1258.5,1
1259.75,0
1260.25,1
1262.0,0
1262.5,1
1263.25,0
1263.5,1
1264.0,0
1264.5,1
1264.75,0
1270.0,1
1270.25,0
1276.0,1
1276.25,0
1276.75,1
1277.0,0
1278.25,1
1278.5,0
1279.0,1
1279.25,0
1280.5,1
1280.75,0
1281.0,1
1282.5,0
1282.75,1
1285.25,0
1285.5,1
1286.0,0
1286.25,1
1286.5,0
1286.75,1
1289.25,0
1292.75,1
1293.25,0
1303.25,1
1303.5,0
1304.5,1
1304.75,0
1305.0,1
1305.5,0
1306.0,1
1309.0,0
1309.25,1
1310.0,0
1310.25,1
1311.25,0
1311.5,1
1312.5,0
1312.75,1
1313.0,0
1313.75,1
1314.0,0
1317.5,1
1317.75,0
1377.25,1
1377.75,0
1378.0,1
1379.0,0
1379.5,1
1381.5,0
1381.75,1
1383.25,0
1383.5,1
1384.5,0
1384.75,1
1385.25,0
1399.75,1
1400.0,0
1400.5,1
1400.75,0
1401.0,1
1401.25,0
1401.5,1
1402.25,0
1403.0,1
1404.25,0
1404.5,1
1404.75,0
1405.0,1
1405.75,0
1406.0,1
1409.0,0
1422.25,1
1422.5,0
1425.0,1
1425.5,0
1425.75,1
1427.25,0
1427.5,1
1431.0,0
1431.5,1
1431.75,0
1432.25,1
1433.0,0
1436.75,1
1437.0,0
1437.75,1
1438.0,0
1445.75,1
1446.0,0
1448.75,1
1449.0,0
1449.5,1
1450.5,0
1451.0,1
1452.5,0
1453.0,1
1453.25,0
1453.5,1
1454.75,0
1455.0,1
1455.25,0
1455.5,1
1455.75,0
1456.0,1
1456.5,0
1456.75,1
1457.25,0
1461.75,1
1462.0,0
1469.5,1
1469.75,0
1470.5,1
1471.0,0
1472.5,1
1473.25,0
1473.75,1
1475.0,0
1475.25,1
1476.25,0
1476.5,1
1477.25,0
1477.75,1
1478.0,0
1478.5,1
1480.25,0
1480.5,1
1481.0,0
1481.25,1
1481.75,0
1484.75,1
1485.0,0
1486.0,1
1486.25,0
1545.0,1
1545.75,0
1546.0,1
1548.25,0
1548.75,1
1549.0,0
1549.25,1
1549.5,0
1550.0,1
1550.5,0
1550.75,1
1551.0,0
1551.25,1
1553.0,0
1569.25,1
1571.0,0
1571.25,1
1572.0,0
1572.5,1
1574.25,0
1574.5,1
1577.0,0
1592.25,1
1593.5,0
1593.75,1
1595.0,0
1595.25,1
1595.5,0
1595.75,1
1596.25,0
1596.5,1
1596.75,0
1597.0,1
1598.75,0
1599.0,1
1600.5,0
1601.5,1
1601.75,0
1615.75,1
1616.0,0
1616.5,1
1616.75,0
1617.5,1
1621.5,0
1621.75,1
1624.5,0
1638.25,1
1638.5,0
1638.75,1
1639.25,0
1641.75,1
1642.75,0
1643.0,1
1644.25,0
1644.5,1
1646.0,0
1646.25,1
1647.75,0
1648.0,1
1649.25,0
1713.25,1
1713.5,0
1714.0,1
1714.75,0
1715.0,1
1715.5,0
1715.75,1
1716.25,0
1716.5,1
1717.0,0
1717.5,1
1720.75,0
1721.0,1
1721.5,0
1724.5,1
1724.75,0
1725.5,1
1726.0,0
1736.5,1
1736.75,0
1737.25,1
1738.0,0
1738.25,1
1740.75,0
1741.0,1
1741.75,0
1742.0,1
1744.5,0
1744.75,1
1745.0,0
1749.25,1
1749.5,0
1758.75,1
1759.0,0
1760.75,1
1763.25,0
1763.5,1
1764.25,0
1764.5,1
1766.0,0
1766.5,1
1768.0,0
1768.25,1
1769.0,0
1769.25,1
1769.5,0
1785.25,1
1785.5,0
1785.75,1
1786.25,0
1786.5,1
1788.0,0
1788.25,1
1789.25,0
1789.5,1
1790.25,0
1790.5,1
1791.75,0
1792.0,1
1792.25,0
1792.5,1
1792.75,0
1793.0,1
1793.25,0
1807.0,1
1807.25,0
1809.0,1
1809.25,0
1809.5,1
1814.0,0
1814.25,1
1814.5,0
1814.75,1
1815.0,0
1815.25,1
1817.5,0
1880.0,1
1880.25,0
1881.25,1
1884.25,0
1884.5,1
1885.25,0
1885.5,1
1887.5,0
1887.75,1
1889.0,0
1905.5,1
1906.25,0
1906.5,1
1906.75,0
1907.25,1
1907.75,0
1908.0,1
1908.5,0
1908.75,1
1909.5,0
1909.75,1
1910.0,0
1910.25,1
1912.25,0
1912.5,1
1913.0,0
1913.25,1
1913.75,0
1916.5,1
1916.75,0
1925.75,1
1926.0,0
1927.25,1
1927.5,0
1928.75,1
1929.25,0
1929.5,1
1932.5,0
1932.75,1
1935.0,0
1935.5,1
1937.0,0
1949.75,1
1950.0,0
1953.0,1
1957.25,0
1957.5,1
1961.0,0
1975.25,1
1975.5,0
1976.75,1
1979.75,0
1980.0,1
1980.75,0
1981.0,1
1982.0,0
1982.25,1
1983.75,0
1984.0,1
1984.5,0
2048.75,1
2049.0,0
2049.25,1
2049.75,0
2050.0,1
2050.75,0
2051.0,1
2053.5,0
2053.75,1
2054.0,0
2054.25,1
2054.5,0
2054.75,1
2056.25,0
2056.5,1
2057.0,0
2070.5,1
2070.75,0
2073.0,1
2073.25,0
2073.75,1
2074.75,0
2075.25,1
2076.25,0
2076.5,1
2081.25,0
2095.5,1
2095.75,0
2096.0,1
2096.25,0
2097.25,1
2099.0,0
2099.25,1
2100.0,0
2100.25,1
2100.5,0
2100.75,1
2104.5,0
2104.75,1
2105.0,0
2105.25,1
2105.5,0
2118.75,1
2119.0,0
2119.25,1
2119.75,0
2121.0,1
2121.5,0
2122.0,1
2125.0,0
2125.75,1
2127.25,0
2127.5,1
2129.5,0
2133.5,1
2133.75,0
2143.25,1
2144.0,0
2145.25,1
2148.0,0
2148.25,1
2148.75,0
2149.0,1
2149.5,0
2149.75,1
2150.25,0
2150.75,1
2151.5,0
2151.75,1
2152.0,0
2152.25,1
2153.25,0
2157.25,1
2157.5,0
2214.0,1
2214.5,0
2216.75,1
2217.0,0
2217.25,1
2217.5,0
2217.75,1
2218.5,0
2219.0,1
2219.25,0
2219.75,1
2222.25,0
2222.5,1
2224.75,0
2238.0,1
2238.25,0
2240.25,1
2241.0,0
2241.25,1
2241.5,0
2241.75,1
2242.0,0
2242.25,1
2242.5,0
2242.75,1
2243.0,0
2243.25,1
2245.25,0
2245.5,1
2245.75,0
2246.0,1
2247.0,0
2247.25,1
2248.0,0
2248.25,1
2248.5,0
2248.75,1
2249.0,0
2264.5,1
2265.0,0
2265.25,1
2269.5,0
2269.75,1
2272.0,0
2272.25,1
2272.5,0
2273.0,1
2273.25,0
2275.75,1
2276.0,0
2287.75,1
2288.0,0
2288.5,1
2290.0,0
2290.25,1
2291.25,0
2291.5,1
2292.25,0
2292.75,1
2293.0,0
2293.25,1
2293.5,0
2293.75,1
2294.5,0
2295.5,1
2297.25,0
2297.5,1
2297.75,0
2301.5,1
2301.75,0
2310.5,1
2310.75,0
2311.5,1
2311.75,0
2312.75,1
2313.25,0
2313.5,1
2314.25,0
2314.5,1
2316.5,0
2316.75,1
2317.0,0
2317.25,1
2318.5,0
2319.25,1
2320.25,0
2320.5,1
2321.25,0
2321.75,1
2322.0,0
2325.5,1
2325.75,0
2385.25,1
2385.75,0
2386.0,1
2386.25,0
2386.5,1
2388.5,0
2388.75,1
2392.25,0
2392.5,1
2392.75,0
2398.5,1
2398.75,0
2406.0,1
2406.25,0
2409.25,1
2410.0,0
2410.25,1
2410.5,0
2410.75,1
2413.5,0
2413.75,1
2414.25,0
2414.5,1
2416.25,0
2416.5,1
2417.0,0
2417.25,1
2417.5,0
2421.25,1
2421.5,0
2431.5,1
2431.75,0
2432.75,1
2433.25,0
2433.5,1
2433.75,0
2434.0,1
2434.25,0
2434.5,1
2438.25,0
2438.5,1
2439.25,0
2439.5,1
2440.5,0
2440.75,1
2441.0,0
2445.0,1
2445.25,0
2445.5,1
2445.75,0
2455.75,1
2456.0,0
2456.25,1
2459.5,0
2459.75,1
2460.75,0
2461.75,1
2462.5,0
2462.75,1
2463.5,0
2463.75,1
2464.25,0
2464.5,1
2464.75,0
2468.0,1
2468.25,0
2480.75,1
2481.0,0
2481.25,1
2483.5,0
2483.75,1
2488.25,0
2493.5,1
2493.75,0
2552.75,1
2553.5,0
2553.75,1
2555.75,0
2556.0,1
2556.75,0
2557.0,1
2557.5,0
2557.75,1
2558.0,0
2558.25,1
2558.5,0
2558.75,1
2559.0,0
2559.5,1
2561.25,0
2565.25,1
2565.5,0
2573.75,1
2574.0,0
2574.5,1
2575.0,0
2577.25,1
2577.5,0
2577.75,1
2578.25,0
2578.5,1
2580.25,0
2580.5,1
2581.25,0
2581.5,1
2582.25,0
2582.5,1
2583.25,0
2583.5,1
2584.75,0
2601.0,1
2601.5,0
2601.75,1
2602.5,0
2602.75,1
2603.0,0
2603.75,1
2604.75,0
2605.0,1
2605.25,0
2605.5,1
2607.0,0
2607.5,1
2608.5,0
2608.75,1
2609.0,0
2622.5,1
2622.75,0
2624.75,1
2625.0,0
2625.25,1
2625.5,0
2625.75,1
2630.25,0
2630.5,1
2632.25,0
2632.5,1
2632.75,0
2636.25,1
2636.5,0
2647.75,1
2648.0,0
2648.75,1
2649.0,0
2649.25,1
2649.5,0
2650.0,1
2650.5,0
2651.0,1
2651.5,0
2652.0,1
2652.25,0
2652.5,1
2655.0,0
2655.25,1
2656.5,0
2656.75,1
2657.0,0
2718.0,1
2718.25,0
2719.5,1
2719.75,0
2720.5,1
2721.25,0
2721.5,1
2722.25,0
2722.5,1
2723.0,0
2723.25,1
2723.5,0
2723.75,1
2724.25,0
2724.5,1
2727.0,0
2727.5,1
2729.0,0
2729.25,1
2729.5,0
2745.25,1
2745.5,0
2745.75,1
2746.0,0
2746.25,1
2749.0,0
2749.25,1
2752.0,0
2752.25,1
2753.5,0
2757.0,1
2757.25,0
2766.5,1
2766.75,0
2767.75,1
2768.25,0
2770.0,1
2771.0,0
2771.25,1
2772.75,0
2773.5,1
2774.5,0
2774.75,1
2775.0,0
2775.5,1
2777.0,0
2790.25,1
2790.5,0
2792.5,1
2793.0,0
2793.25,1
2794.0,0
2794.25,1
2795.0,0
2795.25,1
2796.0,0
2796.25,1
2796.5,0
2796.75,1
2797.25,0
2797.5,1
2797.75,0
2798.25,1
2798.5,0
2799.0,1
2800.25,0
2800.5,1
2801.25,0
2814.0,1
2814.25,0
2817.25,1
2817.75,0
2818.0,1
2818.25,0
2818.75,1
2820.25,0
2820.5,1
2821.0,0
2821.75,1
2822.75,0
2823.75,1
2825.0,0
2825.25,1
2825.5,0
2886.5,1
2886.75,0
2887.25,1
2887.5,0
2889.25,1
2890.75,0
2891.0,1
2892.75,0
2893.0,1
2893.5,0
2893.75,1
2895.25,0
2895.5,1
2897.25,0
2912.25,1
2912.5,0
2913.0,1
2913.25,0
2913.5,1
2919.5,0
2919.75,1
2920.75,0
2921.0,1
2921.25,0
2934.25,1
2934.5,0
2935.0,1
2935.25,0
2935.75,1
2936.0,0
2936.75,1
2937.75,0
2938.0,1
2938.25,0
2938.5,1
2939.25,0
2939.5,1
2942.0,0
2942.25,1
2942.75,0
2943.0,1
2943.25,0
2943.5,1
2944.0,0
2944.25,1
2944.75,0
2945.0,1
2945.25,0
2959.75,1
2960.0,0
2961.25,1
2961.75,0
2962.0,1
2962.75,0
2963.0,1
2963.5,0
2963.75,1
2964.0,0
2964.25,1
2964.75,0
2965.0,1
2966.25,0
2966.5,1
2967.0,0
2967.5,1
2968.25,0
2968.5,1
2969.5,0
2981.5,1
2981.75,0
2984.25,1
2984.5,0
2985.0,1
2986.5,0
2986.75,1
2988.25,0
2988.5,1
2990.5,0
2990.75,1
2991.0,0
2991.25,1
2991.5,0
2991.75,1
2993.25,0
2997.25,1
2997.5,0
3055.25,1
3055.5,0
3056.5,1
3057.0,0
3057.25,1
3059.75,0
3060.0,1
3060.5,0
3060.75,1
3063.25,0
3063.5,1
3065.0,0
3065.25,1
3065.5,0
3070.25,1
3070.5,0
3080.75,1
3081.0,0
3081.5,1
3082.0,0
3083.0,1
3083.25,0
3083.5,1
3084.25,0
3084.75,1
3085.5,0
3086.25,1
3087.25,0
3087.5,1
3087.75,0
3088.0,1
3088.5,0
3088.75,1
3089.25,0
3102.25,1
3102.5,0
3103.5,1
3103.75,0
3104.25,1
3104.5,0
3105.0,1
3105.25,0
3105.5,1
3106.0,0
3106.25,1
3108.0,0
3108.25,1
3109.25,0
3109.75,1
3110.0,0
3110.25,1
3110.75,0
3111.0,1
3111.75,0
3112.0,1
3112.75,0
3113.0,1
3113.25,0
3126.75,1
3127.0,0
3127.75,1
3128.0,0
3128.5,1
3128.75,0
3129.25,1
3130.0,0
3130.5,1
3133.0,0
3133.25,1
3133.75,0
3134.0,1
3134.75,0
3135.0,1
3136.75,0
3140.25,1
3140.5,0
3151.0,1
3151.25,0
3151.5,1
3151.75,0
3152.5,1
3152.75,0
3153.0,1
3155.0,0
3155.25,1
3159.0,0
3159.25,1
3160.75,0
3225.25,1
3225.5,0
3225.75,1
3226.75,0
3227.0,1
3227.25,0
3227.5,1
3228.0,0
3228.25,1
3230.5,0
3230.75,1
3231.5,0
3231.75,1
3232.5,0
3233.25,1
3233.5,0
3237.25,1
3237.5,0
3238.0,1
3238.25,0
3249.0,1
3249.25,0
3249.5,1
3249.75,0
3250.0,1
3251.0,0
3251.25,1
3252.75,0
3253.0,1
3254.25,0
3254.5,1
3256.75,0
3257.0,1
3257.25,0
3270.5,1
3270.75,0
3273.0,1
3274.75,0
3275.0,1
3277.75,0
3278.0,1
3280.25,0
3280.5,1
3280.75,0
3281.5,1
3281.75,0
3295.75,1
3296.0,0
3296.5,1
3297.25,0
3297.75,1
3300.0,0
3300.25,1
3302.5,0
3302.75,1
3304.75,0
3305.0,1
3305.5,0
3318.5,1
3318.75,0
3319.0,1
3319.25,0
3320.75,1
3322.0,0
3322.25,1
3324.75,0
3325.0,1
3328.5,0
3328.75,1
3329.0,0
3333.0,1
3333.25,0
3391.25,1
3391.5,0
3393.0,1
3393.75,0
3394.0,1
3394.25,0
3394.5,1
3394.75,0
3395.0,1
3395.5,0
3395.75,1
3397.75,0
3398.0,1
3401.0,0
3416.0,1
3417.0,0
3417.5,1
3417.75,0
3418.0,1
3418.25,0
3418.5,1
3420.0,0
3420.5,1
3420.75,0
3421.25,1
3421.75,0
3422.0,1
3423.0,0
3423.25,1
3425.5,0
3440.5,1
3441.0,0
3441.5,1
3446.25,0
3446.5,1
3446.75,0
3447.0,1
3447.25,0
3447.5,1
3447.75,0
3448.0,1
3448.5,0
3454.5,1
3454.75,0
3463.25,1
3463.5,0
3463.75,1
3464.0,0
3464.5,1
3464.75,0
3465.5,1
3467.0,0
3467.25,1
3467.75,0
3468.0,1
3468.25,0
3468.5,1
3470.25,0
3470.5,1
3471.0,0
3471.25,1
3472.75,0
3487.5,1
3487.75,0
3488.75,1
3490.5,0
3490.75,1
3492.0,0
3492.25,1
3493.25,0
3493.5,1
3494.25,0
3494.5,1
3494.75,0
3495.0,1
3496.25,0
3496.5,1
3497.5,0
3558.5,1
3559.0,0
3561.0,1
3561.25,0
3561.5,1
3563.25,0
3563.75,1
3564.75,0
3565.0,1
3565.25,0
3565.75,1
3566.5,0
3566.75,1
3567.25,0
3567.5,1
3567.75,0
3568.0,1
3569.5,0
3573.75,1
3574.0,0
3607.0,1
3607.25,0
3609.0,1
3611.0,0
3611.5,1
3611.75,0
3612.0,1
3613.0,0
3613.25,1
3613.5,0
3614.0,1
3614.5,0
3614.75,1
3616.75,0
3617.0,1
3617.5,0
3632.5,1
3632.75,0
3633.0,1
3634.0,0
3634.25,1
3635.5,0
3635.75,1
3636.25,0
3636.5,1
3637.25,0
3637.5,1
3638.0,0
3638.5,1
3639.5,0
3639.75,1
3640.75,0
3641.0,1
3641.25,0
3656.25,1
3660.0,0
3660.25,1
3660.5,0
3660.75,1
3661.25,0
3662.0,1
3663.5,0
3663.75,1
3665.25,0
3670.25,1
3670.5,0
3728.0,1
3728.25,0
3728.5,1
3729.0,0
3729.25,1
3729.5,0
3729.75,1
3730.25,0
3730.75,1
3731.75,0
3732.5,1
3734.75,0
3735.0,1
3735.25,0
3735.5,1
3737.25,0
3737.5,1
3737.75,0
3741.5,1
3741.75,0
3752.0,1
3752.25,0
3753.0,1
3753.75,0
3754.0,1
3757.75,0
3758.0,1
3761.0,0
3761.25,1
3761.75,0
3764.25,1
3764.5,0
3773.75,1
3774.0,0
3775.5,1
3775.75,0
3776.25,1
3776.5,0
3777.25,1
3777.5,0
3778.25,1
3780.75,0
3781.0,1
3781.25,0
3781.5,1
3782.25,0
3782.5,1
3783.0,0
3783.25,1
3783.5,0
3783.75,1
3784.0,0
3784.5,1
3784.75,0
3785.0,1
3785.5,0
3798.75,1
3799.25,0
3800.75,1
3802.75,0
3803.0,1
3804.0,0
3804.5,1
3805.75,0
3806.25,1
3806.75,0
3807.0,1
3808.0,0
3808.25,1
3809.0,0
3812.5,1
3812.75,0
3813.75,1
3814.0,0
3822.5,1
3823.0,0
3825.25,1
3826.25,0
3826.5,1
3827.75,0
3828.0,1
3830.25,0
3830.75,1
3831.0,0
3831.25,1
3831.5,0
3831.75,1
3833.0,0
3833.75,1
3834.0,0
3837.75,1
3838.25,0
3896.0,1
3896.25,0
3896.5,1
3896.75,0
3897.0,1
3897.25,0
3897.75,1
3901.25,0
3901.75,1
3902.0,0
3902.25,1
3902.5,0
3903.0,1
3903.5,0
3903.75,1
3904.0,0
3904.25,1
3904.5,0
3904.75,1
3905.0,0
3909.0,1
3909.25,0
3918.75,1
3919.0,0
3920.5,1
3920.75,0
3921.25,1
3922.5,0
3922.75,1
3924.0,0
3924.25,1
3928.75,0
3929.0,1
3929.25,0
3930.0,1
3930.25,0
3944.5,1
3944.75,0
3945.5,1
3946.25,0
3946.5,1
3946.75,0
3947.0,1
3947.25,0
3947.5,1
3948.5,0
3948.75,1
3949.0,0
3949.25,1
3950.25,0
3950.5,1
3951.0,0
3951.25,1
3951.5,0
3951.75,1
3953.0,0
3966.75,1
3967.0,0
3968.75,1
3969.25,0
3969.5,1
3969.75,0
3970.75,1
3972.25,0
3972.5,1
3974.0,0
3974.25,1
3976.0,0
3976.5,1
3977.75,0
3980.5,1
3980.75,0
3993.25,1
3994.0,0
3994.25,1
3995.75,0
3996.0,1
3996.25,0
3996.5,1
3996.75,0
3997.0,1
3997.5,0
3997.75,1
3998.0,0
3998.75,1
3999.5,0
3999.75,1
4000.0,0
4000.25,1
4001.0,0
4001.25,1
4001.5,0
4001.75,1
4002.0,0
4062.5,1
4062.75,0
4063.5,1
4063.75,0
4064.25,1
4064.5,0
4065.25,1
4067.0,0
4067.5,1
4067.75,0
4068.0,1
4070.5,0
4070.75,1
4072.75,0
4073.0,1
4073.25,0
4088.25,1
4088.5,0
4089.0,1
4089.75,0
4090.0,1
4090.5,0
4090.75,1
4091.0,0
4091.25,1
4095.5,0
4096.5,1
4097.0,0
4100.0,1
4100.25,0
4101.0,1
4101.25,0
4101.5,1
4101.75,0
4110.25,1
4110.5,0
4111.25,1
4111.75,0
4112.5,1
4113.25,0
4113.75,1
4114.0,0
4114.75,1
4115.5,0
4115.75,1
4117.5,0
4117.75,1
4120.25,0
4120.5,1
4121.25,0
4121.75,1
4122.0,0
4125.25,1
4125.5,0
4135.0,1
4135.25,0
4135.75,1
4136.0,0
4137.0,1
4137.5,0
4138.0,1
4138.25,0
4138.5,1
4138.75,0
4139.0,1
4140.25,0
4140.75,1
4141.75,0
4142.0,1
4142.25,0
4142.5,1
4145.0,0
4145.25,1
4145.5,0
4149.5,1
4149.75,0
4157.25,1
4157.5,0
4158.0,1
4158.25,0
4160.75,1
4161.5,0
4162.0,1
4164.25,0
4164.5,1
4165.0,0
4165.25,1
4165.5,0
4166.25,1
4166.5,0
4167.0,1
4167.25,0
4167.5,1
4168.0,0
4168.25,1
4168.5,0
4168.75,1
4169.0,0
4172.75,1
4173.0,0
4233.0,1
4233.75,0
4234.0,1
4234.75,0
4235.25,1
4236.0,0
4236.25,1
4236.75,0
4237.0,1
4237.5,0
4237.75,1
4238.0,0
4238.75,1
4239.25,0
4239.75,1
4240.25,0
4240.75,1
4241.25,0
4241.5,1
4241.75,0
4245.5,1
4245.75,0
4257.0,1
4257.5,0
4257.75,1
4258.0,0
4258.25,1
4259.0,0
4259.25,1
4260.5,0
4261.25,1
4261.75,0
4262.0,1
4262.25,0
4262.5,1
4263.25,0
4263.5,1
4264.0,0
4264.75,1
4265.0,0
4268.5,1
4268.75,0
4279.0,1
4279.25,0
4280.25,1
4280.5,0
4280.75,1
4281.0,0
4281.5,1
4284.0,0
4284.25,1
4284.5,0
4284.75,1
4285.75,0
4286.0,1
4287.0,0
4287.25,1
4287.5,0
4287.75,1
4288.0,0
4288.25,1
4288.75,0
4289.0,1
4289.5,0
4292.75,1
4293.0,0
4303.75,1
4304.0,0
4305.75,1
4307.25,0
4307.5,1
4308.0,0
4308.5,1
4310.75,0
4311.0,1
4313.0,0
4313.25,1
4313.5,0
4326.5,1
4326.75,0
4329.0,1
4329.25,0
4329.5,1
4330.25,0
4330.5,1
4331.0,0
4331.75,1
4332.0,0
4332.25,1
4336.0,0
4336.25,1
4336.5,0
4337.0,1
4337.25,0
4341.5,1
4341.75,0
4400.75,1
4401.25,0
4401.5,1
4401.75,0
4402.0,1
4404.0,0
4404.25,1
4404.5,0
4404.75,1
4405.0,0
4405.5,1
4407.0,0
4407.5,1
4407.75,0
4408.0,1
4408.25,0
4408.5,1
4408.75,0
4412.75,1
4413.0,0
4447.0,1
4447.25,0
4448.5,1
4448.75,0
4449.0,1
4452.0,0
4452.5,1
4453.0,0
4453.75,1
4454.0,0
4454.5,1
4455.0,0
4455.25,1
4456.5,0
4456.75,1
4457.0,0
4472.0,1
4472.25,0
4473.25,1
4475.5,0
4476.0,1
4476.25,0
4477.0,1
4478.5,0
4479.0,1
4479.75,0
4480.25,1
4480.5,0
4480.75,1
4481.25,0
4485.0,1
4485.75,0
4494.5,1
4494.75,0
4495.5,1
4496.0,0
4497.0,1
4497.25,0
4497.5,1
4499.5,0
4499.75,1
4500.0,0
4500.25,1
4501.0,0
4501.5,1
4502.25,0
4502.5,1
4502.75,0
4503.0,1
4503.75,0
4504.0,1
4504.75,0
4505.5,1
4505.75,0
4569.25,1
4569.75,0
4570.25,1
4570.75,0
4571.0,1
4571.75,0
4572.0,1
4574.5,0
4574.75,1
4576.75,0
4591.25,1
4591.5,0
4592.0,1
4592.25,0
4592.75,1
4593.0,0
4593.5,1
4594.5,0
4594.75,1
4596.75,0
4597.0,1
4597.25,0
4598.0,1
4598.75,0
4599.0,1
4599.75,0
4600.25,1
4600.5,0
4614.75,1
4615.0,0
4617.25,1
4619.5,0
4619.75,1
4620.0,0
4620.5,1
4620.75,0
4621.0,1
4621.25,0
4621.75,1
4624.75,0
4625.0,1
4625.5,0
4629.0,1
4629.25,0
4630.75,1
4631.0,0
4638.0,1
4638.5,0
4641.0,1
4641.25,0
4641.75,1
4645.5,0
4645.75,1
4647.75,0
4648.0,1
4649.0,0
4662.25,1
4662.5,0
4663.0,1
4663.25,0
4665.5,1
4669.25,0
4669.5,1
4672.25,0
4672.75,1
4673.0,0
4673.25,1
4673.5,0
4673.75,1
4674.0,0
4737.5,1
4737.75,0
4738.0,1
4738.25,0
4738.5,1
4740.0,0
4740.5,1
4742.5,0
4743.0,1
4744.25,0
4744.5,1
4745.25,0
4745.75,1
4746.0,0
4757.75,1
4758.0,0
4760.75,1
4761.0,0
4761.25,1
4761.5,0
4761.75,1
4762.25,0
4762.5,1
4762.75,0
4763.0,1
4764.25,0
4764.5,1
4765.0,0
4765.5,1
4765.75,0
4766.0,1
4768.25,0
4768.5,1
4768.75,0
4769.0,1
4769.25,0
4773.25,1
4773.5,0
4782.75,1
4783.0,0
4784.75,1
4785.25,0
4785.5,1
4787.5,0
4787.75,1
4789.0,0
4789.25,1
4789.5,0
4790.0,1
4793.25,0
4793.5,1
4793.75,0
4807.5,1
4808.0,0
4809.0,1
4809.5,0
4809.75,1
4811.5,0
4811.75,1
4813.25,0
4813.75,1
4815.0,0
4815.25,1
4816.5,0
4816.75,1
4817.0,0
4822.0,1
4822.25,0
4832.75,1
4833.0,0
4833.5,1
4834.5,0
4834.75,1
4836.0,0
4836.5,1
4838.75,0
4839.25,1
4841.25,0
4844.75,1
4845.25,0
4845.5,1
4845.75,0
4904.0,1
4904.25,0
4905.0,1
4906.5,0
4906.75,1
4908.75,0
4909.0,1
4909.25,0
4909.5,1
4912.0,0
4912.25,1
4913.25,0
4927.5,1
4928.25,0
4929.5,1
4930.5,0
4930.75,1
4931.25,0
4931.5,1
4933.0,0
4933.25,1
4935.75,0
4936.0,1
4937.5,0
4940.5,1
4940.75,0
4941.0,1
4941.25,0
4952.5,1
4953.0,0
4953.25,1
4954.0,0
4954.25,1
4955.0,0
4955.25,1
4955.75,0
4956.0,1
4958.75,0
4959.0,1
4959.75,0
4960.0,1
4960.25,0
4960.5,1
4961.0,0
4961.5,1
4961.75,0
4977.0,1
4977.75,0
4978.0,1
4978.25,0
4978.5,1
4979.0,0
4979.25,1
4979.5,0
4979.75,1
4982.25,0
4982.5,1
4985.25,0
4998.5,1
4998.75,0
4999.0,1
4999.25,0
5000.0,1
5000.25,0
5001.5,1
5004.0,0
5004.25,1
5005.5,0
5005.75,1
5006.25,0
5006.5,1
5006.75,0
5007.25,1
5007.5,0
5007.75,1
5008.25,0
5008.5,1
5009.0,0
5071.5,1
5071.75,0
5072.0,1
5072.5,0
5073.0,1
5073.25,0
5073.5,1
5075.75,0
5076.0,1
5077.75,0
5078.25,1
5079.25,0
5079.5,1
5079.75,0
5080.25,1
5080.5,0
5097.25,1
5097.5,0
5097.75,1
5098.75,0
5099.5,1
5102.25,0
5102.75,1
5104.75,0
5119.25,1
5119.5,0
5120.0,1
5120.25,0
5120.5,1
5120.75,0
5121.0,1
5122.25,0
5122.5,1
5123.75,0
5124.25,1
5125.5,0
5125.75,1
5126.25,0
5126.5,1
5126.75,0
5127.0,1
5128.0,0
5128.5,1
5129.0,0
5145.25,1
5145.75,0
5146.0,1
5147.5,0
5147.75,1
5148.75,0
5149.0,1
5150.25,0
5150.75,1
5152.0,0
5152.25,1
5152.75,0
5157.0,1
5157.25,0
5167.75,1
5168.0,0
5168.25,1
5168.5,0
5168.75,1
5169.25,0
5169.75,1
5172.25,0
5172.5,1
5173.25,0
5173.5,1
5174.0,0
5174.25,1
5174.5,0
5174.75,1
5175.25,0
5175.5,1
5176.5,0
5176.75,1
5177.0,0
5241.0,1
5241.25,0
5242.5,1
5243.75,0
5244.0,1
5245.75,0
5246.0,1
5247.25,0
5247.5,1
5248.5,0
5248.75,1
5249.25,0
5253.0,1
5253.25,0
5261.5,1
5261.75,0
5262.5,1
5262.75,0
5265.25,1
5266.5,0
5267.0,1
5268.0,0
5268.5,1
5269.25,0
5269.5,1
5272.75,0
5273.25,1
5273.75,0
5288.5,1
5288.75,0
5289.0,1
5289.25,0
5289.5,1
5291.0,0
5291.25,1
5292.5,0
5292.75,1
5293.25,0
5293.5,1
5294.25,0
5294.5,1
5294.75,0
5295.25,1
5296.25,0
5296.5,1
5297.25,0
5310.75,1
5311.0,0
5311.25,1
5311.5,0
5311.75,1
5312.0,0
5313.0,1
5313.25,0
5313.5,1
5313.75,0
5314.0,1
5314.25,0
5314.5,1
5315.25,0
5315.5,1
5315.75,0
5316.0,1
5317.25,0
5317.75,1
5318.0,0
5318.25,1
5318.5,0
5318.75,1
5320.75,0
5321.5,1
5321.75,0
5324.5,1
5324.75,0
5325.0,1
5325.25,0
5326.5,1
5326.75,0
5335.0,1
5335.5,0
5335.75,1
5336.25,0
5336.75,1
5338.75,0
5339.25,1
5339.5,0
5340.75,1
5341.0,0
5341.25,1
5341.5,0
5341.75,1
5342.0,0
5342.25,1
5343.75,0
5344.0,1
5345.0,0
5349.0,1
5349.25,0
5406.25,1
5406.5,0
5408.25,1
5409.0,0
5409.5,1
5413.0,0
5413.25,1
5414.5,0
5414.75,1
5415.25,0
5415.75,1
5417.0,0
5417.25,1
5417.75,0
5422.0,1
5422.25,0
5431.0,1
5431.25,0
5432.75,1
5433.0,0
5433.5,1
5434.75,0
5435.0,1
5435.25,0
5435.5,1
5436.75,0
5437.0,1
5437.5,0
5438.0,1
5439.75,0
5440.0,1
5440.5,0
5440.75,1
5441.25,0
5455.0,1
5455.25,0
5457.5,1
5458.0,0
5458.25,1
5459.5,0
5459.75,1
5460.5,0
5460.75,1
5461.75,0
5462.0,1
5462.5,0
5463.0,1
5464.75,0
5481.75,1
5482.0,0
5482.25,1
5484.5,0
5484.75,1
5485.25,0
5485.5,1
5485.75,0
5486.0,1
5489.0,0
5489.75,1
5490.0,0
5504.25,1
5504.5,0
5504.75,1
5505.25,0
5505.5,1
5507.0,0
5507.25,1
5510.0,0
5510.25,1
5510.75,0
5511.0,1
5512.0,0
5512.25,1
5513.25,0
5513.5,1
5513.75,0
5575.25,1
5575.5,0
5576.0,1
5576.25,0
5576.5,1
5576.75,0
5577.25,1
5579.25,0
5579.5,1
5579.75,0
5580.0,1
5580.25,0
5580.5,1
5582.0,0
5582.25,1
5582.75,0
5583.0,1
5583.5,0
5583.75,1
5584.75,0
5585.0,1
5585.25,0
5600.0,1
5600.5,0
5601.0,1
5601.25,0
5601.5,1
5601.75,0
5602.25,1
5602.75,0
5603.25,1
5605.0,0
5605.25,1
5605.5,0
5605.75,1
5607.0,0
5607.25,1
5607.5,0
5607.75,1
5608.5,0
5609.0,1
5609.75,0
5622.75,1
5623.0,0
5623.25,1
5623.5,0
5624.75,1
5626.0,0
5626.25,1
5627.0,0
5627.25,1
5627.75,0
5628.0,1
5629.75,0
5630.0,1
5633.0,0
5633.25,1
5633.5,0
5649.25,1
5651.5,0
5652.0,1
5652.5,0
5652.75,1
5653.5,0
5653.75,1
5654.0,0
5654.25,1
5654.5,0
5655.0,1
5655.5,0
5655.75,1
5656.0,0
5656.25,1
5656.75,0
5657.0,1
5657.5,0
5661.5,1
5661.75,0
5670.5,1
5670.75,0
5673.0,1
5673.75,0
5674.25,1
5674.75,0
5675.0,1
5675.25,0
5675.5,1
5676.0,0
5676.25,1
5676.75,0
5677.0,1
5678.0,0
5678.25,1
5678.5,0
5680.25,1
5680.75,0
5744.5,1
5744.75,0
5745.0,1
5745.25,0
5745.5,1
5749.5,0
5749.75,1
5750.0,0
5750.25,1
5750.5,0
5750.75,1
5752.75,0
5753.0,1
5753.25,0
5758.25,1
5758.5,0
5766.5,1
5766.75,0
5768.75,1
5770.5,0
5771.25,1
5772.75,0
5773.0,1
5776.5,0
5777.25,1
5777.5,0
5779.75,1
5780.0,0
5790.5,1
5790.75,0
5791.25,1
5791.5,0
5792.75,1
5793.25,0
5793.5,1
5794.25,0
5794.5,1
5795.0,0
5795.25,1
5796.25,0
5796.5,1
5796.75,0
5797.0,1
5798.25,0
5798.5,1
5799.25,0
5799.5,1
5800.5,0
5800.75,1
5801.0,0
5801.5,1
5801.75,0
5805.25,1
5805.5,0
5814.25,1
5814.5,0
5816.0,1
5816.25,0
5817.25,1
5817.5,0
5817.75,1
5822.75,0
5823.25,1
5823.75,0
5824.0,1
5824.25,0
5824.5,1
5825.0,0
5832.5,1
5832.75,0
5833.25,1
5833.5,0
5835.0,1
5835.25,0
5838.5,1
5838.75,0
5841.25,1
5841.5,0
5841.75,1
5842.25,0
5842.5,1
5843.75,0
5844.25,1
5844.5,0
5844.75,1
5845.0,0
5845.25,1
5846.0,0
5846.25,1
5847.0,0
5847.25,1
5849.0,0
5849.25,1
5849.5,0
5908.0,1
5908.25,0
5910.25,1
5910.5,0
5913.0,1
5913.25,0
5913.5,1
5916.5,0
5916.75,1
5918.0,0
5918.25,1
5920.75,0
5957.5,1
5957.75,0
5959.0,1
5959.25,0
5960.75,1
5961.0,0
5961.5,1
5962.25,0
5962.5,1
5963.25,0
5963.5,1
5964.0,0
5964.25,1
5964.5,0
5965.25,1
5965.75,0
5966.25,1
5966.75,0
5967.0,1
5967.25,0
5967.5,1
5969.25,0
5972.75,1
5973.0,0
5982.75,1
5983.0,0
5983.75,1
5984.0,0
5984.25,1
5984.5,0
5985.0,1
5985.25,0
5985.5,1
5986.5,0
5986.75,1
5988.0,0
5988.5,1
5990.5,0
5990.75,1
5992.75,0
5993.0,1
5993.25,0
5993.5,1
5993.75,0
6006.75,1
6007.0,0
6007.25,1
6007.5,0
6007.75,1
6008.25,0
6009.75,1
6010.25,0
6010.5,1
6012.75,0
6013.0,1
6013.25,0
6013.5,1
6013.75,0
6014.0,1
6014.5,0
6014.75,1
6015.0,0
6015.25,1
6017.0,0
6077.75,1
6078.0,0
6078.5,1
6078.75,0
6080.75,1
6084.5,0
6084.75,1
6086.25,0
6086.5,1
6089.0,0
6089.25,1
6089.5,0
6102.75,1
6103.0,0
6105.25,1
6105.5,0
6106.0,1
6106.25,0
6106.5,1
6107.5,0
6107.75,1
6108.25,0
6108.5,1
6109.25,0
6109.5,1
6109.75,0
6110.0,1
6112.0,0
6112.5,1
6113.0,0
6113.5,1
6113.75,0
6117.5,1
6117.75,0
6126.75,1
6127.0,0
6127.5,1
6127.75,0
6129.5,1
6130.25,0
6130.5,1
6130.75,0
6131.0,1
6131.75,0
6132.0,1
6133.25,0
6133.5,1
6134.0,0
6134.25,1
6135.0,0
6135.25,1
6137.5,0
6141.5,1
6141.75,0
6150.75,1
6151.25,0
6152.0,1
6152.25,0
6153.25,1
6154.25,0
6154.5,1
6155.25,0
6155.5,1
6156.0,0
6156.25,1
6156.75,0
6157.0,1
6160.5,0
6175.0,1
6175.25,0
6175.75,1
6176.0,0
6176.25,1
6176.5,0
6176.75,1
6177.5,0
6177.75,1
6179.0,0
6179.25,1
6179.5,0
6180.0,1
6180.25,0
6180.5,1
6181.0,0
6181.25,1
6181.5,0
6182.0,1
6182.75,0
6183.25,1
6184.0,0
6184.25,1
6184.75,0
6185.0,1
6185.25,0
6185.5,1
6185.75,0
6248.0,1
6248.25,0
6248.5,1
6248.75,0
6249.0,1
6249.25,0
6249.5,1
6250.0,0
6250.25,1
6253.25,0
6253.5,1
6253.75,0
6254.0,1
6257.0,0
6257.25,1
6257.5,0
6272.5,1
6272.75,0
6273.25,1
6273.5,0
6274.25,1
6274.5,0
6274.75,1
6278.75,0
6279.25,1
6279.75,0
6280.0,1
6280.25,0
6284.0,1
6284.25,0
6296.75,1
6297.25,0
6298.25,1
6300.0,0
6301.25,1
6301.75,0
6302.25,1
6302.75,0
6303.0,1
6304.5,0
6304.75,1
6305.5,0
6318.25,1
6318.5,0
6321.0,1
6321.25,0
6321.5,1
6322.0,0
6322.25,1
6323.0,0
6323.25,1
6324.0,0
6324.75,1
6326.0,0
6326.25,1
6329.0,0
6329.5,1
6329.75,0
6343.0,1
6343.25,0
6343.75,1
6344.0,0
6344.5,1
6345.0,0
6345.25,1
6347.25,0
6347.75,1
6348.0,0
6348.25,1
6349.25,0
6349.5,1
6350.75,0
6351.0,1
6351.5,0
6352.25,1
6353.25,0
6353.5,1
6353.75,0
6414.5,1
6414.75,0
6417.5,1
6418.5,0
6418.75,1
6420.25,0
6420.75,1
6421.25,0
6421.5,1
6422.0,0
6422.5,1
6422.75,0
6423.0,1
6425.0,0
6425.25,1
6425.75,0
6440.75,1
6445.25,0
6445.5,1
6446.5,0
6446.75,1
6447.75,0
6448.0,1
6448.75,0
6452.25,1
6452.5,0
6464.0,1
6464.25,0
6464.75,1
6467.0,0
6467.5,1
6467.75,0
6468.25,1
6468.75,0
6469.0,1
6469.25,0
6469.75,1
6470.25,0
6470.5,1
6470.75,0
6471.0,1
6471.5,0
6471.75,1
6473.0,0
6478.0,1
6478.25,0
6486.75,1
6487.0,0
6487.75,1
6488.0,0
6488.5,1
6488.75,0
6489.0,1
6489.5,0
6490.0,1
6491.25,0
6491.75,1
6492.0,0
6492.25,1
6492.75,0
6493.0,1
6494.75,0
6495.25,1
6496.25,0
6496.5,1
6497.25,0
6512.75,1
6513.0,0
6513.25,1
6513.5,0
6513.75,1
6514.0,0
6514.5,1
6516.0,0
6516.25,1
6517.25,0
6517.5,1
6518.0,0
6518.25,1
6519.75,0
6520.0,1
6520.25,0
6520.5,1
6521.25,0
6523.5,1
6523.75,0
6525.0,1
6525.5,0
6582.5,1
6582.75,0
6584.5,1
6587.25,0
6587.75,1
6588.25,0
6588.75,1
6590.0,0
6590.25,1
6590.5,0
6590.75,1
6593.0,0
6593.75,1
6594.0,0
6608.5,1
6608.75,0
6609.0,1
6609.25,0
6609.75,1
6612.5,0
6612.75,1
6613.0,0
6613.25,1
6613.75,0
6614.0,1
6614.25,0
6614.5,1
6614.75,0
6615.0,1
6615.25,0
6615.5,1
6617.25,0
6620.5,1
6620.75,0
6629.75,1
6630.0,0
6631.0,1
6631.25,0
6631.5,1
6631.75,0
6633.0,1
6633.5,0
6633.75,1
6634.5,0
6634.75,1
6636.75,0
6637.0,1
6638.5,0
6638.75,1
6639.5,0
6639.75,1
6640.0,0
6640.25,1
6640.75,0
6641.0,1
6641.5,0
6657.25,1
6657.5,0
6657.75,1
6659.75,0
6660.5,1
6661.5,0
6661.75,1
6662.0,0
6662.25,1
6663.25,0
6663.5,1
6665.0,0
6665.25,1
6665.5,0
6668.0,1
6668.25,0
6668.75,1
6669.0,0
6671.0,1
6671.25,0
6679.25,1
6679.5,0
6680.75,1
6681.0,0
6681.75,1
6682.25,0
6682.5,1
6683.25,0
6683.5,1
6684.5,0
6684.75,1
6685.0,0
6685.5,1
6686.0,0
6686.25,1
6686.5,0
6686.75,1
6687.5,0
6687.75,1
6688.75,0
6690.5,1
6690.75,0
6693.75,1
6694.0,0
6750.5,1
6750.75,0
6751.25,1
6751.5,0
6753.25,1
6753.75,0
6754.5,1
6755.0,0
6755.25,1
6755.75,0
6756.0,1
6756.25,0
6756.75,1
6758.75,0
6759.0,1
6759.75,0
6760.25,1
6761.25,0
6798.0,1
6798.25,0
6799.0,1
6799.25,0
6800.5,1
6800.75,0
6801.25,1
6801.75,0
6802.0,1
6802.5,0
6802.75,1
6803.0,0
6803.5,1
6804.25,0
6804.5,1
6805.25,0
6805.5,1
6808.25,0
6808.75,1
6809.25,0
6813.5,1
6813.75,0
6822.0,1
6822.25,0
6824.25,1
6824.5,0
6824.75,1
6825.25,0
6825.5,1
6826.25,0
6826.5,1
6827.25,0
6827.5,1
6828.0,0
6828.25,1
6830.5,0
6830.75,1
6831.0,0
6831.25,1
6832.5,0
6833.0,1
6833.25,0
6847.25,1
6847.5,0
6848.75,1
6851.25,0
6852.0,1
6852.5,0
6852.75,1
6854.5,0
6854.75,1
6856.25,0
6856.5,1
6857.0,0
6920.5,1
6921.0,0
6921.25,1
6922.75,0
6923.0,1
6923.75,0
6924.0,1
6926.0,0
6926.25,1
6927.75,0
6928.0,1
6928.75,0
6929.0,1
6929.25,0
6932.25,1
6932.5,0
6942.5,1
6942.75,0
6943.25,1
6943.5,0
6944.75,1
6945.0,0
6945.25,1
6947.75,0
6948.0,1
6949.25,0
6950.25,1
6952.0,0
6952.25,1
6952.75,0
6953.0,1
6953.25,0
6967.25,1
6967.5,0
6969.25,1
6970.25,0
6970.5,1
6970.75,0
6971.75,1
6975.25,0
6975.5,1
6976.75,0
6980.0,1
6980.25,0
6991.0,1
6991.25,0
6992.25,1
6992.5,0
6992.75,1
6994.25,0
6994.5,1
6996.0,0
6996.5,1
6998.5,0
6998.75,1
7000.25,0
7000.5,1
7001.0,0
7014.75,1
7015.0,0
7017.75,1
7020.0,0
7020.25,1
7022.25,0
7022.75,1
7023.0,0
7023.25,1
7023.5,0
7023.75,1
7025.25,0
7025.5,1
7025.75,0
7088.25,1
7091.5,0
7091.75,1
7093.25,0
7093.5,1
7095.0,0
7095.25,1
7096.0,0
7096.25,1
7096.75,0
7097.0,1
7097.25,0
7109.5,1
7109.75,0
7110.75,1
7111.0,0
7113.0,1
7114.25,0
7114.5,1
7116.25,0
7116.5,1
7118.25,0
7118.75,1
7119.5,0
7119.75,1
7121.5,0
7136.0,1
7136.25,0
7137.0,1
7137.25,0
7137.5,1
7139.25,0
7139.75,1
7141.75,0
7142.0,1
7143.75,0
7144.0,1
7144.75,0
7145.0,1
7145.25,0
7160.0,1
7160.25,0
7160.5,1
7160.75,0
7161.0,1
7161.25,0
7161.5,1
7161.75,0
7162.0,1
7163.5,0
7163.75,1
7165.75,0
7166.25,1
7166.5,0
7167.25,1
7168.25,0
7182.5,1
7182.75,0
7185.0,1
7185.5,0
7185.75,1
7186.5,0
7186.75,1
7187.0,0
7187.25,1
7188.75,0
7189.0,1
7193.0,0
7254.25,1
7254.75,0
7256.25,1
7256.5,0
7257.0,1
7257.5,0
7257.75,1
7258.0,0
7258.25,1
7260.0,0
7260.25,1
7260.75,0
7261.0,1
7261.5,0
7261.75,1
7262.0,0
7262.25,1
7262.5,0
7262.75,1
7263.25,0
7263.5,1
7263.75,0
7264.0,1
7264.25,0
7264.5,1
7265.25,0
7280.75,1
7281.0,0
7281.25,1
7285.0,0
7285.25,1
7285.75,0
7286.25,1
7286.5,0
7286.75,1
7288.25,0
7288.5,1
7289.0,0
7293.75,1
7294.0,0
7305.25,1
7305.5,0
7305.75,1
7306.25,0
7306.5,1
7309.25,0
7309.5,1
7309.75,0
7310.0,1
7312.25,0
7312.5,1
7312.75,0
7313.0,1
7313.25,0
7326.75,1
7327.0,0
7329.0,1
7330.0,0
7330.25,1
7331.5,0
7331.75,1
7333.0,0
7333.5,1
7334.0,0
7334.25,1
7335.75,0
7336.0,1
7336.75,0
7339.0,1
7339.25,0
7353.5,1
7353.75,0
7354.0,1
7355.25,0
7355.5,1
7358.0,0
7358.25,1
7359.75,0
7360.0,1
7360.75,0
7361.0,1
7361.25,0
7363.25,1
7363.5,0
7422.75,1
7423.0,0
7425.25,1
7426.0,0
7426.5,1
7427.75,0
7428.0,1
7428.5,0
7428.75,1
7429.0,0
7429.5,1
7430.25,0
7430.5,1
7430.75,0
7431.25,1
7432.0,0
7432.5,1
7432.75,0
7433.25,1
7433.5,0
7436.0,1
7436.25,0
7445.5,1
7445.75,0
7449.0,1
7450.5,0
7450.75,1
7452.5,0
7452.75,1
7453.0,0
7453.25,1
7453.5,0
7453.75,1
7455.25,0
7455.75,1
7456.0,0
7456.25,1
7457.0,0
7457.25,1
7457.5,0
7461.0,1
7461.25,0
7470.75,1
7471.0,0
7471.5,1
7471.75,0
7472.25,1
7472.5,0
7473.0,1
7474.5,0
7474.75,1
7475.0,0
7475.25,1
7476.75,0
7477.0,1
7478.75,0
7479.0,1
7479.75,0
7480.0,1
7481.25,0
7481.5,1
7481.75,0
7497.0,1
7497.5,0
7497.75,1
7498.0,0
7498.25,1
7499.25,0
7499.5,1
7500.75,0
7501.0,1
7502.25,0
7502.75,1
7503.0,0
7503.25,1
7504.0,0
7504.25,1
7505.0,0
7508.25,1
7508.5,0
7508.75,1
7509.0,0
7520.5,1
7520.75,0
7521.25,1
7523.5,0
7523.75,1
7525.5,0
7525.75,1
7526.25,0
7526.5,1
7526.75,0
7527.0,1
7527.25,0
7527.5,1
7529.25,0
7533.5,1
7533.75,0
7590.25,1
7590.5,0
7591.5,1
7592.0,0
7592.25,1
7593.75,0
7594.0,1
7596.25,0
7596.5,1
7597.25,0
7597.5,1
7598.5,0
7599.0,1
7601.0,0
7601.5,1
7601.75,0
7602.0,1
7602.25,0
7614.75,1
7615.0,0
7615.75,1
7616.25,0
7616.5,1
7616.75,0
7617.0,1
7617.5,0
7617.75,1
7619.25,0
7619.5,1
7619.75,0
7620.0,1
7622.5,0
7622.75,1
7623.75,0
7624.0,1
7625.0,0
7628.75,1
7629.0,0
7641.25,1
7641.5,0
7641.75,1
7642.5,0
7642.75,1
7643.5,0
7643.75,1
7644.0,0
7644.25,1
7645.25,0
7645.5,1
7646.0,0
7646.25,1
7647.5,0
7647.75,1
7649.25,0
7649.75,1
7650.0,0
7661.0,1
7661.25,0
7664.5,1
7665.0,0
7665.5,1
7668.0,0
7668.5,1
7668.75,0
7669.0,1
7670.5,0
7670.75,1
7673.0,0
7676.25,1
7676.5,0
7689.0,1
7692.25,0
7692.5,1
7692.75,0
7693.0,1
7694.0,0
7694.25,1
7696.25,0
7696.5,1
7697.25,0
7758.75,1
7759.0,0
7759.5,1
7759.75,0
7760.75,1
7761.5,0
7762.0,1
7762.25,0
7762.5,1
7763.0,0
7763.25,1
7767.0,0
7767.25,1
7769.0,0
7782.75,1
7783.0,0
7784.25,1
7784.5,0
7784.75,1
7785.0,0
7785.5,1
7785.75,0
7786.25,1
7787.25,0
7787.5,1
7788.0,0
7788.75,1
7789.75,0
7790.0,1
7790.25,0
7790.75,1
7791.75,0
7792.0,1
7792.25,0
7792.5,1
7793.5,0
7807.25,1
7807.5,0
7809.0,1
7813.5,0
7813.75,1
7814.0,0
7814.25,1
7815.0,0
7815.25,1
7816.5,0
7817.0,1
7817.25,0
7832.5,1
7833.5,0
7833.75,1
7834.0,0
7834.25,1
7835.0,0
7835.25,1
7836.25,0
7836.5,1
7836.75,0
7837.0,1
7840.0,0
7841.0,1
7841.25,0
7925.5,1
7925.75,0
7929.25,1
7931.25,0
7931.75,1
7932.0,0
7932.5,1
7932.75,0
7933.0,1
7933.75,0
7934.0,1
7934.75,0
7935.25,1
7937.0,0
7952.5,1
7952.75,0
7953.0,1
7953.25,0
7953.75,1
7954.0,0
7954.25,1
7955.0,0
7955.25,1
7957.0,0
7957.25,1
7958.0,0
7958.25,1
7959.0,0
7959.5,1
7960.0,0
7960.25,1
7960.5,0
7960.75,1
7961.0,0
7961.25,1
7961.5,0
7974.25,1
7974.5,0
7976.25,1
7979.25,0
7979.5,1
7979.75,0
7980.0,1
7982.0,0
7982.5,1
7984.5,0
7984.75,1
7985.0,0
7988.5,1
7988.75,0
7997.25,1
7997.5,0
8001.75,1
8004.25,0
8004.5,1
8005.5,0
8005.75,1
8007.0,0
8007.25,1
8008.75,0
8025.0,1
8025.25,0
8025.75,1
8028.0,0
8029.0,1
8029.75,0
8030.25,1
8030.75,0
8031.0,1
8031.75,0
8032.0,1
8032.5,0
8032.75,1
8033.0,0
8033.5,1
8033.75,0
8036.5,1
8037.0,0
8094.5,1
8095.0,0
8096.75,1
8097.0,0
8097.25,1
8098.25,0
8098.5,1
8100.0,0
8100.25,1
8100.5,0
8101.0,1
8103.25,0
8103.75,1
8104.0,0
8104.25,1
8104.75,0
8105.0,1
8105.25,0
8105.5,1
8105.75,0
8109.5,1
8109.75,0
8119.0,1
8119.25,0
8120.25,1
8120.5,0
8121.0,1
8122.5,0
8123.0,1
8124.25,0
8124.75,1
8126.25,0
8126.5,1
8128.0,0
8128.25,1
8128.5,0
8128.75,1
8129.25,0
8145.0,1
8145.25,0
8145.5,1
8147.0,0
8147.25,1
8147.75,0
8148.0,1
8148.75,0
8149.0,1
8149.5,0
8149.75,1
8150.0,0
8150.25,1
8152.75,0
8169.0,1
8171.0,0
8171.25,1
8172.0,0
8172.25,1
8172.5,0
8172.75,1
8173.0,0
8173.75,1
8177.5,0
8192.5,1
8193.0,0
8193.5,1
8194.0,0
8194.5,1
8194.75,0
8195.0,1
8195.75,0
8196.0,1
8196.75,0
8197.0,1
8199.5,0
8199.75,1
8201.5,0
8204.75,1
8205.0,0
8206.25,1
8206.5,0
8258.0,1
8258.25,0
8259.75,1
8260.0,0
8263.75,1
8264.0,0
8264.75,1
8265.0,0
8265.25,1
8267.25,0
8267.5,1
8268.0,0
8268.25,1
8268.5,0
8268.75,1
8271.0,0
8271.25,1
8271.75,0
8272.0,1
8272.25,0
8272.5,1
8273.0,0
8273.5,1
8273.75,0
8288.5,1
8288.75,0
8289.0,1
8289.5,0
8289.75,1
8291.0,0
8291.25,1
8291.75,0
8292.0,1
8292.25,0
8292.75,1
8293.0,0
8293.25,1
8293.75,0
8294.0,1
8294.5,0
8294.75,1
8296.0,0
8296.25,1
8296.75,0
8311.75,1
8312.0,0
8313.5,1
8314.5,0
8315.5,1
8317.75,0
8318.25,1
8319.0,0
8319.25,1
8319.75,0
8320.0,1
8320.25,0
8320.5,1
8320.75,0
8334.5,1
8334.75,0
8337.25,1
8338.0,0
8338.25,1
8339.5,0
8339.75,1
8340.25,0
8340.5,1
8340.75,0
8341.25,1
8341.5,0
8341.75,1
8342.0,0
8342.25,1
8343.0,0
8343.5,1
8345.25,0
8348.75,1
8349.0,0
8358.75,1
8359.0,0
8359.5,1
8360.5,0
8361.25,1
8361.5,0
8361.75,1
8363.0,0
8363.5,1
8364.5,0
8364.75,1
8365.0,0
8365.25,1
8365.75,0
8366.0,1
8366.25,0
8366.5,1
8367.75,0
8368.0,1
8369.25,0
8430.25,1
8430.5,0
8432.25,1
8432.5,0
8432.75,1
8433.0,0
8433.5,1
8433.75,0
8434.0,1
8436.5,0
8436.75,1
8437.0,0
8437.25,1
8439.25,0
8439.5,1
8439.75,0
8440.0,1
8441.0,0
8441.25,1
8441.5,0
8457.0,1
8458.0,0
8458.25,1
8460.0,0
8460.25,1
8461.75,0
8462.0,1
8463.5,0
8463.75,1
8465.25,0
8481.0,1
8481.25,0
8481.5,1
8482.5,0
8482.75,1
8483.25,0
8483.5,1
8488.0,0
8488.25,1
8489.0,0
8492.75,1
8493.0,0
8504.5,1
8504.75,0
8505.0,1
8505.5,0
8505.75,1
8507.0,0
8507.25,1
8507.75,0
8508.5,1
8509.0,0
8509.25,1
8512.0,0
8512.25,1
8513.0,0
8513.25,1
8513.5,0
8528.25,1
8528.5,0
8529.25,1
8532.5,0
8532.75,1
8533.25,0
8533.75,1
8535.25,0
8535.5,1
8536.5,0
8536.75,1
8537.25,0
8624.25,1
8624.75,0
8625.0,1
8625.25,0
8625.5,1
8626.75,0
8627.0,1
8629.0,0
8629.5,1
8630.25,0
8630.75,1
8632.75,0
8633.25,1
8633.5,0
8646.25,1
8646.5,0
8647.25,1
8647.5,0
8649.0,1
8649.75,0
8650.0,1
8650.75,0
8651.25,1
8652.0,0
8652.25,1
8652.5,0
8652.75,1
8653.5,0
8653.75,1
8656.5,0
8656.75,1
8657.0,0
8657.25,1
8657.5,0
8657.75,1
8658.0,0
8658.25,1
8658.5,0
8662.0,1
8662.25,0
8673.25,1
8675.75,0
8676.0,1
8677.0,0
8678.0,1
8678.75,0
8679.0,1
8680.5,0
8681.25,1
8681.75,0
8684.25,1
8684.5,0
8686.0,1
8686.25,0
8694.75,1
8695.0,0
8696.0,1
8696.25,0
8697.0,1
8697.25,0
8697.5,1
8698.0,0
8698.25,1
8698.75,0
8699.25,1
8699.5,0
8700.0,1
8700.5,0
8701.0,1
8702.5,0
8702.75,1
8703.0,0
8703.25,1
8704.0,0
8704.25,1
8704.75,0
8705.0,1
8705.25,0
