#1


float Room-329 (3733,2)
0.0,0
29.5,1
29.75,0
30.25,1
30.5,0
30.75,1
31.0,0
31.25,1
32.0,0
33.25,1
37.25,0
37.5,1
41.25,0
41.5,1
41.75,0
45.0,1
45.5,0
54.0,1
54.75,0
55.0,1
55.25,0
56.0,1
56.25,0
56.5,1
59.0,0
59.25,1
63.25,0
63.5,1
63.75,0
64.0,1
65.25,0
69.5,1
69.75,0
77.5,1
77.75,0
78.0,1
78.25,0
78.5,1
79.0,0
79.75,1
80.25,0
80.5,1
84.75,0
85.0,1
86.25,0
86.5,1
87.75,0
88.0,1
88.5,0
88.75,1
89.25,0
93.0,1
93.25,0
102.25,1
103.0,0
104.5,1
109.75,0
110.0,1
112.75,0
113.5,1
113.75,0
114.25,1
114.5,0
126.25,1
126.5,0
126.75,1
127.0,0
127.75,1
128.0,0
128.5,1
129.25,0
129.5,1
132.0,0
132.25,1
134.5,0
135.0,1
135.5,0
135.75,1
137.0,0
137.5,1
138.0,0
140.75,1
141.0,0
141.5,1
141.75,0
142.25,1
142.5,0
198.0,1
198.75,0
199.0,1
199.75,0
200.25,1
200.5,0
200.75,1
206.25,0
206.5,1
208.0,0
208.25,1
209.25,0
220.5,1
220.75,0
221.0,1
221.5,0
222.25,1
222.5,0
223.0,1
223.5,0
224.0,1
224.5,0
224.75,1
225.0,0
225.25,1
230.5,0
230.75,1
232.0,0
232.25,1
232.5,0
232.75,1
233.0,0
233.25,1
233.5,0
246.0,1
246.75,0
247.0,1
247.75,0
248.25,1
249.0,0
249.25,1
251.0,0
251.25,1
252.25,0
252.5,1
254.25,0
254.5,1
257.0,0
257.25,1
257.75,0
269.0,1
269.5,0
269.75,1
270.0,0
270.25,1
270.5,0
270.75,1
271.0,0
271.25,1
272.0,0
273.0,1
276.5,0
276.75,1
278.5,0
278.75,1
281.0,0
281.5,1
281.75,0
290.5,1
290.75,0
291.0,1
291.25,0
294.25,1
295.25,0
295.75,1
296.25,0
296.5,1
299.75,0
300.25,1
304.5,0
304.75,1
305.25,0
365.75,1
366.25,0
366.75,1
367.0,0
368.75,1
372.75,0
373.0,1
374.0,0
374.25,1
377.25,0
380.75,1
381.0,0
389.25,1
390.0,0
390.75,1
391.0,0
392.75,1
399.0,0
399.25,1
401.5,0
406.25,1
406.5,0
437.75,1
438.5,0
438.75,1
439.0,0
439.25,1
440.0,0
440.25,1
441.25,0
441.5,1
446.25,0
446.5,1
448.25,0
448.5,1
448.75,0
449.0,1
449.25,0
461.0,1
461.25,0
461.75,1
462.25,0
462.5,1
463.0,0
463.25,1
463.5,0
464.5,1
468.25,0
468.5,1
468.75,0
469.0,1
473.0,0
474.0,1
474.25,0
533.25,1
533.5,0
534.5,1
535.0,0
535.75,1
536.0,0
536.25,1
536.5,0
536.75,1
537.0,0
537.5,1
540.5,0
540.75,1
541.0,0
541.5,1
541.75,0
542.0,1
543.0,0
543.5,1
543.75,0
544.0,1
544.5,0
545.0,1
545.75,0
557.0,1
557.25,0
558.25,1
558.5,0
558.75,1
559.0,0
560.5,1
566.25,0
566.5,1
567.5,0
567.75,1
568.25,0
568.5,1
569.25,0
582.0,1
583.0,0
584.5,1
584.75,0
585.25,1
589.0,0
589.25,1
592.5,0
593.0,1
593.25,0
593.5,1
593.75,0
606.0,1
606.5,0
606.75,1
607.5,0
608.5,1
613.75,0
614.0,1
614.5,0
614.75,1
617.0,0
629.5,1
629.75,0
630.25,1
631.25,0
631.5,1
632.0,0
632.75,1
638.0,0
638.5,1
639.0,0
639.25,1
641.0,0
641.25,1
641.75,0
645.25,1
645.5,0
701.5,1
701.75,0
702.0,1
702.25,0
702.75,1
703.75,0
704.5,1
704.75,0
705.0,1
705.5,0
705.75,1
708.25,0
708.5,1
710.5,0
710.75,1
713.25,0
717.0,1
717.25,0
725.75,1
726.5,0
726.75,1
727.0,0
727.5,1
727.75,0
728.5,1
728.75,0
729.0,1
733.5,0
733.75,1
737.25,0
740.0,1
740.25,0
749.75,1
750.5,0
751.5,1
752.0,0
752.75,1
755.0,0
755.25,1
755.5,0
755.75,1
757.0,0
757.25,1
758.75,0
759.25,1
761.75,0
764.75,1
765.0,0
773.25,1
773.5,0
774.25,1
775.25,0
775.5,1
775.75,0
776.0,1
779.5,0
779.75,1
780.75,0
781.0,1
785.0,0
797.75,1
798.0,0
798.25,1
798.75,0
799.5,1
799.75,0
800.25,1
800.75,0
801.0,1
802.75,0
803.0,1
804.0,0
804.25,1
807.75,0
808.0,1
809.0,0
809.25,1
809.75,0
869.5,1
869.75,0
870.25,1
870.5,0
871.25,1
871.5,0
872.25,1
872.75,0
873.0,1
876.25,0
876.5,1
878.0,0
878.25,1
881.0,0
893.25,1
893.5,0
893.75,1
894.0,0
894.25,1
894.5,0
894.75,1
895.75,0
896.0,1
896.25,0
896.75,1
898.5,0
898.75,1
902.0,0
902.25,1
902.5,0
902.75,1
905.25,0
905.75,1
906.0,0
917.75,1
918.25,0
918.5,1
919.25,0
920.25,1
920.75,0
921.0,1
928.0,0
928.25,1
929.25,0
941.0,1
941.25,0
941.75,1
942.25,0
942.5,1
943.0,0
943.25,1
944.0,0
945.25,1
948.75,0
949.0,1
950.5,0
951.0,1
953.25,0
965.5,1
966.0,0
966.5,1
966.75,0
967.0,1
967.5,0
968.5,1
968.75,0
969.25,1
972.5,0
972.75,1
974.5,0
974.75,1
977.25,0
977.75,1
978.0,0
982.0,1
982.25,0
1038.0,1
1039.75,0
1040.0,1
1046.75,0
1047.0,1
1048.5,0
1048.75,1
1049.0,0
1061.75,1
1062.25,0
1062.5,1
1062.75,0
1063.0,1
1063.25,0
1063.5,1
1063.75,0
1064.25,1
1064.75,0
1065.0,1
1066.0,0
1066.25,1
1070.25,0
1070.5,1
1073.0,0
1109.5,1
1110.0,0
1110.25,1
1110.5,0
1110.75,1
1111.25,0
1111.5,1
1111.75,0
1112.0,1
1114.0,0
1114.25,1
1115.25,0
1115.5,1
1120.25,0
1120.5,1
1121.25,0
1133.5,1
1134.25,0
1134.5,1
1135.0,0
1135.25,1
1135.5,0
1135.75,1
1136.0,0
1136.5,1
1136.75,0
1137.0,1
1140.75,0
1141.0,1
1144.75,0
1145.0,1
1145.25,0
1145.75,1
1146.0,0
1147.5,1
1147.75,0
1206.0,1
1206.75,0
1208.0,1
1208.25,0
1208.75,1
1209.75,0
1210.25,1
1212.25,0
1212.5,1
1217.5,0
1220.5,1
1220.75,0
1229.75,1
1230.0,0
1231.0,1
1231.75,0
1232.0,1
1232.25,0
1233.0,1
1233.5,0
1234.0,1
1236.75,0
1237.0,1
1241.5,0
1245.0,1
1245.25,0
1254.0,1
1254.75,0
1255.25,1
1256.5,0
1256.75,1
1260.0,0
1260.25,1
1265.5,0
1275.25,1
1275.5,0
1277.5,1
1277.75,0
1278.0,1
1278.5,0
1278.75,1
1279.0,0
1280.5,1
1284.25,0
1284.5,1
1289.25,0
1301.0,1
1301.5,0
1302.0,1
1302.25,0
1302.5,1
1302.75,0
1303.25,1
1303.75,0
1304.0,1
1304.25,0
1305.25,1
1310.0,0
1310.25,1
1313.75,0
1373.75,1
1374.0,0
1374.25,1
1375.5,0
1376.0,1
1376.25,0
1376.5,1
1376.75,0
1377.0,1
1377.5,0
1377.75,1
1385.5,0
1388.0,1
1388.25,0
1388.5,1
1389.0,0
1389.5,1
1389.75,0
1390.25,1
1390.5,0
1398.0,1
1398.75,0
1399.25,1
1399.75,0
1400.5,1
1400.75,0
1401.0,1
1406.75,0
1407.25,1
1409.5,0
1421.5,1
1422.25,0
1423.0,1
1423.5,0
1424.75,1
1425.0,0
1425.25,1
1429.25,0
1429.5,1
1430.25,0
1430.5,1
1430.75,0
1431.5,1
1433.25,0
1445.75,1
1446.25,0
1446.5,1
1446.75,0
1447.0,1
1447.5,0
1447.75,1
1448.0,0
1448.75,1
1455.5,0
1455.75,1
1456.75,0
1457.0,1
1457.25,0
1469.25,1
1469.75,0
1470.5,1
1471.25,0
1471.5,1
1472.75,0
1473.25,1
1476.0,0
1476.25,1
1481.5,0
1541.25,1
1541.5,0
1541.75,1
1542.0,0
1542.25,1
1542.5,0
1543.5,1
1543.75,0
1544.75,1
1545.25,0
1545.5,1
1548.0,0
1548.25,1
1551.75,0
1552.0,1
1553.0,0
1565.75,1
1566.75,0
1567.75,1
1568.0,0
1568.25,1
1572.5,0
1572.75,1
1577.75,0
1581.5,1
1581.75,0
1589.25,1
1589.5,0
1589.75,1
1590.0,0
1590.25,1
1590.5,0
1591.0,1
1591.5,0
1592.0,1
1592.25,0
1592.5,1
1596.5,0
1596.75,1
1598.75,0
1599.0,1
1601.0,0
1601.25,1
1601.5,0
1614.0,1
1614.75,0
1615.5,1
1616.0,0
1616.5,1
1621.75,0
1622.25,1
1625.25,0
1629.25,1
1629.5,0
1637.0,1
1637.25,0
1637.75,1
1638.25,0
1638.5,1
1638.75,0
1639.25,1
1640.0,0
1640.25,1
1640.5,0
1641.0,1
1643.5,0
1643.75,1
1648.75,0
1649.25,1
1649.5,0
1709.5,1
1710.25,0
1710.5,1
1711.0,0
1713.0,1
1714.0,0
1714.25,1
1718.75,0
1719.25,1
1719.5,0
1719.75,1
1720.5,0
1720.75,1
1721.25,0
1724.5,1
1724.75,0
1733.5,1
1734.0,0
1734.25,1
1734.75,0
1736.5,1
1745.0,0
1747.75,1
1748.0,0
1750.0,1
1750.25,0
1757.25,1
1757.5,0
1758.0,1
1758.25,0
1758.5,1
1759.0,0
1761.0,1
1764.25,0
1764.5,1
1766.0,0
1766.25,1
1769.5,0
1769.75,1
1770.0,0
1781.75,1
1782.5,0
1783.0,1
1783.25,0
1783.5,1
1784.0,0
1784.75,1
1785.25,0
1785.75,1
1786.25,0
1786.5,1
1792.0,0
1792.25,1
1793.0,0
1793.5,1
1793.75,0
1805.5,1
1807.0,0
1807.25,1
1807.5,0
1809.0,1
1809.75,0
1810.0,1
1812.0,0
1812.25,1
1814.0,0
1814.25,1
1815.75,0
1816.0,1
1817.25,0
1817.5,1
1817.75,0
1821.75,1
1822.0,0
1877.0,1
1878.25,0
1880.0,1
1880.75,0
1881.25,1
1884.0,0
1884.25,1
1884.5,0
1884.75,1
1888.5,0
1888.75,1
1889.25,0
1901.75,1
1902.0,0
1902.25,1
1902.5,0
1902.75,1
1903.25,0
1904.5,1
1904.75,0
1905.25,1
1907.25,0
1907.5,1
1908.75,0
1909.0,1
1909.25,0
1910.5,1
1910.75,0
1911.0,1
1913.25,0
1925.25,1
1925.75,0
1926.0,1
1926.25,0
1926.75,1
1927.75,0
1928.25,1
1929.25,0
1929.5,1
1931.75,0
1932.25,1
1935.75,0
1936.0,1
1937.0,0
1941.0,1
1941.25,0
1942.25,1
1942.5,0
1949.0,1
1949.25,0
1949.5,1
1950.25,0
1950.5,1
1950.75,0
1953.0,1
1959.25,0
1959.5,1
1960.5,0
1960.75,1
1961.25,0
1973.75,1
1974.0,0
1974.5,1
1974.75,0
1975.0,1
1975.25,0
1975.75,1
1976.0,0
1976.5,1
1976.75,0
1977.0,1
1981.25,0
1981.5,1
1982.0,0
1982.25,1
1985.0,0
1985.25,1
1985.5,0
1989.75,1
1990.0,0
2045.75,1
2046.25,0
2046.5,1
2046.75,0
2048.0,1
2048.25,0
2048.75,1
2049.0,0
2049.25,1
2055.75,0
2056.25,1
2057.25,0
2070.0,1
2070.25,0
2070.5,1
2073.25,0
2073.5,1
2074.5,0
2074.75,1
2076.75,0
2077.0,1
2079.5,0
2079.75,1
2081.25,0
2083.75,1
2084.25,0
2086.5,1
2086.75,0
2094.0,1
2094.5,0
2095.0,1
2095.25,0
2096.0,1
2102.0,0
2102.25,1
2102.75,0
2103.0,1
2104.0,0
2104.25,1
2104.5,0
2105.0,1
2105.25,0
2105.5,1
2105.75,0
2117.75,1
2118.0,0
2118.25,1
2118.5,0
2119.25,1
2119.75,0
2120.75,1
2124.75,0
2125.0,1
2127.0,0
2127.25,1
2129.25,0
2141.75,1
2142.5,0
2142.75,1
2143.5,0
2144.25,1
2144.5,0
2145.0,1
2146.5,0
2146.75,1
2153.5,0
2156.75,1
2157.0,0
2213.25,1
2214.0,0
2214.25,1
2215.75,0
2216.5,1
2220.0,0
2220.25,1
2220.75,0
2221.0,1
2223.0,0
2223.25,1
2224.0,0
2224.25,1
2225.5,0
2229.0,1
2229.25,0
2229.75,1
2230.0,0
2237.75,1
2238.5,0
2239.0,1
2239.75,0
2240.0,1
2243.75,0
2244.0,1
2245.5,0
2245.75,1
2246.5,0
2246.75,1
2247.75,0
2248.0,1
2248.5,0
2249.0,1
2249.5,0
2253.75,1
2254.0,0
2262.0,1
2262.5,0
2262.75,1
2263.0,0
2264.0,1
2270.0,0
2270.25,1
2270.75,0
2271.0,1
2271.5,0
2271.75,1
2272.25,0
2272.5,1
2273.25,0
2273.5,1
2273.75,0
2286.0,1
2293.5,0
2293.75,1
2297.25,0
2300.5,1
2301.0,0
2309.0,1
2309.25,0
2310.0,1
2310.5,0
2310.75,1
2311.0,0
2311.5,1
2311.75,0
2312.0,1
2312.5,0
2312.75,1
2320.75,0
2325.5,1
2325.75,0
2381.5,1
2381.75,0
2382.0,1
2383.0,0
2384.0,1
2388.75,0
2389.25,1
2390.25,0
2391.0,1
2391.75,0
2392.0,1
2392.75,0
2393.25,1
2393.5,0
2405.25,1
2405.5,0
2405.75,1
2406.5,0
2406.75,1
2407.75,0
2408.25,1
2408.75,0
2409.0,1
2413.25,0
2413.5,1
2415.0,0
2415.25,1
2417.25,0
2417.75,1
2418.0,0
2430.0,1
2430.75,0
2431.0,1
2432.0,0
2432.25,1
2432.75,0
2433.0,1
2435.5,0
2436.0,1
2438.0,0
2438.25,1
2440.0,0
2440.5,1
2441.25,0
2453.5,1
2453.75,0
2454.25,1
2455.25,0
2456.75,1
2458.25,0
2458.5,1
2464.25,0
2464.5,1
2465.25,0
2468.75,1
2469.0,0
2478.0,1
2479.5,0
2480.75,1
2481.75,0
2482.0,1
2484.75,0
2485.0,1
2488.5,0
2488.75,1
2489.25,0
2549.75,1
2550.5,0
2551.5,1
2551.75,0
2552.25,1
2552.75,0
2553.0,1
2556.25,0
2556.5,1
2557.25,0
2557.5,1
2557.75,0
2558.0,1
2561.0,0
2561.25,1
2561.5,0
2563.5,1
2563.75,0
2573.5,1
2574.0,0
2574.25,1
2574.5,0
2574.75,1
2575.0,0
2575.5,1
2576.0,0
2576.5,1
2577.0,0
2577.25,1
2580.0,0
2580.25,1
2581.0,0
2581.5,1
2585.0,0
2589.5,1
2589.75,0
2598.0,1
2598.25,0
2598.5,1
2600.0,0
2600.5,1
2606.25,0
2606.5,1
2606.75,0
2607.25,1
2609.5,0
2612.5,1
2612.75,0
2621.5,1
2623.25,0
2623.5,1
2624.0,0
2624.5,1
2625.0,0
2625.25,1
2626.75,0
2627.0,1
2629.25,0
2629.5,1
2630.25,0
2630.5,1
2633.25,0
2645.75,1
2647.75,0
2648.5,1
2649.0,0
2649.25,1
2653.0,0
2653.5,1
2657.5,0
2661.75,1
2662.0,0
2717.25,1
2717.75,0
2718.25,1
2719.0,0
2720.0,1
2720.25,0
2720.5,1
2726.25,0
2726.5,1
2729.0,0
2741.75,1
2742.5,0
2743.5,1
2744.5,0
2745.0,1
2750.0,0
2750.25,1
2751.5,0
2751.75,1
2753.0,0
2753.25,1
2753.5,0
2754.0,1
2754.25,0
2766.0,1
2766.5,0
2767.0,1
2767.5,0
2768.25,1
2768.5,0
2769.0,1
2769.25,0
2769.5,1
2774.0,0
2774.5,1
2775.75,0
2776.0,1
2777.5,0
2789.25,1
2789.5,0
2789.75,1
2790.25,0
2791.75,1
2799.75,0
2800.0,1
2800.75,0
2801.0,1
2801.25,0
2813.5,1
2813.75,0
2814.0,1
2815.25,0
2815.5,1
2815.75,0
2816.0,1
2816.25,0
2816.5,1
2817.75,0
2818.0,1
2822.75,0
2823.0,1
2824.25,0
2828.5,1
2828.75,0
2885.75,1
2886.5,0
2886.75,1
2887.0,0
2888.0,1
2888.25,0
2889.0,1
2893.75,0
2894.0,1
2896.5,0
2896.75,1
2897.5,0
2909.75,1
2911.0,0
2912.0,1
2912.5,0
2913.0,1
2919.0,0
2919.25,1
2921.25,0
2933.25,1
2933.75,0
2934.25,1
2934.5,0
2934.75,1
2935.0,0
2935.75,1
2936.0,0
2936.5,1
2936.75,0
2937.25,1
2940.75,0
2941.0,1
2943.5,0
2943.75,1
2944.0,0
2944.25,1
2944.5,0
2944.75,1
2945.5,0
2949.75,1
2950.0,0
2957.25,1
2957.75,0
2958.0,1
2959.25,0
2960.25,1
2960.5,0
2961.0,1
2964.0,0
2964.25,1
2965.75,0
2966.0,1
2969.0,0
2974.0,1
2974.25,0
2981.5,1
2983.5,0
2984.5,1
2988.75,0
2989.0,1
2992.75,0
3052.75,1
3053.0,0
3053.25,1
3053.75,0
3054.0,1
3055.0,0
3055.5,1
3056.0,0
3056.25,1
3056.5,0
3057.0,1
3059.5,0
3059.75,1
3061.5,0
3061.75,1
3062.25,0
3062.5,1
3064.25,0
3064.5,1
3065.25,0
3065.5,1
3065.75,0
3076.75,1
3077.0,0
3077.25,1
3078.0,0
3080.5,1
3081.75,0
3082.0,1
3083.75,0
3084.0,1
3084.5,0
3084.75,1
3085.25,0
3085.5,1
3087.25,0
3087.5,1
3088.0,0
3088.25,1
3088.5,0
3088.75,1
3089.25,0
3091.75,1
3092.0,0
3094.25,1
3094.5,0
3102.25,1
3103.0,0
3103.25,1
3103.5,0
3103.75,1
3104.25,0
3104.75,1
3108.25,0
3108.5,1
3109.0,0
3109.25,1
3113.5,0
3125.75,1
3126.0,0
3126.5,1
3126.75,0
3127.0,1
3127.25,0
3128.0,1
3128.25,0
3128.5,1
3131.75,0
3132.0,1
3133.0,0
3133.5,1
3135.75,0
3136.25,1
3136.75,0
3149.5,1
3151.0,0
3151.25,1
3151.5,0
3152.0,1
3152.5,0
3152.75,1
3153.0,0
3153.25,1
3160.0,0
3160.25,1
3161.25,0
3221.5,1
3222.0,0
3222.25,1
3223.0,0
3223.5,1
3223.75,0
3224.0,1
3224.5,0
3225.0,1
3226.25,0
3226.5,1
3227.5,0
3227.75,1
3230.0,0
3230.25,1
3232.75,0
3233.0,1
3233.25,0
3237.0,1
3237.25,0
3245.5,1
3246.25,0
3246.5,1
3247.0,0
3247.25,1
3247.75,0
3248.25,1
3248.5,0
3248.75,1
3253.25,0
3253.5,1
3256.25,0
3256.5,1
3257.0,0
3257.25,1
3257.5,0
3257.75,1
3258.0,0
3260.5,1
3260.75,0
3270.25,1
3271.0,0
3272.25,1
3272.5,0
3273.0,1
3273.25,0
3273.5,1
3276.0,0
3276.25,1
3277.0,0
3277.25,1
3278.0,0
3278.25,1
3281.0,0
3284.75,1
3285.0,0
3294.0,1
3294.5,0
3294.75,1
3295.0,0
3295.5,1
3295.75,0
3296.5,1
3296.75,0
3297.0,1
3298.0,0
3298.25,1
3300.75,0
3301.0,1
3302.5,0
3302.75,1
3303.0,0
3303.25,1
3305.25,0
3317.0,1
3317.25,0
3319.0,1
3320.75,0
3321.0,1
3325.5,0
3325.75,1
3327.25,0
3327.5,1
3328.0,0
3328.25,1
3329.25,0
3390.0,1
3390.5,0
3390.75,1
3391.0,0
3391.75,1
3392.0,0
3392.5,1
3392.75,0
3393.0,1
3396.75,0
3397.0,1
3397.75,0
3398.0,1
3400.75,0
3401.0,1
3401.5,0
3404.75,1
3405.0,0
3414.25,1
3415.75,0
3416.25,1
3416.75,0
3417.0,1
3417.25,0
3417.5,1
3420.5,0
3420.75,1
3425.25,0
3437.5,1
3438.5,0
3440.5,1
3441.25,0
3441.5,1
3448.75,0
3449.0,1
3449.5,0
3462.0,1
3462.25,0
3462.5,1
3463.0,0
3464.0,1
3464.5,0
3464.75,1
3465.5,0
3465.75,1
3473.25,0
3486.25,1
3486.75,0
3487.0,1
3487.5,0
3488.5,1
3488.75,0
3489.0,1
3489.25,0
3489.5,1
3495.0,0
3495.25,1
3495.75,0
3496.0,1
3496.75,0
3497.0,1
3497.75,0
3557.75,1
3558.25,0
3558.75,1
3559.0,0
3559.75,1
3569.25,0
3605.25,1
3605.5,0
3605.75,1
3606.0,0
3606.5,1
3606.75,0
3607.0,1
3607.5,0
3608.5,1
3608.75,0
3609.0,1
3617.25,0
3629.0,1
3629.25,0
3629.5,1
3629.75,0
3630.0,1
3630.5,0
3631.0,1
3632.0,0
3632.75,1
3633.5,0
3633.75,1
3634.0,0
3634.25,1
3636.25,0
3636.5,1
3636.75,0
3637.0,1
3639.5,0
3639.75,1
3640.0,0
3640.25,1
3641.25,0
3644.5,1
3644.75,0
3652.75,1
3653.0,0
3653.25,1
3653.5,0
3653.75,1
3654.5,0
3655.0,1
3655.25,0
3655.5,1
3655.75,0
3656.0,1
3656.25,0
3657.0,1
3657.25,0
3657.5,1
3658.5,0
3658.75,1
3662.25,0
3662.5,1
3664.25,0
3664.5,1
3664.75,0
3665.25,1
3665.5,0
3725.5,1
3725.75,0
3726.0,1
3727.25,0
3727.5,1
3728.0,0
3728.5,1
3733.25,0
3733.5,1
3736.5,0
3736.75,1
3737.0,0
3737.25,1
3737.75,0
3741.0,1
3741.25,0
3749.25,1
3749.5,0
3750.0,1
3750.5,0
3752.5,1
3753.0,0
3753.25,1
3756.75,0
3757.0,1
3758.25,0
3758.5,1
3758.75,0
3759.0,1
3761.25,0
3765.25,1
3765.5,0
3773.0,1
3773.5,0
3774.0,1
3774.25,0
3774.5,1
3775.0,0
3775.75,1
3776.25,0
3776.75,1
3777.0,0
3777.25,1
3777.75,0
3778.0,1
3779.0,0
3779.25,1
3781.25,0
3781.5,1
3784.75,0
3785.0,1
3785.25,0
3787.75,1
3788.0,0
3797.5,1
3797.75,0
3798.25,1
3798.75,0
3799.75,1
3800.25,0
3800.5,1
3801.0,0
3801.5,1
3802.5,0
3802.75,1
3803.75,0
3804.25,1
3805.25,0
3805.5,1
3806.75,0
3807.0,1
3809.0,0
3821.5,1
3821.75,0
3822.25,1
3823.0,0
3824.0,1
3824.5,0
3825.0,1
3830.75,0
3831.0,1
3833.0,0
3835.75,1
3836.0,0
3893.25,1
3894.75,0
3895.25,1
3896.25,0
3896.75,1
3905.0,0
3905.25,1
3905.5,0
3907.25,1
3907.5,0
3917.75,1
3918.0,0
3918.5,1
3919.0,0
3920.5,1
3920.75,0
3921.0,1
3925.0,0
3925.25,1
3929.0,0
3929.25,1
3929.5,0
3942.0,1
3942.5,0
3942.75,1
3943.0,0
3944.75,1
3946.75,0
3947.0,1
3949.75,0
3950.0,1
3950.25,0
3950.5,1
3952.0,0
3952.25,1
3952.75,0
3953.0,1
3953.5,0
3956.0,1
3956.25,0
3965.0,1
3968.0,0
3969.0,1
3972.25,0
3972.5,1
3973.75,0
3974.0,1
3976.25,0
3976.75,1
3977.25,0
3980.0,1
3980.25,0
3981.25,1
3981.5,0
3989.5,1
3990.0,0
3990.25,1
3990.5,0
3992.0,1
3992.25,0
3992.5,1
3992.75,0
3993.0,1
3993.5,0
3993.75,1
3997.25,0
3997.5,1
3997.75,0
3998.0,1
3999.5,0
3999.75,1
4001.0,0
4001.5,1
4001.75,0
4004.0,1
4004.25,0
4062.0,1
4062.25,0
4062.5,1
4062.75,0
4063.25,1
4064.0,0
4064.25,1
4064.5,0
4064.75,1
4065.0,0
4065.25,1
4065.75,0
4066.0,1
4068.0,0
4068.5,1
4073.25,0
4075.75,1
4076.0,0
4076.5,1
4076.75,0
4085.5,1
4085.75,0
4086.5,1
4086.75,0
4088.0,1
4088.25,0
4088.5,1
4089.0,0
4089.25,1
4092.5,0
4092.75,1
4095.5,0
4095.75,1
4097.5,0
4097.75,1
4098.0,0
4100.0,1
4100.25,0
4109.25,1
4109.5,0
4110.25,1
4111.5,0
4112.25,1
4112.5,0
4112.75,1
4121.25,0
4126.25,1
4126.5,0
4133.5,1
4133.75,0
4134.0,1
4134.25,0
4135.25,1
4135.75,0
4136.0,1
4136.5,0
4136.75,1
4140.0,0
4140.25,1
4141.25,0
4141.5,1
4143.75,0
4144.0,1
4144.5,0
4144.75,1
4145.5,0
4146.0,1
4146.25,0
4156.75,1
4157.0,0
4157.25,1
4157.5,0
4157.75,1
4158.5,0
4161.5,1
4165.75,0
4166.0,1
4169.5,0
4229.75,1
4230.0,0
4230.25,1
4230.5,0
4230.75,1
4231.25,0
4231.5,1
4231.75,0
4233.0,1
4233.25,0
4233.5,1
4239.25,0
4239.5,1
4241.0,0
4253.25,1
4253.5,0
4253.75,1
4254.0,0
4254.25,1
4254.5,0
4257.0,1
4257.25,0
4257.5,1
4263.5,0
4263.75,1
4265.0,0
4265.25,1
4265.5,0
4266.0,1
4266.25,0
4268.75,1
4269.0,0
4277.25,1
4277.75,0
4278.0,1
4279.75,0
4280.75,1
4281.0,0
4281.25,1
4283.25,0
4283.5,1
4287.25,0
4287.5,1
4289.0,0
4301.5,1
4303.0,0
4303.25,1
4303.5,0
4304.25,1
4310.75,0
4311.0,1
4312.75,0
4313.25,1
4313.5,0
4313.75,1
4314.0,0
4325.75,1
4326.0,0
4326.25,1
4326.75,0
4328.0,1
4328.25,0
4329.5,1
4334.25,0
4334.5,1
4335.0,0
4335.25,1
4335.75,0
4336.0,1
4336.75,0
4337.5,1
4337.75,0
4397.25,1
4397.5,0
4398.0,1
4398.25,0
4399.5,1
4399.75,0
4401.0,1
4403.25,0
4403.5,1
4403.75,0
4404.25,1
4404.75,0
4405.0,1
4405.25,0
4405.5,1
4405.75,0
4406.0,1
4407.25,0
4407.5,1
4407.75,0
4408.25,1
4408.75,0
4409.25,1
4409.5,0
4445.5,1
4445.75,0
4446.0,1
4447.0,0
4447.25,1
4448.0,0
4448.25,1
4448.75,0
4449.0,1
4452.0,0
4453.0,1
4456.0,0
4456.25,1
4457.0,0
4457.5,1
4457.75,0
4460.0,1
4460.25,0
4462.5,1
4462.75,0
4468.75,1
4469.25,0
4469.75,1
4470.25,0
4470.5,1
4471.75,0
4472.75,1
4479.5,0
4479.75,1
4480.25,0
4480.5,1
4481.5,0
4494.0,1
4494.75,0
4495.25,1
4495.5,0
4496.75,1
4501.25,0
4501.5,1
4501.75,0
4502.0,1
4502.5,0
4502.75,1
4503.25,0
4503.5,1
4505.0,0
4565.5,1
4567.5,0
4568.25,1
4576.75,0
4577.0,1
4577.25,0
4589.75,1
4590.0,0
4590.25,1
4590.5,0
4590.75,1
4591.0,0
4591.25,1
4591.5,0
4591.75,1
4592.5,0
4592.75,1
4600.0,0
4600.25,1
4600.75,0
4601.0,1
4601.75,0
4613.25,1
4613.75,0
4614.0,1
4614.25,0
4615.25,1
4616.0,0
4616.75,1
4622.0,0
4622.25,1
4624.75,0
4625.0,1
4625.5,0
4627.75,1
4628.0,0
4630.0,1
4630.25,0
4637.0,1
4637.25,0
4638.0,1
4638.25,0
4639.5,1
4640.5,0
4640.75,1
4641.5,0
4641.75,1
4646.25,0
4646.5,1
4648.5,0
4648.75,1
4649.0,0
4654.0,1
4654.25,0
4661.25,1
4661.5,0
4662.25,1
4662.75,0
4663.0,1
4663.75,0
4664.0,1
4664.5,0
4665.0,1
4671.75,0
4672.0,1
4673.25,0
4678.5,1
4678.75,0
4734.0,1
4735.75,0
4736.0,1
4736.25,0
4736.5,1
4736.75,0
4737.0,1
4739.25,0
4739.5,1
4741.75,0
4742.0,1
4743.5,0
4743.75,1
4745.25,0
4748.25,1
4748.5,0
4757.25,1
4757.75,0
4758.0,1
4759.25,0
4759.5,1
4760.0,0
4760.25,1
4760.75,0
4761.0,1
4761.5,0
4761.75,1
4764.75,0
4765.0,1
4766.0,0
4766.25,1
4766.75,0
4767.0,1
4768.25,0
4768.5,1
4769.25,0
4782.0,1
4783.0,0
4785.0,1
4788.75,0
4789.0,1
4792.5,0
4792.75,1
4793.5,0
4794.0,1
4794.25,0
4797.75,1
4798.0,0
4805.5,1
4806.5,0
4807.0,1
4807.5,0
4807.75,1
4808.5,0
4808.75,1
4812.75,0
4813.0,1
4813.5,0
4813.75,1
4815.5,0
4816.0,1
4817.0,0
4817.25,1
4817.5,0
4820.25,1
4820.5,0
4820.75,1
4821.0,0
4821.25,1
4821.5,0
4829.25,1
4830.0,0
4830.25,1
4830.5,0
4830.75,1
4831.0,0
4832.25,1
4834.75,0
4835.0,1
4839.25,0
4839.5,1
4840.25,0
4840.5,1
4841.25,0
4901.75,1
4902.25,0
4902.5,1
4902.75,0
4903.0,1
4904.0,0
4904.5,1
4910.25,0
4910.5,1
4911.75,0
4912.0,1
4912.75,0
4925.5,1
4926.0,0
4926.5,1
4926.75,0
4927.5,1
4927.75,0
4928.5,1
4929.25,0
4929.5,1
4933.25,0
4933.5,1
4935.75,0
4936.0,1
4936.75,0
4949.25,1
4949.75,0
4950.75,1
4951.0,0
4951.25,1
4951.5,0
4952.0,1
4952.25,0
4952.5,1
4956.0,0
4956.25,1
4956.75,0
4957.0,1
4958.5,0
4958.75,1
4960.0,0
4960.25,1
4960.75,0
4961.25,1
4961.5,0
4964.75,1
4965.0,0
4973.5,1
4974.5,0
4976.0,1
4976.25,0
4976.75,1
4978.0,0
4978.25,1
4980.0,0
4980.5,1
4980.75,0
4981.0,1
4985.5,0
4988.25,1
4988.5,0
4990.0,1
4990.25,0
4997.5,1
4997.75,0
4998.0,1
4998.25,0
4998.75,1
4999.0,0
4999.25,1
4999.75,0
5000.5,1
5002.75,0
5003.0,1
5003.25,0
5003.5,1
5006.5,0
5006.75,1
5008.0,0
5008.25,1
5009.25,0
5012.25,1
5012.5,0
5012.75,1
5013.0,0
5013.75,1
5014.0,0
5069.75,1
5071.75,0
5072.0,1
5076.75,0
5077.0,1
5079.0,0
5079.25,1
5080.5,0
5080.75,1
5081.25,0
5093.75,1
5094.5,0
5094.75,1
5095.75,0
5096.75,1
5105.75,0
5117.75,1
5120.0,0
5120.25,1
5125.0,0
5125.25,1
5129.25,0
5142.0,1
5143.5,0
5144.0,1
5144.25,0
5144.5,1
5145.0,0
5145.5,1
5149.0,0
5149.25,1
5150.5,0
5150.75,1
5152.75,0
5153.0,1
5153.5,0
5156.75,1
5157.0,0
5165.5,1
5166.0,0
5166.25,1
5168.0,0
5168.5,1
5168.75,0
5169.0,1
5169.25,0
5169.5,1
5175.25,0
5175.5,1
5176.0,0
5176.25,1
5177.25,0
5177.75,1
5178.0,0
5180.75,1
5181.0,0
5237.5,1
5238.0,0
5238.25,1
5238.75,0
5239.5,1
5240.0,0
5240.75,1
5241.0,0
5241.25,1
5248.75,0
5249.0,1
5249.25,0
5261.25,1
5261.5,0
5262.0,1
5262.75,0
5263.25,1
5263.5,0
5264.0,1
5264.25,0
5264.75,1
5268.0,0
5268.25,1
5273.0,0
5273.5,1
5273.75,0
5278.25,1
5278.5,0
5285.5,1
5285.75,0
5286.25,1
5287.0,0
5287.5,1
5288.0,0
5288.25,1
5288.75,0
5289.0,1
5292.25,0
5292.5,1
5293.75,0
5294.0,1
5295.25,0
5295.5,1
5297.25,0
5310.25,1
5311.75,0
5312.25,1
5313.25,0
5313.5,1
5315.75,0
5316.25,1
5316.5,0
5316.75,1
5321.25,0
5333.25,1
5334.0,0
5334.25,1
5334.5,0
5334.75,1
5335.0,0
5335.75,1
5336.0,0
5336.25,1
5336.5,0
5336.75,1
5337.75,0
5338.0,1
5340.25,0
5340.5,1
5341.5,0
5342.0,1
5343.0,0
5343.25,1
5345.25,0
5405.5,1
5406.0,0
5407.5,1
5407.75,0
5408.5,1
5408.75,0
5409.0,1
5411.25,0
5411.5,1
5412.0,0
5412.25,1
5413.25,0
5413.5,1
5414.75,0
5415.0,1
5415.5,0
5415.75,1
5416.25,0
5416.5,1
5417.25,0
5429.5,1
5429.75,0
5430.0,1
5430.25,0
5430.5,1
5430.75,0
5431.25,1
5431.5,0
5432.75,1
5433.0,0
5433.25,1
5436.0,0
5436.25,1
5437.25,0
5437.5,1
5441.25,0
5441.5,1
5441.75,0
5445.25,1
5445.5,0
5453.25,1
5453.5,0
5454.0,1
5456.0,0
5456.5,1
5456.75,0
5457.0,1
5459.75,0
5460.25,1
5460.75,0
5461.0,1
5465.5,0
5465.75,1
5466.0,0
5477.0,1
5477.25,0
5477.75,1
5478.0,0
5478.25,1
5478.75,0
5479.0,1
5479.25,0
5480.0,1
5480.25,0
5481.0,1
5483.75,0
5484.0,1
5484.25,0
5484.5,1
5486.0,0
5486.25,1
5488.75,0
5489.0,1
5489.5,0
5501.25,1
5502.0,0
5502.75,1
5503.5,0
5504.25,1
5504.5,0
5505.5,1
5506.75,0
5507.0,1
5512.75,0
5513.25,1
5513.75,0
5517.5,1
5517.75,0
5574.25,1
5575.0,0
5575.75,1
5576.25,0
5576.5,1
5582.0,0
5582.5,1
5584.75,0
5585.25,1
5585.5,0
5589.75,1
5590.0,0
5597.5,1
5597.75,0
5598.25,1
5599.25,0
5599.5,1
5600.0,0
5601.25,1
5607.25,0
5607.5,1
5609.75,0
5622.0,1
5622.5,0
5623.0,1
5623.25,0
5623.5,1
5623.75,0
5625.0,1
5631.75,0
5632.0,1
5632.5,0
5632.75,1
5633.25,0
5645.0,1
5645.75,0
5646.0,1
5646.5,0
5647.25,1
5648.25,0
5648.5,1
5648.75,0
5649.0,1
5649.25,0
5649.5,1
5653.5,0
5653.75,1
5654.0,0
5654.25,1
5656.25,0
5656.5,1
5656.75,0
5657.0,1
5657.25,0
5669.0,1
5669.5,0
5669.75,1
5670.25,0
5670.5,1
5671.5,0
5671.75,1
5672.0,0
5672.75,1
5676.75,0
5677.0,1
5680.5,0
5681.0,1
5681.75,0
5741.5,1
5742.0,0
5742.25,1
5742.5,0
5744.0,1
5744.25,0
5744.5,1
5746.25,0
5746.5,1
5749.25,0
5749.5,1
5752.0,0
5752.25,1
5753.5,0
5757.25,1
5757.5,0
5766.0,1
5767.25,0
5767.5,1
5768.0,0
5768.5,1
5768.75,0
5769.0,1
5772.0,0
5772.25,1
5773.0,0
5773.5,1
5775.0,0
5775.25,1
5777.5,0
5789.5,1
5790.0,0
5790.75,1
5791.25,0
5792.25,1
5793.0,0
5793.75,1
5795.75,0
5796.0,1
5797.25,0
5797.5,1
5798.0,0
5798.25,1
5801.0,0
5813.25,1
5813.5,0
5814.25,1
5814.75,0
5815.0,1
5815.5,0
5816.5,1
5821.75,0
5822.0,1
5825.0,0
5837.25,1
5837.5,0
5837.75,1
5838.25,0
5838.5,1
5838.75,0
5841.0,1
5849.0,0
5853.75,1
5854.0,0
5854.75,1
5855.0,0
5909.0,1
5909.25,0
5909.5,1
5910.25,0
5910.75,1
5911.0,0
5911.25,1
5912.0,0
5912.5,1
5912.75,0
5913.0,1
5915.5,0
5915.75,1
5916.75,0
5917.0,1
5920.25,0
5921.0,1
5921.25,0
5925.5,1
5925.75,0
5956.5,1
5958.0,0
5958.25,1
5959.5,0
5959.75,1
5960.75,0
5961.0,1
5964.0,0
5964.25,1
5968.25,0
5968.5,1
5968.75,0
5969.0,1
5969.5,0
5971.5,1
5971.75,0
5982.0,1
5983.5,0
5983.75,1
5984.25,0
5984.5,1
5985.0,0
5985.25,1
5987.25,0
5987.5,1
5989.25,0
5989.75,1
5993.5,0
5995.5,1
5995.75,0
5998.25,1
5998.5,0
6005.5,1
6005.75,0
6006.0,1
6006.25,0
6006.5,1
6007.25,0
6007.75,1
6008.0,0
6009.0,1
6013.25,0
6013.5,1
6015.0,0
6015.25,1
6017.75,0
6078.0,1
6079.5,0
6079.75,1
6080.5,0
6080.75,1
6081.0,0
6081.5,1
6086.25,0
6086.5,1
6087.5,0
6087.75,1
6089.25,0
6101.5,1
6101.75,0
6102.0,1
6104.25,0
6105.0,1
6105.25,0
6105.5,1
6107.75,0
6108.25,1
6109.0,0
6109.25,1
6110.0,0
6110.25,1
6112.75,0
6113.0,1
6113.25,0
6126.25,1
6127.5,0
6127.75,1
6128.0,0
6129.0,1
6129.25,0
6129.5,1
6131.0,0
6131.25,1
6133.0,0
6133.25,1
6136.75,0
6137.0,1
6137.5,0
6149.5,1
6149.75,0
6150.0,1
6150.5,0
6150.75,1
6151.0,0
6151.5,1
6152.25,0
6152.5,1
6161.25,0
6162.0,1
6162.25,0
6166.25,1
6166.5,0
6173.0,1
6173.25,0
6173.75,1
6174.0,0
6174.25,1
6174.5,0
6176.0,1
6176.25,0
6176.5,1
6176.75,0
6177.0,1
6177.25,0
6177.5,1
6180.25,0
6180.5,1
6182.25,0
6182.75,1
6185.0,0
6245.5,1
6246.5,0
6248.0,1
6248.25,0
6248.75,1
6253.5,0
6253.75,1
6254.75,0
6255.0,1
6255.25,0
6255.5,1
6256.5,0
6256.75,1
6257.0,0
6257.5,1
6257.75,0
6261.0,1
6261.25,0
6261.5,1
6261.75,0
6269.25,1
6270.0,0
6270.25,1
6270.5,0
6272.0,1
6272.25,0
6272.75,1
6277.25,0
6277.5,1
6278.75,0
6279.0,1
6281.25,0
6293.75,1
6294.0,0
6294.5,1
6295.25,0
6297.0,1
6304.75,0
6305.0,1
6305.25,0
6317.5,1
6318.0,0
6318.25,1
6318.5,0
6319.0,1
6319.75,0
6320.5,1
6320.75,0
6321.25,1
6326.75,0
6327.0,1
6327.5,0
6327.75,1
6329.5,0
6341.5,1
6342.75,0
6343.0,1
6343.25,0
6343.75,1
6351.0,0
6351.25,1
6353.25,0
6357.75,1
6358.25,0
6413.75,1
6414.25,0
6415.5,1
6416.5,0
6417.0,1
6421.0,0
6421.5,1
6422.25,0
6422.5,1
6425.0,0
6437.75,1
6438.0,0
6439.0,1
6439.25,0
6439.75,1
6440.0,0
6440.5,1
6441.0,0
6441.5,1
6442.25,0
6442.5,1
6446.25,0
6446.75,1
6448.75,0
6449.0,1
6449.5,0
6461.5,1
6462.0,0
6462.25,1
6462.5,0
6463.5,1
6465.0,0
6465.25,1
6468.5,0
6468.75,1
6470.5,0
6470.75,1
6472.25,0
6472.5,1
6473.25,0
6473.5,1
6473.75,0
6477.75,1
6478.0,0
6485.0,1
6485.5,0
6485.75,1
6486.5,0
6486.75,1
6487.0,0
6487.25,1
6488.25,0
6488.5,1
6492.0,0
6492.25,1
6496.5,0
6496.75,1
6497.0,0
6500.25,1
6500.5,0
6510.0,1
6510.5,0
6511.0,1
6511.25,0
6511.5,1
6512.25,0
6512.5,1
6519.5,0
6519.75,1
6521.25,0
6581.5,1
6581.75,0
6582.0,1
6582.25,0
6582.5,1
6583.5,0
6583.75,1
6584.0,0
6584.5,1
6587.75,0
6588.0,1
6593.25,0
6605.5,1
6606.0,0
6606.25,1
6606.5,0
6608.5,1
6608.75,0
6609.0,1
6610.5,0
6610.75,1
6617.75,0
6629.5,1
6630.75,0
6631.0,1
6632.0,0
6632.5,1
6632.75,0
6633.0,1
6638.5,0
6638.75,1
6640.5,0
6640.75,1
6641.0,0
6653.75,1
6654.0,0
6654.25,1
6654.5,0
6654.75,1
6655.0,0
6656.0,1
6656.5,0
6657.25,1
6658.25,0
6658.5,1
6660.25,0
6661.0,1
6664.25,0
6664.5,1
6665.25,0
6665.75,1
6666.0,0
6666.75,1
6667.0,0
6668.0,1
6668.25,0
6669.75,1
6670.0,0
6673.0,1
6673.25,0
6677.5,1
6679.75,0
6681.5,1
6683.75,0
6684.0,1
6686.25,0
6686.5,1
6689.5,0
6749.25,1
6749.75,0
6750.0,1
6752.0,0
6753.0,1
6756.0,0
6756.5,1
6756.75,0
6757.0,1
6758.0,0
6758.5,1
6760.75,0
6761.0,1
6761.25,0
6761.5,1
6761.75,0
6764.75,1
6765.0,0
6797.75,1
6798.25,0
6799.0,1
6799.25,0
6801.0,1
6809.0,0
6821.5,1
6821.75,0
6822.5,1
6823.25,0
6823.5,1
6823.75,0
6824.0,1
6824.25,0
6824.75,1
6825.25,0
6825.5,1
6827.25,0
6827.5,1
6828.25,0
6828.5,1
6829.0,0
6829.25,1
6830.0,0
6830.25,1
6833.0,0
6837.25,1
6837.5,0
6845.25,1
6845.75,0
6846.25,1
6846.75,0
6847.0,1
6847.25,0
6848.0,1
6849.25,0
6849.75,1
6852.75,0
6853.0,1
6856.25,0
6856.5,1
6857.5,0
6862.0,1
6862.25,0
6917.0,1
6918.25,0
6918.5,1
6918.75,0
6919.0,1
6919.25,0
6919.5,1
6919.75,0
6920.0,1
6920.25,0
6920.5,1
6921.0,0
6921.25,1
6921.5,0
6921.75,1
6925.25,0
6925.5,1
6929.25,0
6941.5,1
6941.75,0
6942.0,1
6943.0,0
6944.5,1
6944.75,0
6945.0,1
6948.25,0
6948.5,1
6951.5,0
6951.75,1
6953.25,0
6965.5,1
6965.75,0
6966.0,1
6967.25,0
6967.5,1
6967.75,0
6968.75,1
6969.75,0
6970.0,1
6972.25,0
6972.5,1
6974.0,0
6974.25,1
6974.5,0
6974.75,1
6976.25,0
6976.5,1
6977.5,0
6989.25,1
6989.5,0
6989.75,1
6990.0,0
6990.25,1
6990.5,0
6990.75,1
6991.25,0
6992.0,1
6992.5,0
6992.75,1
6997.75,0
6998.0,1
7000.75,0
7013.25,1
7014.75,0
7015.0,1
7015.5,0
7016.0,1
7016.25,0
7016.75,1
7017.0,0
7017.5,1
7019.75,0
7020.0,1
7020.25,0
7020.5,1
7025.5,0
7025.75,1
7026.0,0
7028.75,1
7029.0,0
7085.75,1
7086.5,0
7088.5,1
7088.75,0
7089.0,1
7091.25,0
7091.5,1
7096.0,0
7096.5,1
7097.0,0
7097.25,1
7097.5,0
7099.75,1
7100.0,0
7109.0,1
7109.25,0
7110.0,1
7110.5,0
7110.75,1
7111.25,0
7113.0,1
7115.5,0
7115.75,1
7117.25,0
7117.5,1
7119.0,0
7119.25,1
7121.0,0
7134.0,1
7134.25,0
7134.5,1
7135.0,0
7135.5,1
7135.75,0
7136.25,1
7136.5,0
7137.25,1
7144.75,0
7145.0,1
7145.5,0
7146.25,1
7146.5,0
7157.0,1
7158.0,0
7158.25,1
7159.5,0
7160.25,1
7165.0,0
7165.25,1
7166.0,0
7166.25,1
7168.75,0
7173.5,1
7173.75,0
7181.75,1
7182.0,0
7182.75,1
7185.25,0
7185.5,1
7187.75,0
7188.25,1
7190.0,0
7190.25,1
7190.75,0
7191.0,1
7192.0,0
7192.25,1
7193.0,0
7197.5,1
7197.75,0
7253.25,1
7254.0,0
7254.25,1
7254.75,0
7255.25,1
7255.75,0
7256.75,1
7261.0,0
7261.25,1
7265.25,0
7268.75,1
7269.0,0
7277.25,1
7277.75,0
7278.25,1
7278.5,0
7278.75,1
7279.5,0
7280.25,1
7280.5,0
7281.0,1
7287.5,0
7288.0,1
7288.5,0
7288.75,1
7289.0,0
7289.25,1
7289.75,0
7292.5,1
7292.75,0
7301.5,1
7302.0,0
7302.5,1
7303.5,0
7303.75,1
7304.75,0
7305.0,1
7307.5,0
7307.75,1
7308.0,0
7308.25,1
7309.5,0
7309.75,1
7310.25,0
7310.5,1
7313.75,0
7325.5,1
7326.0,0
7326.5,1
7327.0,0
7327.25,1
7327.5,0
7327.75,1
7334.25,0
7334.75,1
7337.0,0
7349.75,1
7350.75,0
7352.5,1
7352.75,0
7353.0,1
7356.25,0
7356.5,1
7357.0,0
7357.25,1
7360.0,0
7360.25,1
7361.25,0
7364.25,1
7364.5,0
7421.75,1
7424.0,0
7424.5,1
7424.75,0
7425.5,1
7427.75,0
7428.0,1
7429.5,0
7430.25,1
7431.25,0
7431.5,1
7432.25,0
7432.5,1
7433.25,0
7446.0,1
7446.5,0
7446.75,1
7447.25,0
7447.5,1
7447.75,0
7448.5,1
7448.75,0
7449.0,1
7449.75,0
7450.0,1
7454.5,0
7454.75,1
7456.25,0
7456.5,1
7457.5,0
7469.75,1
7470.0,0
7470.5,1
7472.0,0
7473.0,1
7476.5,0
7476.75,1
7478.25,0
7478.5,1
7481.0,0
7481.5,1
7482.0,0
7493.5,1
7494.5,0
7494.75,1
7495.0,0
7496.5,1
7497.25,0
7497.5,1
7500.25,0
7500.5,1
7503.0,0
7503.25,1
7505.75,0
7508.5,1
7508.75,0
7517.5,1
7517.75,0
7518.0,1
7518.25,0
7518.5,1
7518.75,0
7519.0,1
7519.5,0
7519.75,1
7520.0,0
7520.25,1
7520.5,0
7521.0,1
7524.0,0
7524.25,1
7526.75,0
7527.0,1
7528.5,0
7529.5,1
7530.0,0
7589.75,1
7590.0,0
7590.5,1
7591.25,0
7591.75,1
7592.75,0
7593.25,1
7596.75,0
7597.25,1
7598.5,0
7598.75,1
7600.75,0
7601.0,1
7601.75,0
7613.75,1
7614.5,0
7614.75,1
7616.5,0
7616.75,1
7624.75,0
7625.25,1
7625.5,0
7632.75,1
7633.0,0
7637.75,1
7638.75,0
7640.75,1
7645.25,0
7645.5,1
7648.5,0
7649.0,1
7649.5,0
7660.75,1
7661.0,0
7661.25,1
7662.0,0
7663.0,1
7663.25,0
7663.5,1
7663.75,0
7664.5,1
7664.75,0
7665.0,1
7668.5,0
7668.75,1
7673.25,0
7685.25,1
7686.25,0
7688.0,1
7688.5,0
7688.75,1
7689.5,0
7689.75,1
7696.5,0
7697.0,1
7697.25,0
7697.5,1
7697.75,0
7700.75,1
7701.0,0
7701.25,1
7701.75,0
7758.0,1
7758.5,0
7759.5,1
7760.25,0
7760.5,1
7761.25,0
7761.5,1
7762.5,0
7762.75,1
7763.25,0
7763.5,1
7765.75,0
7766.0,1
7766.5,0
7766.75,1
7768.0,0
7768.25,1
7769.0,0
7782.0,1
7782.5,0
7782.75,1
7783.25,0
7783.5,1
7784.25,0
7784.5,1
7785.0,0
7785.25,1
7790.25,0
7790.5,1
7792.0,0
7792.25,1
7793.0,0
7805.0,1
7805.5,0
7806.25,1
7806.75,0
7807.0,1
7808.0,0
7809.0,1
7809.25,0
7809.75,1
7812.5,0
7812.75,1
7814.25,0
7814.5,1
7815.0,0
7815.25,1
7817.25,0
7817.5,1
7817.75,0
7820.25,1
7820.5,0
7829.75,1
7830.0,0
7830.25,1
7830.5,0
7830.75,1
7831.0,0
7831.25,1
7832.0,0
7832.75,1
7833.0,0
7833.25,1
7836.0,0
7836.25,1
7836.75,0
7837.0,1
7841.0,0
7841.5,1
7841.75,0
7925.25,1
7925.5,0
7926.0,1
7926.25,0
7926.75,1
7927.0,0
7928.5,1
7929.25,0
7929.5,1
7932.75,0
7933.0,1
7935.0,0
7935.25,1
7937.25,0
7941.25,1
7941.5,0
7949.25,1
7949.75,0
7950.25,1
7950.5,0
7951.0,1
7951.75,0
7952.0,1
7952.5,0
7952.75,1
7953.0,0
7953.25,1
7956.25,0
7956.5,1
7957.75,0
7958.0,1
7959.25,0
7959.5,1
7961.0,0
7961.25,1
7961.5,0
7973.0,1
7974.0,0
7974.5,1
7975.0,0
7976.5,1
7985.25,0
7997.0,1
7997.25,0
7997.5,1
7998.75,0
8000.5,1
8000.75,0
8001.5,1
8004.25,0
8004.5,1
8007.75,0
8008.0,1
8009.25,0
8009.5,1
8009.75,0
8022.5,1
8022.75,0
8023.0,1
8023.5,0
8024.25,1
8024.5,0
8025.0,1
8025.25,0
8025.5,1
8027.75,0
8028.0,1
8029.25,0
8029.5,1
8030.25,0
8030.5,1
8032.5,0
8032.75,1
8033.75,0
8094.0,1
8095.0,0
8096.5,1
8096.75,0
8097.0,1
8100.75,0
8101.0,1
8105.5,0
8117.25,1
8117.5,0
8118.0,1
8118.5,0
8119.0,1
8119.5,0
8119.75,1
8120.0,0
8120.5,1
8124.25,0
8124.5,1
8125.0,0
8125.25,1
8127.0,0
8127.5,1
8129.0,0
8129.5,1
8129.75,0
8141.5,1
8142.0,0
8142.75,1
8143.0,0
8144.0,1
8144.5,0
8144.75,1
8145.5,0
8146.0,1
8152.0,0
8152.25,1
8153.25,0
8153.5,1
8153.75,0
8155.5,1
8155.75,0
8165.75,1
8166.0,0
8167.25,1
8168.5,0
8168.75,1
8169.25,0
8169.5,1
8173.75,0
8174.0,1
8176.75,0
8177.0,1
8177.25,0
8180.75,1
8181.0,0
8190.0,1
8191.0,0
8192.5,1
8197.75,0
8198.0,1
8198.25,0
8198.5,1
8201.75,0
8256.75,1
8257.0,0
8261.75,1
8262.0,0
8262.25,1
8262.75,0
8263.0,1
8264.25,0
8264.75,1
8271.5,0
8272.25,1
8273.0,0
8273.25,1
8273.5,0
8277.5,1
8277.75,0
8285.25,1
8285.5,0
8285.75,1
8286.5,0
8287.0,1
8287.25,0
8288.0,1
8288.25,0
8289.25,1
8293.75,0
8294.0,1
8294.75,0
8295.0,1
8296.75,0
8297.0,1
8297.25,0
8309.0,1
8309.5,0
8309.75,1
8310.0,0
8310.5,1
8311.0,0
8311.25,1
8311.75,0
8312.75,1
8317.0,0
8317.25,1
8317.5,0
8317.75,1
8318.5,0
8319.25,1
8321.25,0
8325.25,1
8325.5,0
8333.5,1
8334.5,0
8335.25,1
8335.5,0
8335.75,1
8336.0,0
8336.25,1
8336.5,0
8336.75,1
8340.75,0
8341.25,1
8343.0,0
8343.25,1
8345.0,0
8345.25,1
8345.5,0
8350.0,1
8350.25,0
8350.5,1
8350.75,0
8357.75,1
8358.0,0
8358.25,1
8358.75,0
8359.0,1
8359.5,0
8360.0,1
8360.25,0
8360.5,1
8361.5,0
8361.75,1
8364.0,0
8364.25,1
8369.25,0
8373.5,1
8373.75,0
8429.5,1
8430.5,0
8430.75,1
8431.0,0
8432.0,1
8432.25,0
8432.5,1
8432.75,0
8433.0,1
8433.5,0
8433.75,1
8435.25,0
8435.5,1
8435.75,0
8436.0,1
8436.25,0
8436.5,1
8441.25,0
8441.5,1
8441.75,0
8445.0,1
8445.25,0
8453.5,1
8454.25,0
8454.5,1
8455.0,0
8457.5,1
8461.75,0
8462.0,1
8462.5,0
8462.75,1
8463.5,0
8463.75,1
8465.0,0
8477.75,1
8478.5,0
8480.0,1
8480.25,0
8480.5,1
8482.5,0
8482.75,1
8484.0,0
8484.25,1
8488.75,0
8489.0,1
8489.25,0
8489.75,1
8490.0,0
8501.75,1
8502.5,0
8503.0,1
8503.25,0
8503.5,1
8503.75,0
8504.0,1
8505.0,0
8505.25,1
8506.25,0
8506.5,1
8508.25,0
8508.5,1
8512.75,0
8525.0,1
8525.75,0
8526.75,1
8527.0,0
8527.5,1
8527.75,0
8528.0,1
8528.5,0
8528.75,1
8532.0,0
8532.25,1
8537.0,0
8537.5,1
8537.75,0
8621.25,1
8621.75,0
8622.0,1
8623.5,0
8623.75,1
8624.25,0
8624.5,1
8630.25,0
8630.5,1
8632.75,0
8633.0,1
8633.25,0
8645.75,1
8646.75,0
8647.0,1
8647.75,0
8648.5,1
8651.75,0
8652.0,1
8657.5,0
8660.25,1
8660.5,0
8669.25,1
8669.5,0
8670.5,1
8670.75,0
8671.0,1
8671.25,0
8671.5,1
8671.75,0
8672.0,1
8672.5,0
8672.75,1
8673.0,0
8673.5,1
8676.75,0
8677.0,1
8677.75,0
8678.0,1
8679.75,0
8680.0,1
8681.25,0
8693.0,1
8693.25,0
8693.75,1
8694.5,0
8695.0,1
8695.25,0
8695.75,1
8696.0,0
8696.25,1
8696.5,0
8697.0,1
8701.75,0
8702.0,1
8703.25,0
8703.75,1
8705.0,0
8705.5,1
8705.75,0
