#1


float Room-319 (4297,2)
0.0,0
30.25,1
30.5,0
31.0,1
31.25,0
32.25,1
32.5,0
33.0,1
33.5,0
33.75,1
34.75,0
35.0,1
35.75,0
36.0,1
38.0,0
38.25,1
38.5,0
39.25,1
41.0,0
54.0,1
54.25,0
56.25,1
56.75,0
57.0,1
57.25,0
58.0,1
59.0,0
59.25,1
59.75,0
60.0,1
62.0,0
62.25,1
63.25,0
64.0,1
65.25,0
79.25,1
79.5,0
80.5,1
80.75,0
81.0,1
83.0,0
83.5,1
84.0,0
84.25,1
84.5,0
84.75,1
85.5,0
85.75,1
86.0,0
86.25,1
86.5,0
86.75,1
88.25,0
88.5,1
89.0,0
104.5,1
104.75,0
105.25,1
105.5,0
105.75,1
106.0,0
106.25,1
107.75,0
108.0,1
108.25,0
108.5,1
108.75,0
109.0,1
113.0,0
113.5,1
113.75,0
129.0,1
129.25,0
129.5,1
130.0,0
130.25,1
131.25,0
131.5,1
132.0,0
132.25,1
133.5,0
134.0,1
134.25,0
134.5,1
134.75,0
135.0,1
137.25,0
141.25,1
141.75,0
198.5,1
198.75,0
199.25,1
199.5,0
200.5,1
201.25,0
201.5,1
201.75,0
202.0,1
203.75,0
204.0,1
204.5,0
205.0,1
206.25,0
206.5,1
207.0,0
207.75,1
208.5,0
208.75,1
209.0,0
213.25,1
213.5,0
222.75,1
223.0,0
224.75,1
225.5,0
226.25,1
227.25,0
227.5,1
229.0,0
229.25,1
230.0,0
230.25,1
232.0,0
232.25,1
233.5,0
247.0,1
247.25,0
249.25,1
250.0,0
250.5,1
252.5,0
253.25,1
254.5,0
254.75,1
256.0,0
256.25,1
257.25,0
261.25,1
261.5,0
271.25,1
271.5,0
273.0,1
273.5,0
273.75,1
274.0,0
274.25,1
276.25,0
276.5,1
278.5,0
278.75,1
279.0,0
279.25,1
279.5,0
279.75,1
280.25,0
280.5,1
281.0,0
295.25,1
295.5,0
296.5,1
296.75,0
297.0,1
302.25,0
302.5,1
304.75,0
305.0,1
305.25,0
305.5,1
305.75,0
366.5,1
366.75,0
369.5,1
370.25,0
370.75,1
371.75,0
372.0,1
372.5,0
373.0,1
373.25,0
373.75,1
374.0,0
374.25,1
374.5,0
374.75,1
376.0,0
376.25,1
377.25,0
380.75,1
381.0,0
390.5,1
390.75,0
392.5,1
392.75,0
393.0,1
393.5,0
393.75,1
397.25,0
397.5,1
398.0,0
398.25,1
399.5,0
399.75,1
401.0,0
401.25,1
401.5,0
438.75,1
439.0,0
441.25,1
444.25,0
444.75,1
445.25,0
445.5,1
446.75,0
447.0,1
448.5,0
448.75,1
449.25,0
462.5,1
462.75,0
464.75,1
465.25,0
465.75,1
467.75,0
468.0,1
468.5,0
469.0,1
470.5,0
470.75,1
472.75,0
473.0,1
473.25,0
477.25,1
477.5,0
535.75,1
536.0,0
537.25,1
537.75,0
538.0,1
538.5,0
539.25,1
541.25,0
541.5,1
541.75,0
542.25,1
543.25,0
543.5,1
544.75,0
545.0,1
545.25,0
558.5,1
558.75,0
560.5,1
560.75,0
561.25,1
561.75,0
562.0,1
562.75,0
563.0,1
564.5,0
564.75,1
565.5,0
565.75,1
566.0,0
566.25,1
567.5,0
567.75,1
568.25,0
568.5,1
569.5,0
571.0,1
571.25,0
574.25,1
574.5,0
582.0,1
582.25,0
585.25,1
586.75,0
587.0,1
587.25,0
587.5,1
590.5,0
590.75,1
591.25,0
591.5,1
592.25,0
592.5,1
592.75,0
593.25,1
593.5,0
608.25,1
608.5,0
609.0,1
610.25,0
610.5,1
612.25,0
612.5,1
613.0,0
613.25,1
614.0,0
614.25,1
616.75,0
617.0,1
617.5,0
620.25,1
620.5,0
633.5,1
634.0,0
634.25,1
634.5,0
634.75,1
636.25,0
636.5,1
637.5,0
637.75,1
640.25,0
640.5,1
641.25,0
641.75,1
642.0,0
706.0,1
706.25,0
706.5,1
706.75,0
707.0,1
710.25,0
710.5,1
713.5,0
726.25,1
726.5,0
727.75,1
728.0,0
728.75,1
729.5,0
729.75,1
730.25,0
730.5,1
731.5,0
731.75,1
732.25,0
732.5,1
733.25,0
733.75,1
734.0,0
734.25,1
734.5,0
734.75,1
735.5,0
735.75,1
736.75,0
737.75,1
738.0,0
751.5,1
751.75,0
752.75,1
756.25,0
756.5,1
757.0,0
757.25,1
757.75,0
758.0,1
758.25,0
758.5,1
759.25,0
760.0,1
760.75,0
761.0,1
761.5,0
774.5,1
774.75,0
775.5,1
775.75,0
776.75,1
777.0,0
777.5,1
780.0,0
780.25,1
780.5,0
780.75,1
781.0,0
781.5,1
782.0,0
782.25,1
783.0,0
783.25,1
785.25,0
800.25,1
800.5,0
800.75,1
802.0,0
802.25,1
803.25,0
803.5,1
804.75,0
805.0,1
805.5,0
805.75,1
806.25,0
806.5,1
809.5,0
813.75,1
814.0,0
870.5,1
870.75,0
871.0,1
871.25,0
873.0,1
875.75,0
876.0,1
877.5,0
877.75,1
878.5,0
878.75,1
880.25,0
880.75,1
881.0,0
881.75,1
882.0,0
894.5,1
895.0,0
896.75,1
898.25,0
898.5,1
901.0,0
901.25,1
905.75,0
909.75,1
910.0,0
921.5,1
922.0,0
922.25,1
922.75,0
923.0,1
923.5,0
923.75,1
924.0,0
924.25,1
924.75,0
925.0,1
925.25,0
925.5,1
926.25,0
926.5,1
927.0,0
927.25,1
928.75,0
929.0,1
929.25,0
944.75,1
947.0,0
947.25,1
950.5,0
950.75,1
953.0,0
953.25,1
953.5,0
957.25,1
957.5,0
966.75,1
967.0,0
968.75,1
969.25,0
969.75,1
972.5,0
973.0,1
973.75,0
974.0,1
974.75,0
975.25,1
976.5,0
976.75,1
977.25,0
981.5,1
981.75,0
1038.25,1
1038.5,0
1039.25,1
1039.5,0
1040.25,1
1040.75,0
1041.0,1
1041.25,0
1041.75,1
1043.75,0
1044.25,1
1044.5,0
1044.75,1
1045.75,0
1046.25,1
1046.5,0
1047.0,1
1049.25,0
1049.5,1
1050.0,0
1054.5,1
1054.75,0
1062.5,1
1062.75,0
1064.75,1
1065.0,0
1065.5,1
1067.25,0
1067.5,1
1067.75,0
1068.0,1
1070.0,0
1070.25,1
1070.75,0
1071.0,1
1071.75,0
1072.0,1
1072.75,0
1112.5,1
1113.5,0
1113.75,1
1119.5,0
1119.75,1
1121.0,0
1137.0,1
1137.25,0
1137.5,1
1138.5,0
1138.75,1
1140.0,0
1140.25,1
1141.0,0
1141.5,1
1142.0,0
1142.25,1
1142.5,0
1142.75,1
1145.25,0
1149.0,1
1149.25,0
1204.75,1
1205.0,0
1209.0,1
1210.25,0
1210.75,1
1212.0,0
1212.25,1
1213.75,0
1214.25,1
1215.25,0
1215.5,1
1216.5,0
1216.75,1
1217.0,0
1219.0,1
1219.25,0
1231.75,1
1232.0,0
1232.5,1
1232.75,0
1233.0,1
1233.25,0
1233.5,1
1234.0,0
1234.25,1
1234.5,0
1234.75,1
1235.5,0
1235.75,1
1236.25,0
1236.5,1
1237.5,0
1238.0,1
1239.0,0
1239.75,1
1240.25,0
1240.5,1
1240.75,0
1241.0,1
1241.75,0
1254.5,1
1254.75,0
1257.25,1
1259.0,0
1259.25,1
1259.5,0
1259.75,1
1260.25,0
1260.5,1
1262.0,0
1262.25,1
1263.0,0
1263.5,1
1264.5,0
1264.75,1
1265.0,0
1270.5,1
1270.75,0
1278.75,1
1279.0,0
1279.75,1
1280.0,0
1280.75,1
1282.0,0
1282.75,1
1283.5,0
1283.75,1
1284.5,0
1284.75,1
1285.75,0
1286.0,1
1286.5,0
1287.0,1
1287.25,0
1287.5,1
1288.25,0
1288.5,1
1289.25,0
1290.75,1
1291.0,0
1304.5,1
1306.0,0
1306.25,1
1307.25,0
1307.5,1
1309.0,0
1309.25,1
1309.5,0
1309.75,1
1310.0,0
1310.5,1
1311.25,0
1311.5,1
1313.0,0
1313.25,1
1313.5,0
1377.25,1
1377.5,0
1377.75,1
1378.0,0
1378.25,1
1379.0,0
1379.25,1
1380.25,0
1380.75,1
1381.25,0
1381.5,1
1382.0,0
1382.25,1
1384.0,0
1384.5,1
1385.0,0
1388.5,1
1388.75,0
1398.5,1
1398.75,0
1400.25,1
1400.5,0
1401.25,1
1402.25,0
1402.75,1
1404.25,0
1404.5,1
1406.75,0
1407.0,1
1408.5,0
1425.25,1
1427.5,0
1427.75,1
1428.75,0
1429.0,1
1433.25,0
1433.5,1
1433.75,0
1436.5,1
1436.75,0
1446.0,1
1446.25,0
1449.25,1
1449.75,0
1450.0,1
1450.75,0
1451.25,1
1453.25,0
1453.5,1
1455.5,0
1455.75,1
1456.75,0
1457.0,1
1457.25,0
1457.75,1
1458.0,0
1471.75,1
1472.5,0
1473.0,1
1476.0,0
1476.5,1
1480.75,0
1481.0,1
1481.25,0
1481.5,1
1481.75,0
1483.5,1
1483.75,0
1542.25,1
1542.5,0
1543.5,1
1544.0,0
1545.75,1
1546.25,0
1546.75,1
1547.5,0
1548.0,1
1549.25,0
1549.5,1
1550.5,0
1550.75,1
1551.25,0
1551.5,1
1553.0,0
1557.25,1
1557.5,0
1558.25,1
1558.5,0
1566.0,1
1566.25,0
1567.25,1
1567.5,0
1569.0,1
1569.25,0
1569.5,1
1569.75,0
1570.0,1
1573.25,0
1573.5,1
1573.75,0
1574.0,1
1574.75,0
1575.0,1
1576.25,0
1576.5,1
1576.75,0
1577.25,1
1577.75,0
1580.0,1
1580.25,0
1589.5,1
1589.75,0
1590.75,1
1591.0,0
1592.75,1
1593.5,0
1593.75,1
1596.75,0
1597.0,1
1597.25,0
1597.5,1
1598.5,0
1598.75,1
1599.0,0
1599.25,1
1599.5,0
1599.75,1
1600.5,0
1615.0,1
1615.25,0
1616.75,1
1617.25,0
1617.5,1
1618.25,0
1618.5,1
1624.0,0
1624.25,1
1625.5,0
1639.5,1
1639.75,0
1640.0,1
1640.5,0
1640.75,1
1641.25,0
1641.5,1
1642.0,0
1642.5,1
1644.75,0
1645.0,1
1647.0,0
1647.75,1
1649.0,0
1652.5,1
1652.75,0
1653.0,1
1653.25,0
1710.25,1
1710.5,0
1713.25,1
1713.5,0
1713.75,1
1715.5,0
1715.75,1
1716.0,0
1716.25,1
1718.25,0
1718.5,1
1718.75,0
1719.25,1
1720.25,0
1722.0,1
1722.25,0
1734.0,1
1734.25,0
1736.0,1
1736.25,0
1736.75,1
1737.0,0
1737.25,1
1738.25,0
1738.5,1
1738.75,0
1739.0,1
1740.0,0
1740.25,1
1740.75,0
1741.0,1
1742.75,0
1743.5,1
1744.75,0
1745.0,1
1745.25,0
1749.5,1
1749.75,0
1758.75,1
1759.0,0
1760.75,1
1762.25,0
1762.5,1
1762.75,0
1763.25,1
1764.5,0
1764.75,1
1765.0,0
1765.5,1
1766.0,0
1766.25,1
1768.0,0
1768.25,1
1768.5,0
1768.75,1
1769.25,0
1784.75,1
1786.75,0
1787.0,1
1788.5,0
1788.75,1
1789.0,0
1789.25,1
1789.5,0
1789.75,1
1790.0,0
1790.25,1
1790.5,0
1790.75,1
1791.5,0
1791.75,1
1793.0,0
1793.25,1
1793.5,0
1808.75,1
1812.0,0
1812.25,1
1812.5,0
1812.75,1
1813.5,0
1813.75,1
1814.25,0
1814.5,1
1816.75,0
1819.5,1
1819.75,0
1822.0,1
1822.25,0
1877.75,1
1878.0,0
1880.75,1
1881.0,0
1881.5,1
1883.0,0
1883.25,1
1883.75,0
1884.0,1
1884.5,0
1884.75,1
1885.0,0
1885.25,1
1885.5,0
1885.75,1
1886.5,0
1886.75,1
1887.25,0
1887.5,1
1889.0,0
1889.5,1
1889.75,0
1902.25,1
1902.5,0
1903.25,1
1903.5,0
1905.25,1
1905.5,0
1905.75,1
1906.0,0
1906.25,1
1907.25,0
1907.5,1
1908.0,0
1908.25,1
1909.0,0
1909.5,1
1912.5,0
1912.75,1
1913.0,0
1926.75,1
1927.0,0
1927.5,1
1927.75,0
1928.75,1
1930.0,0
1930.25,1
1931.5,0
1931.75,1
1932.5,0
1932.75,1
1933.0,0
1933.25,1
1933.75,0
1934.0,1
1935.5,0
1935.75,1
1936.5,0
1936.75,1
1937.25,0
1941.0,1
1941.25,0
1953.25,1
1954.5,0
1954.75,1
1955.25,0
1955.5,1
1955.75,0
1956.25,1
1957.5,0
1958.0,1
1958.25,0
1958.5,1
1960.25,0
1960.5,1
1961.25,0
1975.0,1
1975.25,0
1976.75,1
1977.25,0
1977.75,1
1978.5,0
1978.75,1
1980.25,0
1980.5,1
1980.75,0
1981.25,1
1984.0,0
1984.25,1
1984.5,0
1984.75,1
1985.0,0
1989.75,1
1990.0,0
2046.25,1
2046.5,0
2048.25,1
2048.5,0
2049.25,1
2050.0,0
2050.25,1
2051.0,0
2051.25,1
2053.25,0
2053.5,1
2054.5,0
2055.0,1
2055.5,0
2055.75,1
2056.5,0
2056.75,1
2057.0,0
2057.5,1
2057.75,0
2060.5,1
2060.75,0
2071.5,1
2071.75,0
2073.0,1
2073.25,0
2073.5,1
2073.75,0
2074.25,1
2076.25,0
2076.75,1
2078.5,0
2078.75,1
2081.5,0
2086.0,1
2086.5,0
2097.0,1
2098.5,0
2099.0,1
2100.25,0
2100.5,1
2101.5,0
2101.75,1
2103.5,0
2103.75,1
2104.25,0
2104.75,1
2105.0,0
2119.0,1
2119.5,0
2120.75,1
2121.0,0
2121.75,1
2125.5,0
2126.0,1
2126.25,0
2126.75,1
2127.0,0
2127.25,1
2127.75,0
2128.0,1
2128.75,0
2129.0,1
2129.25,0
2142.75,1
2143.0,0
2144.25,1
2144.75,0
2145.0,1
2145.25,0
2145.5,1
2146.5,0
2146.75,1
2147.0,0
2147.25,1
2148.0,0
2148.25,1
2149.5,0
2149.75,1
2150.0,0
2150.25,1
2152.5,0
2152.75,1
2153.25,0
2215.75,1
2216.0,0
2217.25,1
2217.5,0
2218.0,1
2218.25,0
2218.5,1
2219.25,0
2219.5,1
2220.0,0
2220.25,1
2221.5,0
2221.75,1
2222.75,0
2223.0,1
2223.25,0
2223.5,1
2223.75,0
2224.0,1
2225.0,0
2227.25,1
2227.5,0
2228.25,1
2228.5,0
2229.0,1
2229.25,0
2230.0,1
2230.25,0
2240.75,1
2245.0,0
2245.5,1
2246.0,0
2246.25,1
2248.0,0
2248.25,1
2249.25,0
2249.5,1
2249.75,0
2262.5,1
2262.75,0
2264.25,1
2264.5,0
2265.25,1
2266.25,0
2266.5,1
2266.75,0
2267.0,1
2268.0,0
2269.0,1
2270.5,0
2270.75,1
2271.0,0
2271.25,1
2272.25,0
2272.5,1
2273.0,0
2276.5,1
2276.75,0
2287.0,1
2287.25,0
2289.25,1
2290.25,0
2290.5,1
2291.5,0
2291.75,1
2293.0,0
2293.25,1
2294.5,0
2294.75,1
2295.5,0
2295.75,1
2297.0,0
2300.75,1
2301.0,0
2310.75,1
2311.0,0
2312.0,1
2312.25,0
2312.75,1
2313.0,0
2313.5,1
2314.25,0
2314.5,1
2315.0,0
2315.25,1
2316.5,0
2316.75,1
2317.0,0
2317.5,1
2320.0,0
2320.25,1
2321.75,0
2385.0,1
2385.25,0
2385.5,1
2388.25,0
2388.5,1
2390.0,0
2390.25,1
2392.75,0
2393.0,1
2393.25,0
2395.75,1
2396.0,0
2396.75,1
2397.0,0
2398.0,1
2398.25,0
2406.5,1
2406.75,0
2409.0,1
2409.25,0
2409.5,1
2410.0,0
2410.5,1
2412.0,0
2412.25,1
2413.25,0
2413.75,1
2415.25,0
2415.5,1
2415.75,0
2416.0,1
2416.5,0
2417.0,1
2417.25,0
2420.0,1
2420.5,0
2431.5,1
2431.75,0
2433.0,1
2433.25,0
2433.5,1
2434.75,0
2435.25,1
2435.75,0
2436.0,1
2439.0,0
2439.25,1
2440.5,0
2440.75,1
2441.0,0
2454.5,1
2454.75,0
2455.0,1
2455.25,0
2457.0,1
2457.75,0
2458.0,1
2458.25,0
2458.5,1
2460.75,0
2461.0,1
2462.5,0
2462.75,1
2463.0,0
2463.25,1
2465.25,0
2481.0,1
2481.5,0
2481.75,1
2482.0,0
2482.25,1
2483.25,0
2483.5,1
2485.25,0
2485.5,1
2486.0,0
2486.25,1
2488.5,0
2488.75,1
2489.0,0
2550.0,1
2550.25,0
2553.5,1
2556.0,0
2556.25,1
2558.5,0
2559.0,1
2559.75,0
2560.0,1
2560.75,0
2561.0,1
2561.25,0
2561.5,1
2561.75,0
2577.25,1
2581.0,0
2581.25,1
2581.5,0
2581.75,1
2582.25,0
2582.5,1
2584.5,0
2584.75,1
2585.25,0
2601.0,1
2603.25,0
2603.5,1
2603.75,0
2604.0,1
2604.5,0
2605.0,1
2606.5,0
2606.75,1
2607.5,0
2607.75,1
2609.0,0
2609.25,1
2609.5,0
2609.75,1
2610.0,0
2622.75,1
2623.0,0
2625.0,1
2625.25,0
2625.75,1
2626.0,0
2626.75,1
2628.0,0
2628.5,1
2630.25,0
2630.5,1
2631.0,0
2631.25,1
2632.5,0
2633.25,1
2633.5,0
2634.0,1
2634.25,0
2636.0,1
2636.25,0
2646.5,1
2646.75,0
2647.5,1
2647.75,0
2648.25,1
2648.75,0
2649.5,1
2651.25,0
2651.75,1
2652.25,0
2652.5,1
2652.75,0
2653.75,1
2654.25,0
2654.5,1
2655.25,0
2655.5,1
2656.0,0
2656.25,1
2657.25,0
2717.75,1
2718.0,0
2718.5,1
2718.75,0
2720.25,1
2720.5,0
2720.75,1
2721.0,0
2721.25,1
2722.75,0
2723.0,1
2724.5,0
2725.0,1
2727.25,0
2727.75,1
2729.25,0
2743.0,1
2743.25,0
2743.75,1
2744.0,0
2745.0,1
2746.25,0
2746.5,1
2747.5,0
2748.25,1
2748.5,0
2749.25,1
2749.75,0
2750.75,1
2751.0,0
2751.25,1
2751.5,0
2752.0,1
2752.75,0
2753.0,1
2753.25,0
2766.5,1
2767.0,0
2767.25,1
2767.5,0
2767.75,1
2768.25,0
2769.5,1
2769.75,0
2770.0,1
2772.75,0
2773.0,1
2776.5,0
2776.75,1
2777.0,0
2781.25,1
2781.5,0
2793.25,1
2795.25,0
2795.5,1
2795.75,0
2796.0,1
2796.5,0
2796.75,1
2797.0,0
2797.25,1
2797.5,0
2797.75,1
2798.0,0
2798.25,1
2798.5,0
2798.75,1
2799.25,0
2799.5,1
2799.75,0
2800.0,1
2800.75,0
2801.0,1
2801.25,0
2804.75,1
2805.0,0
2814.75,1
2815.0,0
2815.75,1
2816.25,0
2817.0,1
2817.25,0
2817.75,1
2818.25,0
2818.5,1
2821.0,0
2821.5,1
2822.0,0
2822.25,1
2823.0,0
2823.25,1
2824.25,0
2828.75,1
2829.0,0
2887.0,1
2887.25,0
2889.5,1
2890.0,0
2890.25,1
2890.75,0
2891.0,1
2891.5,0
2891.75,1
2896.5,0
2896.75,1
2897.0,0
2910.25,1
2910.5,0
2912.75,1
2913.25,0
2913.75,1
2914.5,0
2915.0,1
2916.25,0
2916.5,1
2917.0,0
2917.25,1
2918.0,0
2918.5,1
2918.75,0
2919.25,1
2919.5,0
2919.75,1
2921.0,0
2925.25,1
2925.5,0
2936.0,1
2936.25,0
2937.0,1
2939.0,0
2939.25,1
2940.25,0
2940.5,1
2941.25,0
2941.5,1
2941.75,0
2942.0,1
2944.5,0
2944.75,1
2945.0,0
2949.0,1
2949.25,0
2960.5,1
2960.75,0
2961.25,1
2966.5,0
2967.0,1
2967.75,0
2968.25,1
2968.5,0
2970.0,1
2970.25,0
2982.25,1
2982.5,0
2984.75,1
2985.75,0
2986.0,1
2987.75,0
2988.25,1
2990.5,0
2991.25,1
2991.5,0
2991.75,1
2993.25,0
2993.5,1
2993.75,0
3057.0,1
3057.25,0
3057.5,1
3057.75,0
3058.0,1
3060.0,0
3060.25,1
3061.0,0
3061.25,1
3061.5,0
3061.75,1
3062.25,0
3062.5,1
3063.25,0
3063.75,1
3065.0,0
3069.75,1
3070.25,0
3078.25,1
3078.5,0
3080.75,1
3083.75,0
3084.0,1
3084.75,0
3085.0,1
3087.0,0
3087.5,1
3088.75,0
3090.75,1
3091.0,0
3093.25,1
3093.5,0
3103.5,1
3103.75,0
3104.25,1
3104.5,0
3105.0,1
3105.25,0
3105.5,1
3106.0,0
3106.5,1
3107.25,0
3107.5,1
3112.25,0
3112.5,1
3112.75,0
3113.0,1
3113.5,0
3114.0,1
3114.25,0
3118.25,1
3118.5,0
3127.75,1
3128.0,0
3128.25,1
3129.0,0
3130.0,1
3133.0,0
3133.5,1
3135.25,0
3135.5,1
3136.0,0
3136.5,1
3137.0,0
3150.75,1
3151.0,0
3152.25,1
3152.5,0
3153.25,1
3154.25,0
3154.5,1
3154.75,0
3155.0,1
3155.5,0
3155.75,1
3157.25,0
3157.75,1
3160.0,0
3160.25,1
3160.75,0
3224.75,1
3225.5,0
3225.75,1
3226.0,0
3226.25,1
3228.75,0
3229.0,1
3229.75,0
3230.0,1
3230.25,0
3230.75,1
3231.5,0
3232.0,1
3233.0,0
3233.5,1
3233.75,0
3246.5,1
3246.75,0
3247.25,1
3247.5,0
3248.25,1
3248.5,0
3248.75,1
3249.0,0
3249.25,1
3250.5,0
3250.75,1
3251.25,0
3252.0,1
3252.25,0
3252.75,1
3254.0,0
3254.25,1
3257.25,0
3260.75,1
3261.0,0
3270.5,1
3271.0,0
3272.5,1
3272.75,0
3273.25,1
3273.75,0
3274.0,1
3274.25,0
3274.5,1
3275.0,0
3275.25,1
3276.75,0
3277.0,1
3278.25,0
3278.5,1
3278.75,0
3279.25,1
3281.0,0
3284.5,1
3284.75,0
3286.0,1
3286.25,0
3296.75,1
3298.25,0
3298.5,1
3301.25,0
3301.5,1
3302.5,0
3302.75,1
3303.25,0
3303.5,1
3304.25,0
3304.5,1
3304.75,0
3305.5,1
3305.75,0
3318.0,1
3318.25,0
3321.25,1
3322.75,0
3323.0,1
3323.25,0
3323.5,1
3323.75,0
3324.0,1
3324.5,0
3324.75,1
3325.5,0
3325.75,1
3326.0,0
3326.25,1
3327.0,0
3327.25,1
3327.75,0
3328.0,1
3328.25,0
3328.75,1
3329.0,0
3392.75,1
3393.0,0
3393.25,1
3393.5,0
3393.75,1
3395.25,0
3395.5,1
3397.0,0
3397.25,1
3397.5,0
3397.75,1
3400.5,0
3400.75,1
3401.25,0
3413.75,1
3414.0,0
3414.75,1
3415.25,0
3415.75,1
3416.0,0
3416.25,1
3416.5,0
3416.75,1
3418.5,0
3418.75,1
3420.75,0
3421.0,1
3421.5,0
3422.0,1
3422.5,0
3422.75,1
3424.75,0
3440.0,1
3440.25,0
3440.75,1
3442.75,0
3443.0,1
3444.0,0
3444.5,1
3445.5,0
3446.25,1
3446.75,0
3447.0,1
3447.25,0
3447.5,1
3448.0,0
3448.5,1
3449.0,0
3449.25,1
3449.5,0
3454.5,1
3454.75,0
3462.75,1
3463.0,0
3465.0,1
3465.75,0
3466.0,1
3466.5,0
3466.75,1
3470.0,0
3470.25,1
3471.25,0
3471.5,1
3472.25,0
3472.5,1
3473.25,0
3476.75,1
3477.0,0
3477.25,1
3477.5,0
3489.25,1
3490.5,0
3491.0,1
3492.0,0
3492.25,1
3493.75,0
3494.0,1
3494.25,0
3494.5,1
3494.75,0
3496.0,1
3496.25,0
3496.5,1
3497.25,0
3560.5,1
3564.5,0
3565.0,1
3565.25,0
3565.5,1
3566.25,0
3566.5,1
3567.5,0
3567.75,1
3569.0,0
3569.5,1
3569.75,0
3608.75,1
3609.5,0
3609.75,1
3613.25,0
3613.75,1
3614.25,0
3614.5,1
3616.0,0
3616.25,1
3617.0,0
3621.25,1
3621.5,0
3630.25,1
3630.5,0
3631.25,1
3631.75,0
3632.25,1
3632.75,0
3633.5,1
3633.75,0
3634.0,1
3636.5,0
3636.75,1
3640.25,0
3640.5,1
3640.75,0
3645.5,1
3645.75,0
3646.75,1
3647.0,0
3656.0,1
3656.25,0
3656.75,1
3657.0,0
3657.5,1
3657.75,0
3658.0,1
3658.5,0
3658.75,1
3659.0,0
3659.25,1
3659.5,0
3659.75,1
3661.0,0
3661.25,1
3662.0,0
3662.25,1
3662.75,0
3663.25,1
3664.0,0
3664.25,1
3665.0,0
3666.0,1
3666.25,0
3726.75,1
3727.0,0
3729.5,1
3732.5,0
3732.75,1
3734.75,0
3735.25,1
3735.5,0
3735.75,1
3737.25,0
3739.5,1
3739.75,0
3752.75,1
3754.5,0
3754.75,1
3755.5,0
3755.75,1
3756.0,0
3756.5,1
3757.25,0
3757.5,1
3759.0,0
3759.25,1
3760.25,0
3760.75,1
3761.25,0
3765.5,1
3765.75,0
3775.0,1
3775.25,0
3776.75,1
3777.0,0
3777.25,1
3778.5,0
3778.75,1
3781.5,0
3781.75,1
3782.75,0
3783.0,1
3783.25,0
3783.5,1
3785.5,0
3789.5,1
3789.75,0
3798.25,1
3798.5,0
3799.5,1
3799.75,0
3800.5,1
3800.75,0
3801.0,1
3801.25,0
3801.75,1
3802.5,0
3802.75,1
3803.0,0
3803.25,1
3805.0,0
3805.25,1
3807.25,0
3807.5,1
3808.75,0
3809.0,1
3809.25,0
3812.5,1
3812.75,0
3824.5,1
3825.75,0
3826.25,1
3826.5,0
3826.75,1
3827.0,0
3827.25,1
3828.0,0
3828.25,1
3829.75,0
3830.0,1
3832.25,0
3833.0,1
3833.25,0
3837.25,1
3837.5,0
3894.75,1
3895.25,0
3897.25,1
3897.75,0
3898.0,1
3898.25,0
3898.5,1
3899.5,0
3899.75,1
3900.0,0
3900.25,1
3901.75,0
3902.25,1
3902.5,0
3902.75,1
3904.75,0
3905.25,1
3905.5,0
3908.0,1
3908.25,0
3909.25,1
3909.5,0
3921.5,1
3922.5,0
3922.75,1
3923.75,0
3924.25,1
3924.5,0
3924.75,1
3925.5,0
3925.75,1
3926.25,0
3926.5,1
3928.5,0
3928.75,1
3929.5,0
3945.25,1
3945.75,0
3946.0,1
3946.75,0
3947.25,1
3947.75,0
3948.0,1
3948.25,0
3949.0,1
3949.5,0
3949.75,1
3952.0,0
3952.25,1
3953.0,0
3957.0,1
3957.25,0
3966.5,1
3966.75,0
3969.75,1
3974.5,0
3974.75,1
3975.0,0
3975.25,1
3976.25,0
3976.5,1
3977.25,0
3980.75,1
3981.0,0
3992.75,1
3994.5,0
3994.75,1
3997.5,0
3997.75,1
3999.25,0
3999.5,1
4000.25,0
4000.5,1
4000.75,0
4001.0,1
4001.25,0
4062.75,1
4063.0,0
4064.0,1
4064.25,0
4064.75,1
4065.0,0
4065.25,1
4070.0,0
4070.5,1
4071.75,0
4072.0,1
4073.0,0
4088.0,1
4088.25,0
4088.75,1
4090.0,0
4090.25,1
4090.75,0
4091.0,1
4093.75,0
4094.0,1
4094.5,0
4094.75,1
4095.25,0
4095.75,1
4096.0,0
4096.25,1
4096.5,0
4097.0,1
4097.25,0
4100.25,1
4100.75,0
4102.5,1
4102.75,0
4112.0,1
4112.25,0
4112.75,1
4114.0,0
4114.25,1
4115.5,0
4115.75,1
4117.5,0
4118.25,1
4119.5,0
4119.75,1
4120.0,0
4120.25,1
4120.5,0
4120.75,1
4121.5,0
4124.0,1
4124.25,0
4135.25,1
4135.5,0
4137.0,1
4137.25,0
4137.5,1
4138.75,0
4139.0,1
4139.75,0
4140.0,1
4141.75,0
4142.25,1
4143.0,0
4143.25,1
4144.25,0
4144.75,1
4145.25,0
4157.75,1
4158.0,0
4160.75,1
4161.0,0
4161.25,1
4164.0,0
4164.25,1
4165.0,0
4165.5,1
4168.75,0
4231.5,1
4232.0,0
4233.0,1
4233.75,0
4234.0,1
4234.5,0
4235.0,1
4237.25,0
4237.75,1
4238.0,0
4238.25,1
4238.5,0
4238.75,1
4241.0,0
4241.5,1
4241.75,0
4256.5,1
4256.75,0
4257.0,1
4257.75,0
4258.0,1
4258.75,0
4259.0,1
4261.0,0
4261.5,1
4265.0,0
4265.5,1
4265.75,0
4277.5,1
4277.75,0
4280.5,1
4280.75,0
4281.0,1
4281.25,0
4281.75,1
4284.25,0
4284.5,1
4284.75,0
4285.25,1
4285.5,0
4285.75,1
4286.5,0
4287.0,1
4288.0,0
4288.25,1
4289.5,0
4292.75,1
4293.0,0
4293.75,1
4294.0,0
4302.25,1
4302.5,0
4304.75,1
4305.0,0
4305.5,1
4307.25,0
4307.5,1
4312.25,0
4312.5,1
4313.25,0
4318.0,1
4318.25,0
4328.75,1
4329.25,0
4329.5,1
4331.75,0
4332.0,1
4332.75,0
4333.0,1
4334.25,0
4334.5,1
4337.0,0
4337.25,1
4337.5,0
4399.75,1
4400.0,0
4401.25,1
4401.75,0
4402.5,1
4403.0,0
4403.25,1
4406.75,0
4407.0,1
4407.25,0
4407.75,1
4408.0,0
4408.25,1
4408.75,0
4409.25,1
4409.5,0
4446.0,1
4446.25,0
4447.5,1
4447.75,0
4448.75,1
4449.25,0
4449.5,1
4450.0,0
4450.25,1
4452.25,0
4452.5,1
4452.75,0
4453.25,1
4453.5,0
4453.75,1
4454.25,0
4454.5,1
4455.5,0
4455.75,1
4456.75,0
4462.0,1
4462.25,0
4471.75,1
4472.0,0
4472.5,1
4472.75,0
4473.25,1
4477.5,0
4477.75,1
4478.25,0
4478.75,1
4480.25,0
4480.5,1
4481.25,0
4497.5,1
4498.25,0
4498.5,1
4499.25,0
4499.5,1
4500.25,0
4500.75,1
4501.25,0
4501.75,1
4502.5,0
4502.75,1
4503.75,0
4504.25,1
4504.5,0
4505.5,1
4505.75,0
4567.25,1
4567.5,0
4567.75,1
4568.25,0
4568.5,1
4568.75,0
4569.0,1
4570.0,0
4570.25,1
4571.75,0
4572.0,1
4573.75,0
4574.0,1
4574.25,0
4574.75,1
4575.0,0
4575.25,1
4575.5,0
4575.75,1
4576.0,0
4576.25,1
4576.5,0
4577.0,1
4577.25,0
4581.75,1
4582.0,0
4590.5,1
4590.75,0
4593.0,1
4593.75,0
4594.0,1
4594.75,0
4595.0,1
4595.75,0
4596.25,1
4597.5,0
4598.25,1
4600.0,0
4600.5,1
4601.25,0
4601.5,1
4601.75,0
4605.25,1
4605.5,0
4606.0,1
4606.25,0
4615.5,1
4615.75,0
4616.75,1
4617.0,0
4617.5,1
4618.5,0
4618.75,1
4619.5,0
4619.75,1
4620.25,0
4620.5,1
4621.25,0
4621.5,1
4621.75,0
4622.0,1
4623.0,0
4623.25,1
4623.75,0
4624.0,1
4624.5,0
4624.75,1
4625.0,0
4628.0,1
4628.25,0
4638.5,1
4638.75,0
4640.75,1
4641.0,0
4641.5,1
4642.0,0
4642.5,1
4642.75,0
4643.25,1
4644.25,0
4644.75,1
4645.5,0
4645.75,1
4646.0,0
4646.25,1
4646.5,0
4646.75,1
4647.0,0
4647.25,1
4648.0,0
4648.25,1
4649.0,0
4662.75,1
4663.25,0
4664.0,1
4664.25,0
4664.75,1
4665.0,0
4665.25,1
4665.5,0
4665.75,1
4666.75,0
4667.0,1
4668.75,0
4669.0,1
4670.25,0
4670.5,1
4671.25,0
4671.75,1
4672.25,0
4672.5,1
4672.75,0
4734.75,1
4735.0,0
4736.25,1
4736.5,0
4737.25,1
4737.75,0
4738.25,1
4738.5,0
4738.75,1
4739.25,0
4739.5,1
4740.0,0
4740.25,1
4742.5,0
4743.0,1
4744.75,0
4745.5,1
4745.75,0
4747.75,1
4748.0,0
4749.5,1
4749.75,0
4750.0,1
4750.25,0
4759.0,1
4759.25,0
4761.25,1
4763.75,0
4764.25,1
4764.5,0
4764.75,1
4766.5,0
4766.75,1
4767.0,0
4767.25,1
4769.25,0
4785.5,1
4785.75,0
4786.0,1
4786.25,0
4786.5,1
4789.5,0
4789.75,1
4790.0,0
4790.25,1
4791.75,0
4792.0,1
4792.75,0
4793.25,1
4793.5,0
4796.75,1
4797.0,0
4797.25,1
4797.5,0
4807.75,1
4808.0,0
4809.25,1
4810.25,0
4810.5,1
4811.0,0
4811.75,1
4812.25,0
4812.5,1
4814.25,0
4814.5,1
4815.5,0
4815.75,1
4816.0,0
4816.25,1
4816.5,0
4817.0,1
4817.25,0
4830.5,1
4831.0,0
4832.0,1
4832.25,0
4832.5,1
4833.0,0
4833.5,1
4834.0,0
4834.25,1
4834.5,0
4834.75,1
4836.25,0
4836.5,1
4837.75,0
4838.0,1
4839.0,0
4839.5,1
4841.0,0
4841.25,1
4841.5,0
4845.0,1
4845.25,0
4905.0,1
4907.5,0
4907.75,1
4909.0,0
4909.5,1
4910.0,0
4910.25,1
4912.0,0
4912.25,1
4913.25,0
4926.5,1
4926.75,0
4927.75,1
4928.0,0
4928.25,1
4928.5,0
4928.75,1
4929.0,0
4929.25,1
4930.25,0
4930.5,1
4931.5,0
4931.75,1
4932.0,0
4932.25,1
4933.0,0
4933.25,1
4933.75,0
4934.0,1
4934.5,0
4934.75,1
4937.0,0
4937.5,1
4937.75,0
4940.75,1
4941.0,0
4942.75,1
4943.0,0
4950.75,1
4951.0,0
4952.75,1
4953.0,0
4953.25,1
4954.75,0
4955.25,1
4958.0,0
4958.5,1
4961.0,0
4975.75,1
4976.0,0
4976.75,1
4977.0,0
4977.25,1
4977.75,0
4978.0,1
4980.75,0
4981.0,1
4982.5,0
4982.75,1
4984.5,0
4984.75,1
4985.0,0
5000.25,1
5000.5,0
5001.25,1
5002.0,0
5002.25,1
5003.5,0
5003.75,1
5004.25,0
5004.5,1
5005.75,0
5006.0,1
5007.75,0
5008.0,1
5008.5,0
5008.75,1
5009.0,0
5013.25,1
5013.5,0
5072.0,1
5072.5,0
5073.25,1
5073.5,0
5074.0,1
5076.75,0
5077.75,1
5079.25,0
5079.5,1
5081.0,0
5096.5,1
5097.25,0
5097.5,1
5097.75,0
5098.0,1
5098.75,0
5099.25,1
5100.25,0
5100.5,1
5101.5,0
5101.75,1
5102.0,0
5102.5,1
5103.0,0
5103.25,1
5103.5,0
5103.75,1
5104.0,0
5104.25,1
5104.5,0
5105.0,1
5105.25,0
5121.5,1
5123.25,0
5123.5,1
5125.25,0
5125.5,1
5126.5,0
5126.75,1
5128.75,0
5129.25,1
5129.5,0
5131.0,1
5131.25,0
5144.25,1
5144.5,0
5145.25,1
5145.5,0
5145.75,1
5148.25,0
5148.75,1
5149.5,0
5150.0,1
5151.75,0
5152.0,1
5152.75,0
5153.25,1
5153.5,0
5158.0,1
5158.25,0
5168.5,1
5168.75,0
5169.25,1
5171.25,0
5171.5,1
5172.25,0
5172.5,1
5173.75,0
5174.0,1
5174.5,0
5174.75,1
5176.0,0
5176.5,1
5177.5,0
5240.25,1
5240.5,0
5241.25,1
5241.5,0
5241.75,1
5244.5,0
5244.75,1
5245.0,0
5245.25,1
5246.25,0
5246.5,1
5246.75,0
5247.0,1
5247.25,0
5247.5,1
5249.0,0
5253.75,1
5254.0,0
5264.25,1
5264.5,0
5264.75,1
5266.0,0
5266.25,1
5268.0,0
5268.5,1
5269.0,0
5269.5,1
5271.75,0
5272.0,1
5272.75,0
5287.75,1
5288.0,0
5288.25,1
5288.75,0
5289.25,1
5289.75,0
5290.0,1
5291.75,0
5292.25,1
5292.5,0
5292.75,1
5293.5,0
5294.0,1
5294.25,0
5294.5,1
5295.25,0
5295.5,1
5296.25,0
5296.5,1
5296.75,0
5297.0,1
5297.25,0
5310.75,1
5311.0,0
5311.25,1
5311.5,0
5312.0,1
5312.75,0
5313.75,1
5314.0,0
5314.25,1
5314.5,0
5314.75,1
5315.0,0
5315.25,1
5315.5,0
5315.75,1
5317.5,0
5317.75,1
5319.25,0
5319.5,1
5320.0,0
5320.25,1
5321.0,0
5321.25,1
5321.5,0
5325.25,1
5325.5,0
5335.0,1
5335.25,0
5336.0,1
5336.25,0
5337.0,1
5337.25,0
5338.25,1
5339.75,0
5340.25,1
5344.5,0
5344.75,1
5345.25,0
5348.5,1
5348.75,0
5349.5,1
5349.75,0
5406.0,1
5406.25,0
5408.25,1
5408.75,0
5409.0,1
5409.75,0
5410.0,1
5411.0,0
5411.25,1
5412.0,0
5412.25,1
5412.75,0
5413.25,1
5413.5,0
5413.75,1
5414.75,0
5415.0,1
5416.5,0
5416.75,1
5417.5,0
5421.25,1
5421.5,0
5430.25,1
5430.5,0
5431.75,1
5432.0,0
5432.25,1
5432.5,0
5432.75,1
5433.0,0
5433.25,1
5434.25,0
5434.5,1
5435.0,0
5435.25,1
5435.5,0
5435.75,1
5436.0,0
5436.25,1
5441.0,0
5455.25,1
5455.5,0
5456.75,1
5457.0,0
5457.25,1
5457.75,0
5458.0,1
5459.25,0
5459.5,1
5460.25,0
5460.5,1
5460.75,0
5461.25,1
5461.75,0
5462.0,1
5462.75,0
5463.0,1
5463.5,0
5464.0,1
5464.5,0
5465.0,1
5465.25,0
5469.0,1
5469.25,0
5479.25,1
5479.5,0
5480.75,1
5481.0,0
5481.25,1
5482.5,0
5482.75,1
5483.5,0
5484.0,1
5484.25,0
5484.5,1
5485.5,0
5485.75,1
5487.25,0
5487.5,1
5489.0,0
5492.0,1
5492.25,0
5501.75,1
5502.0,0
5503.5,1
5504.0,0
5504.75,1
5505.25,0
5505.5,1
5507.75,0
5508.0,1
5508.75,0
5509.75,1
5510.25,0
5510.5,1
5512.5,0
5512.75,1
5513.25,0
5575.0,1
5575.25,0
5575.75,1
5576.0,0
5576.25,1
5576.5,0
5577.25,1
5579.5,0
5580.25,1
5582.75,0
5583.0,1
5584.25,0
5584.75,1
5585.0,0
5600.25,1
5600.5,0
5600.75,1
5601.0,0
5601.5,1
5603.5,0
5603.75,1
5604.0,0
5604.25,1
5604.5,0
5604.75,1
5606.25,0
5606.5,1
5608.25,0
5608.5,1
5609.0,0
5612.5,1
5612.75,0
5623.75,1
5624.0,0
5625.25,1
5625.5,0
5625.75,1
5627.25,0
5627.5,1
5628.5,0
5629.0,1
5629.25,0
5629.5,1
5631.5,0
5631.75,1
5633.25,0
5636.25,1
5636.5,0
5648.5,1
5648.75,0
5649.5,1
5651.0,0
5651.25,1
5652.75,0
5653.0,1
5653.75,0
5654.0,1
5654.25,0
5654.5,1
5654.75,0
5655.0,1
5657.0,0
5657.25,1
5657.75,0
5660.0,1
5660.25,0
5670.75,1
5671.75,0
5672.75,1
5673.25,0
5673.5,1
5674.5,0
5674.75,1
5675.0,0
5675.25,1
5676.25,0
5676.75,1
5677.25,0
5677.5,1
5678.25,0
5678.5,1
5678.75,0
5679.0,1
5681.0,0
5744.75,1
5745.25,0
5745.5,1
5746.5,0
5747.0,1
5750.0,0
5750.25,1
5750.5,0
5750.75,1
5751.75,0
5752.0,1
5752.5,0
5752.75,1
5753.5,0
5757.75,1
5758.0,0
5769.0,1
5769.5,0
5769.75,1
5770.25,0
5770.5,1
5772.5,0
5773.0,1
5775.5,0
5776.0,1
5777.25,0
5780.5,1
5780.75,0
5790.25,1
5790.5,0
5793.0,1
5793.5,0
5793.75,1
5795.25,0
5795.5,1
5795.75,0
5796.25,1
5796.75,0
5797.0,1
5798.5,0
5799.0,1
5800.25,0
5801.0,1
5801.25,0
5801.5,1
5801.75,0
5814.0,1
5814.25,0
5816.5,1
5816.75,0
5817.5,1
5817.75,0
5818.0,1
5819.5,0
5819.75,1
5821.0,0
5821.25,1
5822.5,0
5822.75,1
5824.75,0
5825.0,1
5825.5,0
5830.5,1
5830.75,0
5833.5,1
5833.75,0
5841.5,1
5844.5,0
5844.75,1
5846.5,0
5846.75,1
5848.0,0
5848.25,1
5849.0,0
5904.25,1
5904.5,0
5905.5,1
5905.75,0
5912.0,1
5912.5,0
5913.0,1
5913.25,0
5913.75,1
5914.75,0
5915.0,1
5916.25,0
5917.0,1
5917.5,0
5917.75,1
5918.0,0
5918.25,1
5921.25,0
5921.5,1
5921.75,0
5959.25,1
5959.5,0
5961.25,1
5962.75,0
5963.0,1
5964.75,0
5965.25,1
5965.75,0
5966.0,1
5967.75,0
5968.0,1
5968.75,0
5969.25,1
5969.5,0
5973.0,1
5973.25,0
5982.5,1
5982.75,0
5984.5,1
5984.75,0
5985.0,1
5985.5,0
5985.75,1
5987.0,0
5987.25,1
5989.0,0
5989.25,1
5990.0,0
5990.25,1
5990.5,0
5990.75,1
5991.75,0
5992.0,1
5993.0,0
5993.5,1
5993.75,0
5996.5,1
5996.75,0
6007.25,1
6007.5,0
6009.0,1
6009.25,0
6009.5,1
6009.75,0
6010.0,1
6010.25,0
6010.5,1
6010.75,0
6011.25,1
6011.75,0
6012.0,1
6012.75,0
6013.0,1
6013.25,0
6013.75,1
6014.5,0
6015.0,1
6015.75,0
6016.0,1
6017.25,0
6017.5,1
6017.75,0
6020.0,1
6020.25,0
6021.25,1
6021.5,0
6078.5,1
6078.75,0
6079.25,1
6079.5,0
6080.0,1
6080.25,0
6081.5,1
6082.25,0
6082.5,1
6083.25,0
6083.5,1
6084.5,0
6084.75,1
6085.5,0
6085.75,1
6086.75,0
6087.25,1
6088.0,0
6088.5,1
6089.25,0
6103.0,1
6103.5,0
6103.75,1
6104.25,0
6104.75,1
6105.25,0
6105.5,1
6108.75,0
6109.0,1
6111.25,0
6111.5,1
6112.25,0
6112.5,1
6112.75,0
6127.0,1
6127.5,0
6127.75,1
6128.0,0
6129.25,1
6129.5,0
6129.75,1
6130.0,0
6130.25,1
6130.75,0
6131.0,1
6131.25,0
6131.5,1
6132.0,0
6132.25,1
6132.75,0
6133.0,1
6133.75,0
6134.0,1
6134.25,0
6134.5,1
6135.75,0
6136.0,1
6136.25,0
6136.5,1
6137.0,0
6137.25,1
6137.5,0
6150.5,1
6150.75,0
6151.0,1
6151.25,0
6151.75,1
6152.0,0
6153.25,1
6154.5,0
6154.75,1
6155.75,0
6156.0,1
6156.25,0
6156.5,1
6156.75,0
6157.0,1
6158.25,0
6158.75,1
6160.5,0
6160.75,1
6161.0,0
6161.75,1
6162.0,0
6165.75,1
6166.0,0
6174.25,1
6174.5,0
6175.0,1
6175.25,0
6175.75,1
6176.0,0
6176.25,1
6176.5,0
6177.0,1
6177.25,0
6177.5,1
6178.5,0
6179.0,1
6180.0,0
6180.5,1
6181.5,0
6181.75,1
6182.5,0
6182.75,1
6185.0,0
6246.5,1
6247.0,0
6248.75,1
6249.5,0
6249.75,1
6251.0,0
6251.25,1
6252.75,0
6253.0,1
6254.0,0
6254.25,1
6255.5,0
6255.75,1
6257.25,0
6269.75,1
6270.0,0
6270.25,1
6270.5,0
6272.0,1
6272.25,0
6272.5,1
6272.75,0
6273.0,1
6275.0,0
6275.25,1
6275.5,0
6276.0,1
6276.5,0
6276.75,1
6277.5,0
6277.75,1
6278.25,0
6278.75,1
6279.25,0
6279.5,1
6280.0,0
6280.25,1
6280.75,0
6281.0,1
6281.25,0
6294.5,1
6294.75,0
6296.75,1
6297.25,0
6297.5,1
6298.25,0
6298.75,1
6299.0,0
6299.25,1
6300.0,0
6300.25,1
6301.25,0
6301.5,1
6302.0,0
6302.25,1
6304.5,0
6305.0,1
6305.5,0
6319.0,1
6319.25,0
6319.5,1
6319.75,0
6321.75,1
6322.75,0
6323.0,1
6324.5,0
6325.0,1
6328.75,0
6329.0,1
6329.25,0
6332.75,1
6333.0,0
6342.5,1
6342.75,0
6344.25,1
6344.5,0
6345.0,1
6347.25,0
6347.5,1
6348.25,0
6348.5,1
6349.0,0
6349.25,1
6350.25,0
6350.5,1
6353.25,0
6415.0,1
6415.25,0
6416.0,1
6416.25,0
6417.25,1
6418.0,0
6418.25,1
6419.25,0
6419.5,1
6420.25,0
6420.5,1
6421.5,0
6422.0,1
6423.5,0
6423.75,1
6424.5,0
6424.75,1
6425.25,0
6441.0,1
6442.0,0
6442.25,1
6445.25,0
6445.5,1
6447.25,0
6447.5,1
6449.25,0
6452.25,1
6452.5,0
6452.75,1
6453.0,0
6461.5,1
6461.75,0
6463.75,1
6464.0,0
6464.5,1
6467.75,0
6468.25,1
6468.75,0
6469.0,1
6469.5,0
6469.75,1
6470.5,0
6470.75,1
6473.0,0
6475.75,1
6476.0,0
6485.5,1
6485.75,0
6489.0,1
6490.0,0
6490.5,1
6491.75,0
6492.0,1
6493.5,0
6494.0,1
6494.75,0
6495.0,1
6496.0,0
6496.75,1
6497.25,0
6511.25,1
6511.5,0
6512.25,1
6512.5,0
6512.75,1
6513.25,0
6513.5,1
6515.75,0
6516.25,1
6517.25,0
6517.75,1
6518.0,0
6518.5,1
6519.5,0
6519.75,1
6520.5,0
6521.0,1
6521.25,0
6522.25,1
6522.5,0
6584.25,1
6584.5,0
6584.75,1
6585.0,0
6585.25,1
6587.25,0
6587.5,1
6587.75,0
6588.0,1
6590.0,0
6590.25,1
6593.25,0
6609.5,1
6610.5,0
6610.75,1
6611.25,0
6611.5,1
6612.25,0
6613.0,1
6614.0,0
6614.25,1
6615.0,0
6615.5,1
6616.0,0
6616.25,1
6616.5,0
6616.75,1
6617.0,0
6631.25,1
6631.5,0
6633.5,1
6634.0,0
6634.25,1
6640.25,0
6640.5,1
6641.0,0
6644.5,1
6644.75,0
6657.0,1
6657.5,0
6657.75,1
6658.25,0
6658.75,1
6661.25,0
6661.5,1
6662.5,0
6662.75,1
6663.0,0
6663.5,1
6665.25,0
6670.75,1
6671.0,0
6675.0,1
6675.25,0
6678.75,1
6679.0,0
6679.25,1
6679.5,0
6681.5,1
6682.0,0
6682.25,1
6682.5,0
6682.75,1
6683.0,0
6683.25,1
6684.25,0
6684.75,1
6685.0,0
6685.5,1
6686.75,0
6687.0,1
6687.25,0
6687.5,1
6688.25,0
6688.5,1
6689.0,0
6689.25,1
6689.5,0
6694.75,1
6695.0,0
6751.25,1
6751.5,0
6752.5,1
6752.75,0
6753.0,1
6753.25,0
6753.5,1
6754.5,0
6754.75,1
6756.0,0
6756.25,1
6757.5,0
6757.75,1
6759.0,0
6759.5,1
6760.75,0
6761.25,1
6761.75,0
6800.25,1
6800.5,0
6801.0,1
6801.25,0
6801.5,1
6802.0,0
6802.25,1
6802.5,0
6802.75,1
6803.0,0
6803.25,1
6805.5,0
6805.75,1
6806.0,0
6806.25,1
6806.75,0
6807.0,1
6807.75,0
6808.0,1
6808.75,0
6809.25,1
6809.5,0
6812.25,1
6812.5,0
6813.25,1
6813.75,0
6823.0,1
6823.25,0
6824.75,1
6827.0,0
6827.25,1
6828.75,0
6829.0,1
6829.25,0
6829.5,1
6830.0,0
6830.25,1
6830.5,0
6830.75,1
6831.5,0
6831.75,1
6832.0,0
6832.25,1
6832.5,0
6832.75,1
6833.5,0
6846.5,1
6846.75,0
6849.0,1
6851.25,0
6851.5,1
6853.0,0
6853.25,1
6853.75,0
6854.0,1
6854.5,0
6855.0,1
6855.5,0
6855.75,1
6856.25,0
6856.5,1
6856.75,0
6860.25,1
6860.5,0
6918.5,1
6918.75,0
6921.0,1
6921.25,0
6921.5,1
6924.0,0
6924.25,1
6929.25,0
6943.25,1
6943.5,0
6944.75,1
6945.0,0
6945.25,1
6947.0,0
6947.25,1
6947.5,0
6947.75,1
6948.0,0
6948.25,1
6949.5,0
6949.75,1
6952.75,0
6968.0,1
6968.25,0
6968.75,1
6969.0,0
6969.75,1
6970.5,0
6970.75,1
6971.75,0
6972.25,1
6973.25,0
6974.0,1
6974.75,0
6975.0,1
6976.5,0
6976.75,1
6977.25,0
6981.75,1
6982.0,0
6990.5,1
6990.75,0
6991.5,1
6991.75,0
6992.0,1
6992.25,0
6993.25,1
6994.0,0
6994.25,1
6995.0,0
6995.5,1
6995.75,0
6996.0,1
6996.25,0
6996.5,1
6997.0,0
6997.75,1
6998.25,0
6998.5,1
7001.0,0
7004.75,1
7005.25,0
7013.75,1
7014.0,0
7016.75,1
7020.0,0
7020.25,1
7020.75,0
7021.0,1
7024.5,0
7025.0,1
7025.5,0
7086.75,1
7087.0,0
7089.5,1
7089.75,0
7090.0,1
7090.25,0
7090.75,1
7092.25,0
7092.75,1
7093.25,0
7093.75,1
7095.5,0
7095.75,1
7096.75,0
7097.25,1
7097.5,0
7109.75,1
7110.0,0
7111.75,1
7112.0,0
7113.0,1
7114.0,0
7114.25,1
7115.0,0
7115.5,1
7116.0,0
7116.25,1
7117.0,0
7118.25,1
7120.25,0
7121.0,1
7121.5,0
7135.75,1
7136.0,0
7137.0,1
7137.5,0
7138.0,1
7138.5,0
7138.75,1
7139.5,0
7139.75,1
7140.25,0
7140.5,1
7141.25,0
7141.5,1
7143.5,0
7143.75,1
7144.0,0
7144.25,1
7145.5,0
7148.75,1
7149.0,0
7157.75,1
7158.0,0
7158.5,1
7158.75,0
7161.25,1
7163.5,0
7163.75,1
7164.25,0
7164.5,1
7166.0,0
7166.25,1
7167.5,0
7167.75,1
7168.25,0
7168.5,1
7169.0,0
7169.75,1
7170.0,0
7182.25,1
7182.5,0
7183.75,1
7184.25,0
7185.25,1
7188.25,0
7188.5,1
7192.5,0
7193.25,1
7193.5,0
7256.0,1
7256.25,0
7257.5,1
7258.25,0
7258.5,1
7258.75,0
7259.25,1
7259.5,0
7259.75,1
7260.5,0
7260.75,1
7262.25,0
7263.0,1
7263.5,0
7263.75,1
7264.5,0
7265.0,1
7265.25,0
7277.75,1
7278.0,0
7281.0,1
7282.75,0
7283.0,1
7285.5,0
7286.5,1
7287.25,0
7287.5,1
7288.25,0
7288.5,1
7289.25,0
7292.75,1
7293.0,0
7303.25,1
7303.5,0
7303.75,1
7304.0,0
7304.75,1
7305.0,0
7305.5,1
7306.75,0
7307.0,1
7308.0,0
7308.25,1
7310.75,0
7311.5,1
7311.75,0
7312.0,1
7312.25,0
7312.5,1
7312.75,0
7316.25,1
7316.5,0
7328.5,1
7329.25,0
7329.75,1
7330.5,0
7330.75,1
7332.0,0
7332.5,1
7332.75,0
7333.0,1
7333.75,0
7334.0,1
7334.75,0
7335.0,1
7335.25,0
7335.5,1
7336.5,0
7336.75,1
7337.0,0
7351.25,1
7351.5,0
7352.75,1
7353.25,0
7353.5,1
7354.75,0
7355.0,1
7355.5,0
7355.75,1
7356.0,0
7356.5,1
7358.25,0
7358.5,1
7359.75,0
7360.5,1
7361.25,0
7366.0,1
7366.25,0
7423.75,1
7424.0,0
7425.0,1
7425.25,0
7425.5,1
7427.0,0
7427.25,1
7429.25,0
7429.5,1
7431.5,0
7432.0,1
7432.5,0
7432.75,1
7433.25,0
7436.75,1
7437.0,0
7446.75,1
7447.0,0
7448.25,1
7448.5,0
7448.75,1
7449.0,0
7449.25,1
7449.5,0
7450.0,1
7450.5,0
7450.75,1
7451.75,0
7452.0,1
7452.25,0
7452.5,1
7453.25,0
7453.75,1
7454.25,0
7454.5,1
7455.75,0
7456.0,1
7456.25,0
7456.75,1
7457.5,0
7470.25,1
7470.5,0
7471.5,1
7471.75,0
7472.75,1
7473.25,0
7473.5,1
7474.5,0
7474.75,1
7475.5,0
7475.75,1
7476.5,0
7476.75,1
7477.0,0
7477.25,1
7478.5,0
7478.75,1
7479.75,0
7480.0,1
7480.75,0
7481.0,1
7481.25,0
7493.75,1
7494.0,0
7497.0,1
7497.25,0
7497.5,1
7499.0,0
7499.25,1
7500.5,0
7501.0,1
7502.75,0
7503.25,1
7505.25,0
7519.0,1
7519.25,0
7519.5,1
7520.0,0
7521.5,1
7521.75,0
7522.25,1
7523.25,0
7523.5,1
7524.0,0
7524.5,1
7524.75,0
7525.0,1
7525.5,0
7525.75,1
7526.0,0
7526.25,1
7527.25,0
7527.5,1
7528.25,0
7528.5,1
7529.0,0
7529.25,1
7529.5,0
7590.25,1
7590.5,0
7591.5,1
7592.0,0
7592.5,1
7594.0,0
7594.5,1
7595.0,0
7595.25,1
7595.5,0
7595.75,1
7596.25,0
7596.5,1
7597.0,0
7597.5,1
7598.25,0
7599.0,1
7599.75,0
7600.0,1
7600.5,0
7600.75,1
7601.0,0
7604.25,1
7604.5,0
7614.25,1
7614.5,0
7615.0,1
7615.25,0
7616.25,1
7616.75,0
7617.25,1
7618.0,0
7618.25,1
7619.5,0
7619.75,1
7620.0,0
7620.25,1
7621.25,0
7621.75,1
7623.75,0
7624.0,1
7624.75,0
7628.75,1
7629.0,0
7632.75,1
7633.0,0
7641.0,1
7642.0,0
7642.25,1
7644.0,0
7644.5,1
7646.0,0
7646.25,1
7646.75,0
7647.0,1
7648.75,0
7661.75,1
7662.0,0
7664.75,1
7665.0,0
7665.5,1
7668.0,0
7668.25,1
7668.5,0
7669.0,1
7670.25,0
7670.5,1
7671.25,0
7671.75,1
7672.75,0
7673.0,1
7673.25,0
7676.0,1
7676.25,0
7678.25,1
7678.5,0
7687.75,1
7688.0,0
7689.25,1
7689.75,0
7690.0,1
7692.75,0
7693.25,1
7693.5,0
7693.75,1
7696.25,0
7696.5,1
7697.0,0
7697.5,1
7697.75,0
7758.75,1
7759.0,0
7760.75,1
7761.25,0
7761.75,1
7762.75,0
7763.0,1
7764.25,0
7764.5,1
7765.0,0
7765.5,1
7767.0,0
7767.25,1
7767.75,0
7768.0,1
7768.5,0
7768.75,1
7769.0,0
7783.75,1
7784.0,0
7784.5,1
7785.0,0
7785.25,1
7785.5,0
7785.75,1
7786.75,0
7787.0,1
7788.0,0
7788.25,1
7788.5,0
7788.75,1
7789.25,0
7789.5,1
7789.75,0
7790.0,1
7790.25,0
7790.5,1
7792.5,0
7794.0,1
7794.25,0
7806.75,1
7807.5,0
7808.75,1
7810.25,0
7810.5,1
7811.75,0
7812.0,1
7813.0,0
7813.25,1
7815.0,0
7815.25,1
7817.25,0
7831.75,1
7832.25,0
7832.75,1
7833.25,0
7833.5,1
7835.25,0
7835.5,1
7836.25,0
7836.75,1
7840.25,0
7840.5,1
7840.75,0
7846.0,1
7846.25,0
7926.75,1
7927.0,0
7929.0,1
7929.25,0
7929.75,1
7931.25,0
7931.5,1
7933.0,0
7933.25,1
7934.0,0
7934.25,1
7934.5,0
7934.75,1
7935.25,0
7935.75,1
7936.0,0
7936.25,1
7936.5,0
7937.0,1
7937.25,0
7940.75,1
7941.0,0
7952.75,1
7953.0,0
7953.25,1
7953.5,0
7953.75,1
7955.75,0
7956.0,1
7956.25,0
7956.75,1
7957.5,0
7957.75,1
7961.0,0
7961.25,1
7961.75,0
7976.75,1
7979.75,0
7980.25,1
7980.5,0
7980.75,1
7981.75,0
7982.0,1
7982.75,0
7983.0,1
7984.75,0
7985.0,1
7985.25,0
7988.75,1
7989.0,0
8000.5,1
8000.75,0
8001.25,1
8002.25,0
8002.5,1
8004.0,0
8004.25,1
8005.25,0
8005.5,1
8006.25,0
8006.5,1
8009.75,0
8024.5,1
8024.75,0
8025.25,1
8027.25,0
8028.0,1
8028.25,0
8028.5,1
8029.0,0
8029.25,1
8029.5,0
8029.75,1
8030.75,0
8031.0,1
8032.0,0
8032.25,1
8032.5,0
8032.75,1
8033.25,0
8094.0,1
8094.25,0
8097.25,1
8097.5,0
8098.0,1
8103.0,0
8103.75,1
8104.25,0
8104.75,1
8105.0,0
8120.75,1
8122.25,0
8122.5,1
8123.0,0
8123.5,1
8124.75,0
8125.0,1
8125.25,0
8125.5,1
8125.75,0
8126.0,1
8126.25,0
8126.5,1
8126.75,0
8127.0,1
8129.25,0
8142.25,1
8142.5,0
8145.0,1
8145.25,0
8145.5,1
8146.5,0
8146.75,1
8149.0,0
8149.5,1
8149.75,0
8150.0,1
8150.25,0
8150.5,1
8150.75,0
8151.0,1
8151.5,0
8152.0,1
8153.0,0
8153.25,1
8153.75,0
8165.75,1
8166.0,0
8166.5,1
8166.75,0
8167.25,1
8167.5,0
8168.75,1
8169.25,0
8169.75,1
8172.75,0
8173.25,1
8174.25,0
8174.5,1
8175.25,0
8175.5,1
8176.75,0
8177.0,1
8177.25,0
8177.5,1
8177.75,0
8181.0,1
8181.25,0
8192.25,1
8192.5,0
8193.25,1
8194.0,0
8194.25,1
8194.75,0
8195.25,1
8195.5,0
8195.75,1
8196.0,0
8196.5,1
8196.75,0
8197.0,1
8198.25,0
8198.5,1
8198.75,0
8199.0,1
8201.25,0
8204.5,1
8204.75,0
8206.5,1
8206.75,0
8257.25,1
8257.5,0
8259.25,1
8259.5,0
8262.0,1
8262.25,0
8263.25,1
8263.5,0
8264.5,1
8264.75,0
8265.25,1
8266.75,0
8267.0,1
8267.75,0
8268.25,1
8268.5,0
8268.75,1
8271.0,0
8271.25,1
8273.25,0
8276.75,1
8277.0,0
8287.25,1
8287.5,0
8289.0,1
8292.5,0
8292.75,1
8293.25,0
8293.75,1
8296.0,0
8296.25,1
8297.0,0
8309.75,1
8310.0,0
8310.75,1
8311.0,0
8312.75,1
8315.25,0
8315.5,1
8316.0,0
8316.5,1
8317.0,0
8317.25,1
8317.5,0
8317.75,1
8318.75,0
8319.0,1
8320.75,0
8336.0,1
8336.25,0
8337.5,1
8343.5,0
8343.75,1
8344.0,0
8344.25,1
8344.75,0
8359.75,1
8360.0,0
8361.0,1
8361.5,0
8361.75,1
8362.0,0
8362.25,1
8364.5,0
8364.75,1
8365.75,0
8366.0,1
8368.25,0
8368.5,1
8369.5,0
8373.25,1
8373.5,0
8433.25,1
8434.5,0
8434.75,1
8436.75,0
8437.0,1
8437.25,0
8437.75,1
8438.5,0
8438.75,1
8439.25,0
8439.5,1
8439.75,0
8440.25,1
8441.25,0
8446.25,1
8446.5,0
8454.25,1
8454.5,0
8457.0,1
8457.75,0
8458.0,1
8458.5,0
8458.75,1
8459.75,0
8460.5,1
8460.75,0
8461.5,1
8462.75,0
8463.0,1
8463.5,0
8463.75,1
8464.0,0
8464.25,1
8464.75,0
8465.25,1
8465.5,0
8480.75,1
8483.25,0
8483.5,1
8485.0,0
8485.25,1
8485.5,0
8486.0,1
8486.5,0
8486.75,1
8487.25,0
8487.5,1
8489.0,0
8489.5,1
8489.75,0
8504.25,1
8504.75,0
8505.0,1
8505.5,0
8505.75,1
8507.5,0
8507.75,1
8509.25,0
8509.5,1
8510.75,0
8511.0,1
8512.25,0
8512.75,1
8513.0,0
8517.75,1
8518.0,0
8526.25,1
8526.5,0
8526.75,1
8527.0,0
8527.5,1
8527.75,0
8529.5,1
8530.75,0
8531.25,1
8531.5,0
8531.75,1
8532.5,0
8532.75,1
8534.0,0
8534.25,1
8534.5,0
8534.75,1
8535.0,0
8535.25,1
8536.25,0
8536.5,1
8536.75,0
8622.5,1
8622.75,0
8625.0,1
8625.25,0
8625.5,1
8625.75,0
8626.0,1
8628.0,0
8628.25,1
8628.75,0
8629.75,1
8630.25,0
8630.75,1
8633.0,0
8646.75,1
8647.0,0
8648.75,1
8649.0,0
8649.25,1
8649.75,0
8650.0,1
8650.25,0
8650.5,1
8652.75,0
8653.25,1
8654.5,0
8654.75,1
8655.0,0
8655.25,1
8655.75,0
8656.0,1
8656.25,0
8656.5,1
8656.75,0
8657.0,1
8657.5,0
8660.5,1
8660.75,0
8669.75,1
8670.0,0
8671.75,1
8672.0,0
8673.25,1
8673.5,0
8673.75,1
8677.75,0
8678.0,1
8678.25,0
8678.5,1
8679.5,0
8680.0,1
8680.75,0
8681.0,1
8681.25,0
8694.5,1
8694.75,0
8695.25,1
8696.0,0
8697.0,1
8697.25,0
8697.5,1
8698.0,0
8698.25,1
8698.5,0
8698.75,1
8699.75,0
8700.0,1
8700.25,0
8700.5,1
8702.0,0
8702.25,1
8703.5,0
8703.75,1
8705.0,0
